Car 0.88 3 -0.69 0.0 192.37 402.31 374.0 1.6 1.57 3.23 -2.7 1.74 3.68 -1.29 0.3170476236714205
Car 0.0 1 2.04 334.85 178.94 624.5 372.04 1.57 1.5 3.68 -1.17 1.65 7.86 1.9 0.6582244641539079
Car 0.34 3 -1.84 937.29 197.39 1241.0 374.0 1.39 1.44 3.08 3.81 1.64 6.15 -1.31 0.1939192006085707
Car 0.0 1 -1.33 597.59 176.18 720.9 261.14 1.47 1.6 3.66 1.07 1.55 14.44 -1.25 0.33511008403103604
Car 0.0 0 1.74 741.18 168.83 792.25 208.43 1.7 1.63 4.08 7.24 1.55 33.2 1.95 0.912946863352138
Car 0.0 0 -1.65 884.52 178.31 956.41 240.18 1.59 1.59 2.47 8.48 1.75 19.96 -1.25 0.03868714680729579
Car -1.0 -1 -10.0 800.38 163.67 825.45 184.07 -1.0 -1.0 -1.0 -1000.0 -1000.0 -1000.0 -10.0 0.3509009907505617
Car -1.0 -1 -10.0 859.58 172.34 886.26 194.51 -1.0 -1.0 -1.0 -1000.0 -1000.0 -1000.0 -10.0 0.19747538858491576
Car -1.0 -1 -10.0 801.81 163.96 825.2 183.59 -1.0 -1.0 -1.0 -1000.0 -1000.0 -1000.0 -10.0 0.35149385693297486
Car -1.0 -1 -10.0 826.87 162.28 845.84 178.86 -1.0 -1.0 -1.0 -1000.0 -1000.0 -1000.0 -10.0 0.8933092717303883
