Car 0.89 0 2.29 0.0 194.7 414.71 373.0 1.57 1.67 4.14 -2.75 1.7 4.1 1.72 0.4405103190032911
Pedestrian 0.0 1 0.71 1021.76 133.28 1101.39 316.63 1.81 1.06 0.73 4.75 1.33 7.59 1.25 0.575053961299173
Pedestrian 0.0 0 -1.58 672.23 171.73 690.13 224.33 1.73 0.84 0.86 2.46 1.41 24.14 -1.48 0.9058110683113253
Pedestrian 0.0 0 -1.59 692.68 169.14 712.48 224.03 1.81 0.9 0.95 3.3 1.4 24.22 -1.46 0.9781907926969181
Pedestrian 0.0 0 -1.46 537.84 168.08 560.9 224.34 1.78 0.92 1.01 -1.79 1.36 23.3 -1.54 0.7021599086404714
Car -1.0 -1 -10.0 916.14 175.59 973.32 253.55 -1.0 -1.0 -1.0 -1000.0 -1000.0 -1000.0 -10.0 0.3311796639279778
Car -1.0 -1 -10.0 628.8 173.19 653.95 196.66 -1.0 -1.0 -1.0 -1000.0 -1000.0 -1000.0 -10.0 0.8210583474315187
Car -1.0 -1 -10.0 610.47 175.76 625.72 205.87 -1.0 -1.0 -1.0 -1000.0 -1000.0 -1000.0 -10.0 0.4655339517767203
Car -1.0 -1 -10.0 766.54 168.32 841.38 261.86 -1.0 -1.0 -1.0 -1000.0 -1000.0 -1000.0 -10.0 0.7226960074944936
Car -1.0 -1 -10.0 464.22 177.67 508.93 230.69 -1.0 -1.0 -1.0 -1000.0 -1000.0 -1000.0 -10.0 0.8319782761871816
