Car 0.0 0 -1.58 587.01 173.33 614.12 200.12 1.65 1.67 3.64 -0.65 1.71 46.7 -1.59 0.3228376684703608
Car 0.0 0 -1.4 425.44 176.21 529.23 259.84 1.61 1.51 4.5 -2.88 1.71 16.31 -1.57 0.978234252736852
Car 0.0 1 1.95 234.86 185.44 320.32 231.58 1.61 1.72 3.65 -12.69 2.12 27.71 1.53 0.2972191249361662
Cyclist 0.0 0 -2.46 665.45 160.0 717.93 217.99 1.72 0.47 1.65 2.45 1.35 22.1 -2.35 0.1727372737325561
Pedestrian 0.0 2 0.21 423.17 173.67 433.17 224.03 1.6 0.38 0.3 -5.87 1.63 23.11 -0.03 0.9030145055963934
Car -1.0 -1 -10.0 140.81 178.15 165.85 222.98 -1.0 -1.0 -1.0 -1000.0 -1000.0 -1000.0 -10.0 0.8113556850245931
Car -1.0 -1 -10.0 22.06 187.52 36.69 215.69 -1.0 -1.0 -1.0 -1000.0 -1000.0 -1000.0 -10.0 0.35966223123871166
Car -1.0 -1 -10.0 342.9 171.9 359.61 196.94 -1.0 -1.0 -1.0 -1000.0 -1000.0 -1000.0 -10.0 0.9400621699710042
Car -1.0 -1 -10.0 407.48 182.31 440.86 207.35 -1.0 -1.0 -1.0 -1000.0 -1000.0 -1000.0 -10.0 0.05365115652299457
Car -1.0 -1 -10.0 528.31 171.9 571.06 190.69 -1.0 -1.0 -1.0 -1000.0 -1000.0 -1000.0 -10.0 0.44924419728349463
Car -1.0 -1 -10.0 650.19 175.02 668.98 210.48 -1.0 -1.0 -1.0 -1000.0 -1000.0 -1000.0 -10.0 0.23624179553802616
