Pedestrian 0.0 0 -1.58 659.64 160.9 687.89 236.97 1.73 0.84 0.86 1.54 1.26 16.82 -1.49 0.7423032262798684
Pedestrian 0.0 0 -1.66 680.59 157.38 711.83 236.18 1.81 0.9 0.95 2.15 1.26 17.03 -1.55 0.7426527345223314
Pedestrian 0.0 0 -1.42 453.2 159.81 482.53 241.31 1.78 0.92 1.01 -3.22 1.31 16.26 -1.61 0.36728328454903403
Cyclist 0.0 0 1.73 600.22 162.56 622.05 206.65 1.81 0.65 1.7 0.42 1.03 30.42 1.73 0.36783981625293105
Car -1.0 -1 -10.0 859.02 192.2 919.9 290.15 -1.0 -1.0 -1.0 -1000.0 -1000.0 -1000.0 -10.0 0.6380704244710802
Car -1.0 -1 -10.0 526.56 165.2 593.09 206.79 -1.0 -1.0 -1.0 -1000.0 -1000.0 -1000.0 -10.0 0.4428295338910505
Car -1.0 -1 -10.0 712.52 161.05 742.69 205.76 -1.0 -1.0 -1.0 -1000.0 -1000.0 -1000.0 -10.0 0.4726013050159251
Car -1.0 -1 -10.0 1003.4 219.23 1157.19 372.0 -1.0 -1.0 -1.0 -1000.0 -1000.0 -1000.0 -10.0 0.9685761518111045
Car -1.0 -1 -10.0 15.43 185.98 167.15 278.48 -1.0 -1.0 -1.0 -1000.0 -1000.0 -1000.0 -10.0 0.5931556598586301
Car -1.0 -1 -10.0 376.96 169.36 405.05 220.3 -1.0 -1.0 -1.0 -1000.0 -1000.0 -1000.0 -10.0 0.8699839163497415
