Pedestrian 0.28 0 2.39 90.64 186.57 329.47 373.0 1.51 1.01 0.97 -2.63 1.56 4.83 1.9 0.9570443978805647
Pedestrian 0.0 0 -1.35 964.98 157.64 1023.92 289.42 1.59 0.66 0.65 4.82 1.3 9.12 -0.88 0.5560068563869554
Pedestrian 0.0 2 0.66 236.84 169.82 288.56 339.57 1.66 0.65 0.72 -3.58 1.55 7.41 0.22 0.9279406372549762
Cyclist 0.0 0 1.68 413.06 169.47 489.86 291.05 1.67 0.93 1.69 -2.24 1.51 10.79 1.47 0.39927867436787
Pedestrian 0.0 1 -1.9 811.24 152.52 841.74 249.83 1.75 0.82 1.14 4.05 1.23 13.53 -1.61 0.8412195611817063
Pedestrian 0.0 0 -1.53 583.85 164.01 608.02 237.87 1.77 0.94 0.93 -0.26 1.35 17.75 -1.55 0.26146331177891335
Pedestrian 0.0 0 2.63 524.52 165.79 549.51 230.67 1.73 0.67 0.83 -1.94 1.31 19.66 2.53 0.7329832593956264
Pedestrian 0.0 0 1.66 560.09 165.43 577.09 224.39 1.82 0.8 0.86 -1.22 1.32 22.65 1.6 0.30261232930318216
Pedestrian 0.0 2 1.43 708.67 157.73 729.27 222.05 1.88 0.78 1.03 3.36 1.19 21.58 1.58 0.7866246341442669
Car -1.0 -1 -10.0 614.86 162.09 693.85 210.96 -1.0 -1.0 -1.0 -1000.0 -1000.0 -1000.0 -10.0 0.5494496408238606
