Car 0.0 0 -0.46 787.95 180.39 1089.82 304.56 1.55 1.57 3.51 4.44 1.68 10.14 -0.06 0.457787684751088
Car 0.16 1 -2.62 0.0 185.53 277.59 293.52 1.52 1.57 4.01 -7.65 1.75 11.35 3.08 0.8650112730849203
Car 0.0 2 -0.4 739.41 184.28 969.84 278.48 1.48 1.63 3.43 4.13 1.7 12.62 -0.09 0.3339373305383273
Car 0.0 2 -2.79 66.66 176.24 291.52 264.62 1.54 1.69 3.34 -8.19 1.62 13.92 2.96 0.550528870248958
Car 0.0 2 -2.86 110.15 170.05 328.1 253.25 1.7 1.62 4.01 -8.66 1.67 16.22 2.94 0.2240914893447623
Car 0.0 2 0.29 202.62 166.48 363.01 245.21 1.91 1.51 3.49 -8.43 1.77 18.72 -0.13 0.10638720333660756
Car 0.0 2 -3.0 242.3 169.32 366.22 224.23 1.78 1.65 3.75 -10.52 1.69 24.99 2.88 0.919694932731071
Car 0.0 0 -1.83 453.46 178.57 492.92 204.2 1.66 1.66 3.98 -9.39 2.07 49.19 -2.02 0.829213318069447
Car -1.0 -1 -10.0 1108.2 190.2 1169.52 221.86 -1.0 -1.0 -1.0 -1000.0 -1000.0 -1000.0 -10.0 0.2632042095513092
Car -1.0 -1 -10.0 388.78 177.5 401.22 189.66 -1.0 -1.0 -1.0 -1000.0 -1000.0 -1000.0 -10.0 0.9742611445705286
Car -1.0 -1 -10.0 431.17 178.54 453.42 192.4 -1.0 -1.0 -1.0 -1000.0 -1000.0 -1000.0 -10.0 0.20484824164587545
