Car 0.0 0 1.99 172.04 196.99 368.69 305.28 1.53 1.68 3.86 -5.83 2.01 12.84 1.57 0.374166966796429
Car 0.0 1 1.91 315.76 194.22 431.74 261.09 1.42 1.55 3.85 -5.85 2.0 18.2 1.6 0.4045514698686268
Car 0.0 2 1.81 388.79 190.96 463.73 241.62 1.43 1.48 3.71 -5.85 2.04 23.18 1.56 0.23834923154773713
Car 0.0 2 1.76 431.93 188.51 493.07 227.55 1.4 1.65 4.02 -5.89 2.06 29.06 1.57 0.14907984893860682
Car 0.0 0 2.8 812.47 153.8 946.53 204.35 1.64 1.59 3.99 9.15 1.04 24.78 -3.14 0.2321853995407971
Car 0.0 2 2.8 808.37 152.59 897.84 200.21 1.72 1.68 2.78 9.13 1.0 27.32 3.12 0.21668861436066722
Car 0.0 2 2.84 778.81 158.49 875.14 201.26 1.67 1.67 3.43 8.84 1.13 29.68 3.12 0.7778379031917801
Car 0.83 0 -0.75 1208.77 127.08 1241.0 174.01 1.53 1.85 4.27 22.86 0.01 24.06 0.0 0.6749511648145384
Car 0.45 3 -0.69 1149.25 128.05 1241.0 175.39 1.67 1.85 4.49 22.95 0.06 26.79 0.01 0.5828324906933267
Car 0.16 3 -0.67 1107.9 134.41 1241.0 174.34 1.53 1.85 4.94 23.54 0.03 29.63 -0.0 0.7683745815740517
Car 0.0 2 -0.65 1074.51 138.99 1215.83 176.62 1.57 1.85 4.92 23.71 0.14 32.12 -0.01 0.14886280958607867
Car 0.0 1 1.76 475.02 186.83 522.05 217.73 1.43 1.61 4.13 -5.62 2.16 36.63 1.6 0.3483999111302467
Car 0.0 2 -1.68 666.77 175.46 714.92 212.61 1.47 1.6 3.87 3.36 1.6 30.83 -1.57 0.9344287026403614
Car -1.0 -1 -10.0 608.91 175.31 625.19 189.61 -1.0 -1.0 -1.0 -1000.0 -1000.0 -1000.0 -10.0 0.020733573802078964
Car -1.0 -1 -10.0 528.24 182.2 566.2 199.87 -1.0 -1.0 -1.0 -1000.0 -1000.0 -1000.0 -10.0 0.43503888782112765
Car -1.0 -1 -10.0 638.28 178.7 661.11 197.62 -1.0 -1.0 -1.0 -1000.0 -1000.0 -1000.0 -10.0 0.5583048548248285
Car -1.0 -1 -10.0 747.06 170.85 811.68 194.85 -1.0 -1.0 -1.0 -1000.0 -1000.0 -1000.0 -10.0 0.6524351961865761
