Car 0.17 0 -1.96 784.78 177.12 1124.16 374.0 1.62 1.48 3.36 2.76 1.68 6.69 -1.59 0.2844745006366195
Car 0.88 0 0.89 0.0 193.2 137.39 374.0 1.55 1.7 4.09 -6.19 1.74 5.46 0.07 0.4600567469530863
Car 0.4 3 0.63 0.0 179.47 272.67 340.49 1.59 1.63 3.75 -6.07 1.69 8.05 -0.0 0.33388060594111824
Car 0.05 3 -2.59 0.0 159.41 290.35 307.83 1.95 1.67 3.35 -6.73 1.79 10.45 3.14 0.7403029702450451
Car 0.0 2 -2.68 111.86 185.74 342.81 272.27 1.42 1.55 3.35 -6.84 1.68 13.05 3.12 0.14554985485112915
Car 0.0 2 0.36 247.71 186.65 435.61 257.37 1.43 1.49 3.56 -5.84 1.76 15.82 0.01 0.8462629827598933
Car 0.0 2 0.31 302.97 181.41 468.47 247.11 1.53 1.6 3.62 -5.56 1.77 18.03 0.02 0.1631397117718819
Car 0.0 2 0.34 335.68 179.85 462.74 241.6 1.66 1.57 3.11 -5.98 1.88 20.52 0.06 0.4002335051346503
Car 0.0 2 0.3 338.33 174.43 490.76 230.08 1.66 1.71 4.34 -6.15 1.74 22.84 0.04 0.19937486955337158
Car 0.0 2 -2.98 394.53 177.75 500.3 219.37 1.51 1.66 3.73 -6.22 1.72 27.74 3.09 0.19751828746060562
Car 0.0 2 0.16 436.13 170.1 526.6 212.16 2.08 1.8 4.37 -6.63 1.97 37.37 -0.02 0.7288993427769731
Cyclist 0.0 0 1.59 573.93 177.54 582.06 198.5 1.59 0.58 1.69 -2.49 1.96 55.85 1.55 0.1824741255553488
Car 0.0 0 -1.69 677.68 184.0 746.78 238.59 1.38 1.49 3.38 2.77 1.71 20.39 -1.56 0.3848872239782809
Car 0.0 2 -0.18 731.11 171.91 853.44 221.79 1.67 1.6 3.94 6.33 1.67 25.51 0.06 0.8845329496156462
Car 0.0 2 -0.17 684.67 172.21 757.34 204.76 1.77 1.69 3.82 6.23 1.76 40.91 -0.02 0.6072904873104636
Car 0.0 0 -1.66 633.13 179.03 659.07 198.79 1.41 1.56 4.08 2.66 1.89 54.32 -1.61 0.023636957472201292
Car -1.0 -1 -10.0 523.17 180.76 555.66 195.57 -1.0 -1.0 -1.0 -1000.0 -1000.0 -1000.0 -10.0 0.21477760841328863
Car -1.0 -1 -10.0 600.97 177.04 609.14 183.48 -1.0 -1.0 -1.0 -1000.0 -1000.0 -1000.0 -10.0 0.03962031586094039
Car -1.0 -1 -10.0 541.85 175.02 595.02 188.6 -1.0 -1.0 -1.0 -1000.0 -1000.0 -1000.0 -10.0 0.44100271302450944
Car -1.0 -1 -10.0 611.65 169.81 645.02 190.69 -1.0 -1.0 -1.0 -1000.0 -1000.0 -1000.0 -10.0 0.0973392019091871
