Car 0.81 0 -2.08 812.76 184.44 1241.0 374.0 1.46 1.56 4.11 2.54 1.55 4.31 -1.58 0.8322575464352537
Car 0.0 1 -1.85 733.06 182.54 934.34 317.95 1.45 1.49 3.79 2.73 1.6 9.79 -1.58 0.8385251088201211
Car 0.0 2 -1.75 683.98 178.38 792.24 258.45 1.5 1.53 4.13 2.6 1.64 15.74 -1.59 0.4593919427088833
Car 0.0 0 -1.44 470.09 178.3 539.83 233.3 1.58 1.65 3.91 -3.28 1.77 22.89 -1.58 0.4711101990119434
Car 0.0 2 -1.67 671.73 179.32 733.51 228.42 1.47 1.57 4.09 2.94 1.69 23.86 -1.55 0.25499402880688493
Car 0.0 2 -1.64 650.51 179.32 692.59 214.58 1.45 1.58 3.53 2.63 1.75 31.83 -1.56 0.3546345946836006
Car 0.0 2 -1.62 634.97 177.56 666.89 203.78 1.46 1.67 4.4 2.36 1.76 42.96 -1.56 0.39870296588452625
Car 0.0 2 -1.64 627.47 154.29 664.8 198.6 2.87 2.13 5.8 2.41 1.7 49.9 -1.59 0.45561871625734485
Car -1.0 -1 -10.0 579.44 175.79 595.04 188.1 -1.0 -1.0 -1.0 -1000.0 -1000.0 -1000.0 -10.0 0.311811551579639
Car -1.0 -1 -10.0 557.36 176.74 575.12 190.17 -1.0 -1.0 -1.0 -1000.0 -1000.0 -1000.0 -10.0 0.9308940877973187
