Car 0.0 0 -1.33 333.28 177.65 489.6 277.55 1.5 1.78 3.69 -3.29 1.46 12.65 -1.57 0.7059721829163784
Cyclist 0.0 1 -0.32 1084.56 129.65 1195.82 213.78 1.74 0.6 1.79 11.42 0.7 15.18 0.32 0.23103861763449707
Cyclist 0.0 1 -0.5 993.86 137.83 1070.27 203.41 1.86 0.63 1.82 12.42 0.65 20.63 0.04 0.43116395138695296
Pedestrian 0.0 0 0.14 562.59 158.2 594.85 225.88 1.83 0.69 1.03 -0.77 1.23 19.57 0.1 0.6116690683063436
Cyclist 0.0 1 -0.55 790.12 154.43 834.52 194.72 1.72 0.6 1.79 9.01 0.6 30.76 -0.27 0.29351494592229543
Pedestrian 0.0 2 0.26 402.59 157.37 427.24 234.07 1.8 0.61 1.04 -4.61 1.26 17.02 0.0 0.023206134789876653
Cyclist 0.0 0 -1.41 858.79 151.31 887.58 197.13 1.72 0.78 1.71 10.44 0.62 27.53 -1.05 0.45698068395063185
Pedestrian 0.0 1 0.65 196.36 177.31 229.19 234.95 1.72 0.55 0.93 -11.93 1.63 21.48 0.15 0.6610567858472038
Pedestrian 0.0 0 0.64 189.12 181.0 219.25 236.74 1.62 0.48 0.96 -11.93 1.64 20.91 0.13 0.23230585299706974
Cyclist 0.0 1 -0.19 283.29 168.34 364.92 241.44 1.7 0.64 1.74 -6.87 1.41 17.25 -0.57 0.6810520532736136
Pedestrian 0.0 0 -2.72 241.89 176.88 270.18 234.71 1.6 0.54 0.84 -9.82 1.51 20.03 3.12 0.05854375622236252
Pedestrian 0.0 0 -3.01 210.6 172.77 242.54 244.3 1.8 0.54 1.03 -9.7 1.61 18.32 2.8 0.7538799021093344
Pedestrian 0.0 1 -2.78 334.47 162.73 354.71 234.29 1.95 0.56 0.82 -7.16 1.47 19.63 -3.13 0.7865701136916083
Car 0.43 1 -0.71 1137.36 137.54 1223.0 177.88 1.55 1.81 4.39 24.4 -0.13 28.6 -0.01 0.16976731361715136
Car 0.0 1 -0.58 1028.25 151.61 1157.03 185.9 1.28 1.7 3.95 19.45 0.18 28.33 0.02 0.09174922318008394
Car -1.0 -1 -10.0 623.97 162.02 652.39 174.14 -1.0 -1.0 -1.0 -1000.0 -1000.0 -1000.0 -10.0 0.8801408949820388
Car -1.0 -1 -10.0 473.26 166.51 498.98 191.2 -1.0 -1.0 -1.0 -1000.0 -1000.0 -1000.0 -10.0 0.13682537495819014
