Car 0.0 1 1.83 367.12 194.76 448.12 247.49 1.42 1.54 3.5 -6.21 2.14 22.33 1.56 0.8111168132293575
Car 0.0 1 -1.68 662.42 175.11 723.54 221.0 1.51 1.75 3.78 2.87 1.62 25.96 -1.57 0.18371438409064222
Car 0.0 1 1.8 417.0 191.29 481.28 231.62 1.36 1.51 4.02 -6.13 2.11 27.72 1.58 0.15167671964705454
Car 0.0 1 1.74 464.11 181.39 511.04 218.54 1.74 1.65 4.11 -6.11 2.18 36.24 1.57 0.3685955520535008
Car 0.0 2 1.73 484.19 181.83 522.63 210.66 1.61 1.64 4.0 -6.31 2.16 42.91 1.58 0.49969847923330335
Car 0.0 0 0.9 1056.26 131.32 1168.98 181.52 2.3 2.02 4.73 24.62 0.42 35.62 1.5 0.07715110510403678
Car 0.1 3 -0.91 0.0 208.77 101.67 248.9 1.4 1.6 3.97 -23.5 2.99 30.17 -1.57 0.5940472375570043
Car 0.0 1 -0.95 36.81 203.44 157.31 247.33 1.49 1.7 4.51 -20.82 2.83 29.49 -1.56 0.7629561532412412
Car -1.0 -1 -10.0 566.37 176.17 584.57 189.64 -1.0 -1.0 -1.0 -1000.0 -1000.0 -1000.0 -10.0 0.4034677675400832
Car -1.0 -1 -10.0 627.38 174.4 644.32 189.29 -1.0 -1.0 -1.0 -1000.0 -1000.0 -1000.0 -10.0 0.7320406085726723
Car -1.0 -1 -10.0 598.29 174.29 608.77 184.14 -1.0 -1.0 -1.0 -1000.0 -1000.0 -1000.0 -10.0 0.7466058549918037
Car -1.0 -1 -10.0 536.44 180.78 552.94 195.73 -1.0 -1.0 -1.0 -1000.0 -1000.0 -1000.0 -10.0 0.759931187170581
Car -1.0 -1 -10.0 1188.7 140.65 1239.97 179.23 -1.0 -1.0 -1.0 -1000.0 -1000.0 -1000.0 -10.0 0.2544690460873268
Car -1.0 -1 -10.0 718.94 156.27 820.02 176.1 -1.0 -1.0 -1.0 -1000.0 -1000.0 -1000.0 -10.0 0.031189588991375916
Car -1.0 -1 -10.0 860.6 159.4 886.68 179.23 -1.0 -1.0 -1.0 -1000.0 -1000.0 -1000.0 -10.0 0.9732112825661786
