Car 0.0 1 2.75 815.24 147.24 902.6 176.63 1.52 1.76 4.1 13.79 -0.24 38.53 3.09 0.4158342393719814
Car 0.0 0 -1.51 543.56 164.41 570.58 185.56 1.5 1.78 3.69 -3.52 0.34 52.74 -1.58 0.6755860703503935
Cyclist 0.0 0 0.0 589.19 164.25 611.48 185.88 1.74 0.6 1.79 -0.36 0.43 57.89 -0.0 0.7898839685419081
Pedestrian 0.0 0 3.12 613.47 162.6 621.8 184.53 1.8 0.68 1.44 0.99 0.32 58.96 3.14 0.5461487466111354
Pedestrian 0.0 0 0.25 473.86 167.59 484.19 191.5 1.92 0.57 1.32 -10.3 0.88 57.47 0.07 0.9492274299636391
Car -1.0 -1 -10.0 775.43 156.24 816.57 172.71 -1.0 -1.0 -1.0 -1000.0 -1000.0 -1000.0 -10.0 0.899347434764707
Car -1.0 -1 -10.0 417.76 171.65 441.43 200.46 -1.0 -1.0 -1.0 -1000.0 -1000.0 -1000.0 -10.0 0.020099762903847962
Car -1.0 -1 -10.0 54.96 183.99 122.82 207.66 -1.0 -1.0 -1.0 -1000.0 -1000.0 -1000.0 -10.0 0.057396019639632034
Car -1.0 -1 -10.0 502.04 167.54 520.57 188.12 -1.0 -1.0 -1.0 -1000.0 -1000.0 -1000.0 -10.0 0.3852178668549773
Car -1.0 -1 -10.0 525.68 166.51 538.04 179.9 -1.0 -1.0 -1.0 -1000.0 -1000.0 -1000.0 -10.0 0.4575904725317401
