Car 0.0 0 -1.78 748.38 163.3 893.8 265.27 1.77 1.77 5.1 4.15 1.64 15.19 -1.52 0.5753787676581832
Car 0.71 1 2.22 0.0 208.68 267.12 374.0 1.39 1.55 3.65 -4.59 1.77 6.02 1.59 0.21748900387003156
Car 0.0 1 1.99 170.35 187.87 405.54 313.74 1.46 1.63 3.92 -4.5 1.72 10.67 1.6 0.17804998612641543
Car 0.0 0 1.73 526.48 173.25 570.3 203.47 1.47 1.66 3.76 -3.16 1.51 37.26 1.65 0.33632584754200145
Car 0.0 2 -1.71 724.84 176.54 802.29 229.29 1.41 1.66 3.86 4.4 1.53 21.35 -1.51 0.9491698239093752
Car 0.0 2 -1.73 709.33 170.79 767.58 216.55 1.59 1.59 3.34 4.7 1.54 26.99 -1.56 0.06351425425730794
Car 0.0 2 -1.67 702.15 170.78 747.12 206.15 1.47 1.6 3.7 5.03 1.41 32.2 -1.51 0.1929178567132569
Car 0.0 0 1.7 591.95 170.23 614.45 187.15 1.45 1.6 3.2 -0.6 1.25 64.3 1.69 0.45191814705812006
Car -1.0 -1 -10.0 618.33 167.8 648.86 177.87 -1.0 -1.0 -1.0 -1000.0 -1000.0 -1000.0 -10.0 0.2735142483432904
Car -1.0 -1 -10.0 659.56 165.65 671.06 180.28 -1.0 -1.0 -1.0 -1000.0 -1000.0 -1000.0 -10.0 0.4378074353202115
Car -1.0 -1 -10.0 682.48 167.73 712.73 193.81 -1.0 -1.0 -1.0 -1000.0 -1000.0 -1000.0 -10.0 0.8644786361312682
