Car 0.35 0 -1.22 45.07 196.83 447.49 374.0 1.5 1.55 4.21 -2.67 1.77 6.37 -1.6 0.28681569895946624
Car 0.26 0 -1.93 751.85 155.9 1136.5 374.0 1.82 1.65 3.67 2.41 1.74 6.35 -1.58 0.21513987260808798
Car 0.0 2 -1.8 711.29 186.05 878.68 307.07 1.52 1.51 4.28 2.66 1.76 11.53 -1.58 0.9865749492534599
Car 0.0 1 -1.42 415.23 209.18 501.04 265.89 1.0 1.43 2.52 -3.22 1.83 15.46 -1.63 0.019845310865763466
Car 0.0 1 1.72 453.56 185.34 532.94 243.89 1.42 1.57 4.1 -3.18 1.79 20.12 1.56 0.30018359994521004
Car 0.0 2 -1.78 662.72 183.71 773.72 256.63 1.43 1.64 4.14 2.29 1.7 16.6 -1.64 0.40502989212548346
Car 0.0 0 1.62 533.48 179.04 563.54 204.53 1.38 1.53 3.58 -3.51 1.74 41.26 1.53 0.5627391149458255
Car 0.0 0 -1.62 628.63 176.51 657.81 200.82 1.49 1.65 4.06 2.09 1.75 46.82 -1.58 0.6363382520952046
Car -1.0 -1 -10.0 585.83 174.68 594.59 182.12 -1.0 -1.0 -1.0 -1000.0 -1000.0 -1000.0 -10.0 0.5804776737875538
Car -1.0 -1 -10.0 605.17 173.05 621.69 188.34 -1.0 -1.0 -1.0 -1000.0 -1000.0 -1000.0 -10.0 0.1852203562283855
Car -1.0 -1 -10.0 558.52 171.9 585.64 197.98 -1.0 -1.0 -1.0 -1000.0 -1000.0 -1000.0 -10.0 0.40240813921292595
