Car 0.92 0 -2.31 898.57 204.17 1241.0 374.0 1.41 1.51 3.45 2.97 1.63 3.61 -1.66 0.5155526902900575
Car 0.71 0 -2.34 0.0 194.94 173.76 374.0 1.48 1.59 3.64 -6.34 1.72 6.62 -3.09 0.09669270176567213
Car 0.29 3 -2.49 0.0 190.11 272.28 321.86 1.48 1.56 3.78 -6.57 1.73 9.13 -3.1 0.9200012957258937
Car 0.0 2 0.64 57.52 179.13 336.82 290.23 1.63 1.52 3.74 -6.58 1.75 11.58 0.13 0.3430476048194292
Car 0.0 0 -1.81 695.93 181.94 842.89 274.72 1.42 1.63 4.15 2.7 1.6 13.35 -1.61 0.937587793854612
Car 0.0 1 0.39 265.84 185.52 463.96 251.86 1.47 1.65 4.15 -5.8 1.79 17.2 0.07 0.9911172592662575
Car 0.0 1 -1.75 670.19 180.05 740.59 224.94 1.35 1.58 4.05 3.05 1.61 24.1 -1.63 0.6743831446443166
Car 0.0 2 -2.87 303.15 179.89 452.37 239.78 1.53 1.5 3.61 -6.32 1.75 19.75 3.11 0.6955354910919783
Car 0.0 2 -2.86 342.73 170.1 462.33 228.38 1.7 1.61 3.21 -6.37 1.64 22.23 -3.14 0.27571533487885036
Car 0.0 1 -1.67 646.57 170.98 682.43 201.9 1.76 1.71 4.35 3.22 1.68 43.63 -1.6 0.22591028254019052
Car -1.0 -1 -10.0 495.09 170.54 560.93 196.95 -1.0 -1.0 -1.0 -1000.0 -1000.0 -1000.0 -10.0 0.18255939108385222
Car -1.0 -1 -10.0 560.4 170.2 605.74 180.71 -1.0 -1.0 -1.0 -1000.0 -1000.0 -1000.0 -10.0 0.6353306140686903
Car -1.0 -1 -10.0 610.85 167.85 632.58 175.89 -1.0 -1.0 -1.0 -1000.0 -1000.0 -1000.0 -10.0 0.1144031399477865
Car -1.0 -1 -10.0 628.31 171.9 655.43 188.61 -1.0 -1.0 -1.0 -1000.0 -1000.0 -1000.0 -10.0 0.34919518387870974
