Pedestrian 0.0 0 1.4 715.72 177.57 727.18 210.3 1.74 0.75 0.64 5.95 2.0 38.94 1.55 0.21570026588798097
Car 0.0 0 2.18 57.04 188.23 127.7 229.15 1.54 0.85 2.84 -20.92 2.18 29.2 1.56 0.710229490180172
Car 0.0 0 2.03 190.15 187.39 288.84 234.38 1.6 1.78 3.86 -13.92 2.17 27.3 1.56 0.0378190945590986
Car 0.0 1 2.08 152.24 186.83 248.19 230.88 1.65 1.77 3.85 -16.83 2.25 29.78 1.57 0.5920156032314379
Car 0.0 0 1.87 382.8 183.82 426.35 208.22 1.58 1.82 3.87 -14.12 2.35 49.73 1.59 0.5454323661007122
Car -1.0 -1 -10.0 663.73 175.02 678.36 197.98 -1.0 -1.0 -1.0 -1000.0 -1000.0 -1000.0 -10.0 0.01998484663759914
Car -1.0 -1 -10.0 733.52 175.02 850.23 194.85 -1.0 -1.0 -1.0 -1000.0 -1000.0 -1000.0 -10.0 0.8173140814549475
Car -1.0 -1 -10.0 809.56 187.52 971.06 237.56 -1.0 -1.0 -1.0 -1000.0 -1000.0 -1000.0 -10.0 0.6990947947450756
Car -1.0 -1 -10.0 690.81 178.15 705.43 201.11 -1.0 -1.0 -1.0 -1000.0 -1000.0 -1000.0 -10.0 0.7913026523217691
Car -1.0 -1 -10.0 586.65 178.15 609.61 188.61 -1.0 -1.0 -1.0 -1000.0 -1000.0 -1000.0 -10.0 0.5941013412559678
