Car 0.29 0 2.1 0.0 190.37 304.26 374.0 1.62 1.66 3.81 -5.01 1.85 7.91 1.55 0.08765909700665264
Cyclist 0.0 0 1.78 438.62 169.53 483.92 251.52 1.85 0.63 2.07 -3.59 1.79 17.37 1.58 0.7644610692447074
Cyclist 0.0 0 1.68 476.79 173.45 512.34 248.46 1.76 0.66 1.83 -2.88 1.78 17.88 1.52 0.3293707586803918
Car 0.0 1 1.79 398.78 183.47 483.03 233.35 1.46 1.67 4.92 -5.56 1.84 24.17 1.57 0.6587210446340465
Cyclist 0.0 0 1.69 519.22 173.38 539.59 215.15 1.78 0.66 1.9 -3.57 1.81 31.79 1.58 0.6603084721650991
Car 0.0 1 1.78 499.07 180.78 543.49 206.27 1.42 1.73 4.41 -5.26 1.91 43.09 1.66 0.6352925748079905
Car 0.0 1 -1.56 640.08 176.33 671.39 202.04 1.51 1.84 4.1 2.84 1.75 44.88 -1.5 0.6186469375273023
Car 0.75 0 -2.08 820.04 172.8 1241.0 374.0 1.61 1.67 3.62 2.62 1.62 4.42 -1.57 0.534337507522179
Car -1.0 -1 -10.0 617.38 170.11 636.09 184.61 -1.0 -1.0 -1.0 -1000.0 -1000.0 -1000.0 -10.0 0.11088648229234843
Car -1.0 -1 -10.0 702.27 163.56 718.98 208.39 -1.0 -1.0 -1.0 -1000.0 -1000.0 -1000.0 -10.0 0.20805852964070182
Car -1.0 -1 -10.0 678.31 167.73 697.1 187.56 -1.0 -1.0 -1.0 -1000.0 -1000.0 -1000.0 -10.0 0.5061602565910648
