Car 0.0 0 -1.64 639.56 184.91 673.91 211.49 1.41 1.65 4.28 2.63 2.14 41.75 -1.58 0.9426628654260397
Car 0.0 2 0.11 441.36 172.76 539.87 212.34 1.99 1.8 4.96 -6.29 2.02 38.24 -0.05 0.27963045699207933
Car 0.0 2 0.31 380.88 187.77 500.81 231.78 1.5 1.46 3.95 -6.1 2.07 26.05 0.08 0.487916295104337
Car 0.0 2 0.24 357.17 184.91 480.64 235.1 1.53 1.64 3.6 -6.22 1.95 23.6 -0.01 0.9693168786953622
Car 0.0 2 -2.8 215.93 190.62 415.34 261.33 1.41 1.63 3.75 -6.44 1.84 15.96 3.1 0.5134259593004137
Car 0.02 3 -2.66 0.0 194.28 332.43 303.55 1.47 1.53 4.21 -6.73 1.84 11.11 3.09 0.9246886878043088
Car 0.03 0 -1.91 723.32 176.8 1026.99 374.0 1.64 1.62 4.2 2.48 1.71 8.03 -1.63 0.621747042179743
Car 0.8 0 2.13 0.0 216.97 387.72 374.0 1.35 1.47 3.43 -2.68 1.71 4.31 1.59 0.9876971331308991
Car 0.0 2 -1.62 624.2 171.27 660.11 203.26 2.4 2.5 6.54 2.49 2.33 57.96 -1.58 0.37533167416981217
Car -1.0 -1 -10.0 602.82 179.26 618.51 192.1 -1.0 -1.0 -1.0 -1000.0 -1000.0 -1000.0 -10.0 0.7213904149652837
Car -1.0 -1 -10.0 546.83 178.71 580.25 195.64 -1.0 -1.0 -1.0 -1000.0 -1000.0 -1000.0 -10.0 0.47670198124195995
