Car 1.0 0 -2.75 1112.43 127.41 1241.0 374.0 1.78 1.59 4.33 2.89 1.61 0.88 -1.57 0.35018748562754665
Car 0.45 1 1.08 805.19 175.71 1241.0 374.0 1.53 1.57 3.87 2.89 1.57 5.71 1.53 0.3324075452201457
Car 0.0 0 -1.86 660.38 181.78 785.64 262.88 1.45 1.61 3.34 2.15 1.64 14.83 -1.72 0.7901360839732124
Cyclist 0.0 0 1.72 413.01 176.77 447.42 249.44 1.76 0.57 1.83 -4.61 1.86 18.42 1.48 0.29395600621508367
Car 0.0 0 -1.41 315.1 192.02 414.65 257.48 1.34 1.69 3.6 -5.87 1.85 17.52 -1.73 0.8275287222254814
Car 0.0 1 -1.81 609.11 170.02 691.23 231.7 1.69 1.59 3.77 1.08 1.64 21.88 -1.76 0.5428908531941907
Car 0.0 0 -1.71 560.14 180.73 607.61 214.73 1.49 1.71 3.58 -1.31 1.87 33.9 -1.75 0.3716480382418399
Car 0.0 2 -1.58 414.3 184.11 450.76 211.85 1.39 1.81 3.46 -9.6 2.01 38.84 -1.83 0.17215637309377274
Car 0.0 1 -1.7 537.0 179.7 570.04 205.31 1.47 1.55 3.37 -3.48 1.9 43.72 -1.78 0.7538693271730337
Pedestrian 0.0 1 1.61 406.54 173.86 417.9 201.26 1.8 0.68 0.72 -13.17 1.87 47.98 1.35 0.49411586418209363
Pedestrian 0.0 2 1.68 400.89 178.17 408.61 205.64 1.8 0.65 0.67 -13.69 2.16 47.83 1.41 0.3626307248935997
Cyclist 0.0 0 1.67 447.84 175.46 479.23 238.41 1.69 0.66 2.0 -4.18 1.78 20.5 1.47 0.9636521782718027
Car -1.0 -1 -10.0 492.9 175.02 520.02 194.85 -1.0 -1.0 -1.0 -1000.0 -1000.0 -1000.0 -10.0 0.5362035474594371
