Pedestrian 0.0 0 -2.96 270.3 161.04 290.49 207.77 1.86 0.57 1.08 -13.24 1.39 29.23 2.9 0.06061587424568082
Car 0.0 1 1.3 241.37 153.02 309.43 205.41 2.21 1.76 4.11 -15.19 1.4 32.57 0.87 0.9956698804281126
Car 0.0 1 -1.98 294.11 164.63 361.67 202.75 1.75 1.57 4.07 -13.78 1.4 35.05 -2.35 0.198968942548161
Car 0.0 0 -2.03 356.01 164.2 433.75 196.71 1.54 1.71 5.03 -11.01 1.17 36.58 -2.32 0.079449272295114
Car 0.0 1 0.91 531.01 156.38 602.56 195.41 2.14 1.77 4.44 -2.58 1.27 41.85 0.85 0.39804235802235033
Car 0.0 2 -2.26 569.48 163.4 622.76 189.38 1.53 1.41 3.4 -0.91 1.0 44.29 -2.28 0.4120018152083115
Car 0.0 1 -2.43 612.46 161.43 668.46 188.56 1.69 1.61 3.36 1.93 1.0 46.73 -2.39 0.30730157746370024
Car 0.0 1 -2.44 643.32 166.77 704.31 187.85 1.44 1.62 4.26 4.47 1.05 51.23 -2.35 0.7164796104136808
Car 0.0 1 -2.35 680.83 167.39 725.21 188.52 1.48 1.61 2.86 6.68 1.12 52.1 -2.23 0.9440422280075395
Car 0.0 1 -2.45 702.62 167.27 753.2 187.2 1.41 1.5 3.48 8.59 1.04 52.83 -2.29 0.9919284298778788
Car 0.0 1 0.74 724.71 165.4 782.98 185.94 1.48 1.48 4.41 10.72 0.97 54.12 0.93 0.7060934939892739
Car 0.0 3 0.49 765.08 157.17 824.93 185.21 2.17 1.89 4.27 14.91 0.98 58.29 0.74 0.8315822631642646
Car 0.0 2 0.45 792.27 163.66 845.05 182.62 1.5 1.67 3.84 17.27 0.79 59.83 0.73 0.22641029695686676
Car 0.0 2 0.48 814.49 163.63 860.21 180.89 1.41 1.57 3.36 19.39 0.67 61.62 0.79 0.5245741165169634
Car -1.0 -1 -10.0 134.56 153.15 501.27 183.4 -1.0 -1.0 -1.0 -1000.0 -1000.0 -1000.0 -10.0 0.2793323518246731
Car -1.0 -1 -10.0 847.06 158.35 949.18 184.43 -1.0 -1.0 -1.0 -1000.0 -1000.0 -1000.0 -10.0 0.07323890764574914
Car -1.0 -1 -10.0 1040.8 150.02 1239.99 169.85 -1.0 -1.0 -1.0 -1000.0 -1000.0 -1000.0 -10.0 0.9804040485224829
