Car 0.0 0 -1.96 748.25 180.42 1034.25 353.77 1.45 1.61 3.34 2.68 1.54 7.82 -1.64 0.7992911193078138
Cyclist 0.0 0 1.92 248.32 169.27 354.8 331.51 1.76 0.57 1.83 -3.73 1.73 8.75 1.53 0.12980557788653435
Car 0.0 1 -1.27 147.94 195.97 352.08 311.04 1.34 1.69 3.6 -5.23 1.74 10.91 -1.71 0.38761783568176567
Car 0.0 1 -1.86 646.71 163.55 777.49 258.96 1.69 1.59 3.77 1.9 1.55 14.83 -1.73 0.784212720672173
Car 0.0 2 1.81 264.17 184.68 398.12 263.55 1.47 1.74 4.41 -6.07 1.76 16.13 1.46 0.4371864129936309
Car 0.0 0 -1.71 581.33 175.14 640.65 218.71 1.49 1.71 3.58 -0.07 1.6 26.82 -1.71 0.43674254558796977
Car 0.0 1 -1.5 403.87 183.79 452.11 217.83 1.39 1.81 3.46 -8.04 1.89 31.98 -1.74 0.38147800867909987
Car 0.0 1 -1.67 557.84 175.64 594.88 206.2 1.47 1.55 3.37 -1.79 1.64 36.88 -1.72 0.13474427388224275
Pedestrian 0.0 1 1.61 406.88 170.82 419.54 203.43 1.8 0.68 0.72 -11.06 1.69 40.36 1.35 0.4515939547803628
Pedestrian 0.0 1 1.69 395.49 175.17 407.63 207.89 1.8 0.65 0.67 -11.63 1.94 40.19 1.41 0.5018734533102225
Cyclist 0.0 0 1.8 354.04 174.76 430.08 295.89 1.69 0.66 2.0 -3.36 1.73 11.14 1.51 0.6700364572189887
Car -1.0 -1 -10.0 523.53 167.2 540.11 188.8 -1.0 -1.0 -1.0 -1000.0 -1000.0 -1000.0 -10.0 0.4465450638287488
Car -1.0 -1 -10.0 451.52 175.21 482.34 191.77 -1.0 -1.0 -1.0 -1000.0 -1000.0 -1000.0 -10.0 0.35432492489188827
Car -1.0 -1 -10.0 487.69 172.94 518.98 189.65 -1.0 -1.0 -1.0 -1000.0 -1000.0 -1000.0 -10.0 0.20315116149544377
