Cyclist 0.0 3 -1.87 902.26 132.03 1022.05 299.65 1.9 0.77 1.93 4.36 1.45 9.18 -1.44 0.6045715037794815
Cyclist 0.0 3 -1.69 760.59 163.39 784.48 220.28 1.8 0.52 1.75 5.3 1.51 23.74 -1.48 0.4669816573025425
Pedestrian 0.0 2 -1.82 783.62 168.5 801.18 211.35 1.7 0.69 0.68 7.28 1.53 29.1 -1.58 0.1840229854223533
Pedestrian 0.0 0 -1.84 803.94 167.82 818.66 210.65 1.7 0.48 0.87 8.01 1.5 29.11 -1.58 0.4025078353369904
Car 0.0 2 -1.8 800.14 182.68 817.18 207.48 1.0 0.5 0.77 8.11 1.4 29.61 -1.54 0.46970141137792676
Cyclist 0.0 3 -1.67 720.38 170.9 731.76 201.34 1.64 0.44 1.56 6.35 1.54 39.66 -1.51 0.2267807052113947
Car -1.0 -1 -10.0 1036.1 167.63 1225.84 182.13 -1.0 -1.0 -1.0 -1000.0 -1000.0 -1000.0 -10.0 0.5501959102740884
Car -1.0 -1 -10.0 1152.9 200.09 1239.96 225.15 -1.0 -1.0 -1.0 -1000.0 -1000.0 -1000.0 -10.0 0.22671729224398018
Car -1.0 -1 -10.0 654.35 166.69 780.43 181.31 -1.0 -1.0 -1.0 -1000.0 -1000.0 -1000.0 -10.0 0.9853915614648858
Car -1.0 -1 -10.0 840.81 172.94 916.89 200.06 -1.0 -1.0 -1.0 -1000.0 -1000.0 -1000.0 -10.0 0.719738607556655
Car -1.0 -1 -10.0 587.69 175.02 633.57 183.4 -1.0 -1.0 -1.0 -1000.0 -1000.0 -1000.0 -10.0 0.7102601867061366
Car -1.0 -1 -10.0 482.48 176.06 505.44 187.56 -1.0 -1.0 -1.0 -1000.0 -1000.0 -1000.0 -10.0 0.9363548141434329
