Car 0.0 0 -1.84 686.55 185.67 795.16 256.9 1.41 1.51 3.45 2.81 1.72 16.41 -1.68 0.5381101606846551
Car 0.67 0 -2.43 0.0 194.0 170.36 358.84 1.48 1.62 3.63 -6.9 1.74 7.43 3.12 0.14215937221644515
Car 0.0 1 -2.65 83.8 191.17 370.06 285.66 1.44 1.64 4.01 -6.41 1.78 12.27 -3.12 0.28513062083865726
Car 0.0 2 -2.77 224.52 190.75 413.86 257.73 1.43 1.6 3.78 -6.75 1.88 16.9 3.14 0.599687158839273
Car 0.0 2 -2.78 285.14 186.73 443.22 246.81 1.48 1.59 3.64 -6.49 1.88 19.16 -3.1 0.598404457474436
Car 0.0 1 -1.73 645.4 182.47 708.98 225.99 1.42 1.63 4.15 2.31 1.78 26.14 -1.64 0.5787475834638544
Car 0.0 2 0.21 406.42 185.53 515.89 223.49 1.47 1.65 4.15 -6.1 2.02 29.71 0.01 0.7053596662860343
Car 0.0 2 -2.96 428.17 175.37 501.76 212.31 1.7 1.61 3.21 -6.95 1.84 34.63 3.13 0.7144384123833406
Car 0.0 1 -1.63 628.8 175.58 654.21 199.23 1.76 1.71 4.35 2.41 2.0 56.36 -1.59 0.446660355069023
Car -1.0 -1 -10.0 520.31 171.14 625.69 204.23 -1.0 -1.0 -1.0 -1000.0 -1000.0 -1000.0 -10.0 0.8448413773474353
