Car 0.49 3 -2.46 0.0 198.95 259.41 349.93 1.49 1.59 4.44 -6.65 1.83 8.22 -3.13 0.5359826390522742
Car 0.0 2 -2.59 25.48 192.11 361.15 303.68 1.48 1.63 4.1 -6.1 1.81 10.75 -3.1 0.7565910756391037
Car 0.0 2 0.52 98.5 194.11 375.17 276.94 1.39 1.6 4.35 -6.84 1.82 13.38 0.06 0.484105892897462
Car 0.0 2 0.45 232.08 183.45 405.87 257.15 1.52 1.48 3.23 -6.4 1.78 15.93 0.07 0.3584537874254565
Car 0.0 0 -1.78 694.73 180.25 827.33 269.28 1.41 1.56 4.08 2.63 1.56 13.64 -1.59 0.32820567197461825
Car 0.0 2 0.34 380.79 179.88 498.29 225.41 1.52 1.64 3.65 -5.96 1.78 25.26 0.11 0.18564241074463217
Car 0.0 1 -1.65 661.78 173.37 709.12 212.04 1.43 1.58 3.37 2.91 1.48 28.66 -1.55 0.7022545248327009
Car 0.0 2 -2.97 408.91 180.24 508.06 213.66 1.41 1.53 4.11 -6.72 1.76 32.13 3.11 0.9106746685173185
Car 0.0 2 -1.6 636.2 161.66 657.03 185.33 2.33 1.96 6.11 3.75 1.26 74.81 -1.55 0.8204686783640835
Car -1.0 -1 -10.0 507.33 171.56 570.39 195.2 -1.0 -1.0 -1.0 -1000.0 -1000.0 -1000.0 -10.0 0.7510543850309739
Car -1.0 -1 -10.0 561.68 165.35 619.05 180.08 -1.0 -1.0 -1.0 -1000.0 -1000.0 -1000.0 -10.0 0.37646056237576087
Car -1.0 -1 -10.0 625.19 169.81 640.86 180.27 -1.0 -1.0 -1.0 -1000.0 -1000.0 -1000.0 -10.0 0.6397720532600345
