Car 0.82 0 -0.99 0.0 193.02 354.35 369.0 1.5 1.78 3.69 -3.21 1.64 4.56 -1.57 0.8371412262683137
Pedestrian 0.0 0 -0.1 743.45 148.2 810.11 271.45 1.83 0.69 1.03 2.51 1.36 10.9 0.12 0.46254095432217335
Cyclist 0.21 1 -0.8 1171.5 136.49 1223.0 187.95 1.72 0.6 1.79 20.38 0.24 24.09 -0.1 0.809423060554341
Pedestrian 0.0 2 0.21 418.77 156.32 504.9 285.15 1.75 0.57 1.07 -2.04 1.43 9.97 0.02 0.3242827514702986
Pedestrian 0.0 0 0.2 429.58 147.53 495.58 294.57 1.8 0.61 1.04 -1.8 1.4 9.02 0.01 0.8589419585541582
Cyclist 0.0 2 -1.55 967.23 147.27 1000.75 211.93 1.72 0.78 1.71 10.59 0.83 19.78 -1.06 0.5046594990589094
Pedestrian 0.0 2 0.75 100.51 175.68 123.01 269.38 1.72 0.55 0.93 -9.21 1.64 13.33 0.16 0.7341159160543522
Pedestrian 0.0 2 0.74 80.49 181.86 116.16 272.96 1.62 0.48 0.96 -9.31 1.65 12.9 0.12 0.2556201216862384
Cyclist 0.0 2 -0.14 425.2 162.05 540.25 273.36 1.7 0.64 1.74 -2.01 1.42 11.43 -0.3 0.3752562227027595
Pedestrian 0.5 3 -2.33 0.0 166.38 38.42 283.86 1.95 0.56 0.82 -10.32 1.72 12.05 -3.03 0.08199177678421055
Car 0.89 3 -0.74 1199.35 151.65 1223.0 195.91 1.28 1.7 3.95 19.84 0.42 20.4 0.02 0.03340151711481221
Car 0.0 2 1.64 452.52 168.47 485.07 192.21 1.45 1.75 4.23 -8.77 0.7 45.82 1.46 0.25293851408183643
Car -1.0 -1 -10.0 627.45 165.31 658.27 173.1 -1.0 -1.0 -1.0 -1000.0 -1000.0 -1000.0 -10.0 0.008860107740771839
