Car 0.0 1 2.64 885.76 146.58 1008.93 186.77 1.52 1.76 4.1 13.68 0.21 28.41 3.08 0.4999529294116122
Car 0.0 0 -1.5 524.9 173.82 559.59 200.39 1.5 1.78 3.69 -3.71 1.12 42.37 -1.58 0.6470400380820345
Cyclist 0.0 0 -0.06 627.13 171.95 654.71 198.36 1.74 0.6 1.79 2.42 1.18 47.48 -0.01 0.9238615712113579
Cyclist 0.0 0 -0.09 574.86 172.28 601.55 199.1 1.86 0.63 1.82 -1.18 1.29 50.02 -0.11 0.5016193414078481
Pedestrian 0.0 1 -3.02 575.59 172.75 590.83 199.4 1.8 0.68 1.44 -1.28 1.28 48.53 -3.05 0.885323976774855
Pedestrian 0.0 1 0.28 455.65 174.92 470.37 204.12 1.92 0.57 1.32 -9.38 1.56 47.06 0.09 0.7849257400838734
Car -1.0 -1 -10.0 808.57 164.77 853.05 180.31 -1.0 -1.0 -1.0 -1000.0 -1000.0 -1000.0 -10.0 0.8127213885590227
Car -1.0 -1 -10.0 391.04 179.88 415.73 215.88 -1.0 -1.0 -1.0 -1000.0 -1000.0 -1000.0 -10.0 0.20695977601686244
Car -1.0 -1 -10.0 713.76 166.51 732.29 186.07 -1.0 -1.0 -1.0 -1000.0 -1000.0 -1000.0 -10.0 0.7986088501483969
Car -1.0 -1 -10.0 860.74 159.32 903.93 178.88 -1.0 -1.0 -1.0 -1000.0 -1000.0 -1000.0 -10.0 0.4486663346467985
