Car 0.0 0 -1.31 230.68 177.46 487.51 349.05 1.47 1.6 4.41 -2.6 1.54 8.47 -1.6 0.6779363584312561
Car 0.34 0 -1.93 763.83 158.53 1241.0 374.0 1.63 1.69 3.88 2.38 1.58 5.61 -1.55 0.8017618985124417
Car 0.0 1 -1.32 393.96 184.55 542.19 278.98 1.46 1.68 4.1 -2.49 1.7 13.46 -1.5 0.5175995684924225
Car 0.0 0 -1.68 662.44 180.11 719.57 223.61 1.49 1.64 4.17 2.92 1.77 27.05 -1.58 0.29414859732462684
Car 0.0 2 -1.79 713.49 179.11 879.89 290.64 1.41 1.56 3.97 2.63 1.52 11.23 -1.57 0.03543710979629733
Pedestrian 0.0 2 -1.3 409.76 166.78 430.54 251.5 1.83 0.6 0.39 -4.26 1.71 15.85 -1.56 0.7774307606464143
Pedestrian 0.0 2 -1.33 426.31 169.41 437.95 239.1 1.81 0.34 0.32 -4.7 1.73 18.98 -1.57 0.2830337238361804
Car 0.0 0 -1.55 553.74 176.47 586.85 206.69 1.6 1.75 3.89 -2.21 1.82 40.55 -1.6 0.6765045116919474
Car 0.0 2 -1.67 648.61 177.76 686.28 208.79 1.59 1.64 4.03 3.06 1.87 39.39 -1.59 0.46952439870649065
Pedestrian 0.0 2 -1.34 429.1 170.43 444.47 241.5 1.78 0.4 0.43 -4.38 1.73 18.35 -1.57 0.5682236975518214
Car -1.0 -1 -10.0 623.1 176.06 648.14 192.77 -1.0 -1.0 -1.0 -1000.0 -1000.0 -1000.0 -10.0 0.9219041840113738
