Car 0.05 0 -1.92 760.92 175.17 1106.31 374.0 1.51 1.59 4.28 2.78 1.56 7.43 -1.58 0.9045488619876569
Car 0.75 0 0.79 0.0 204.1 95.82 332.11 1.5 1.52 3.65 -9.2 1.95 9.54 0.04 0.37120921142647656
Car 0.0 1 -1.78 710.76 170.47 841.04 267.61 1.56 1.57 3.78 2.91 1.55 13.6 -1.57 0.165836509586067
Car 0.0 0 1.83 299.47 192.19 445.76 284.47 1.47 1.71 3.85 -4.47 1.88 14.05 1.53 0.569231620337707
Car 0.0 1 1.78 397.5 176.83 489.93 248.55 1.73 1.65 3.7 -4.4 1.85 19.41 1.56 0.4507362250353427
Car 0.0 1 -1.7 670.6 174.13 742.17 229.83 1.54 1.66 3.79 2.82 1.6 22.06 -1.57 0.7523269782542412
Car 0.0 2 1.72 455.68 180.68 520.43 233.87 1.68 1.63 3.94 -4.18 1.96 25.06 1.56 0.6916981314050361
Car 0.0 2 -1.77 661.58 177.82 724.1 218.7 1.48 1.64 4.15 3.15 1.69 28.47 -1.66 0.15317364190274485
Car 0.0 1 -1.65 643.94 146.97 704.23 209.66 2.85 2.46 5.85 3.05 1.71 36.0 -1.57 0.6329012544151738
Car 0.0 1 -1.67 626.7 179.69 651.2 198.67 1.45 1.61 3.34 2.26 2.01 57.48 -1.63 0.30237856204558233
Car 0.0 0 -1.7 529.25 183.74 555.11 200.73 1.34 1.69 3.6 -5.7 2.26 60.12 -1.79 0.488979315410335
Car -1.0 -1 -10.0 555.54 174.86 609.73 195.04 -1.0 -1.0 -1.0 -1000.0 -1000.0 -1000.0 -10.0 0.231185164679231
