Car 0.0 0 -1.76 696.02 188.46 800.12 261.42 1.37 1.54 3.56 2.92 1.47 15.85 -1.59 0.42239277715323187
Car 0.86 0 -0.93 0.0 201.49 305.44 375.0 1.46 1.63 3.82 -3.61 1.63 4.58 -1.57 0.21589832619448368
Car 0.0 0 -1.31 370.04 182.11 490.39 266.25 1.57 1.61 3.42 -3.67 1.51 15.26 -1.54 0.9239480964512258
Car 0.0 0 -1.67 644.51 180.29 687.19 212.25 1.46 1.66 4.04 2.76 1.23 35.21 -1.59 0.13208592824125642
Car 0.0 1 -1.11 154.25 186.36 314.7 264.52 1.45 1.57 3.6 -7.89 1.49 15.51 -1.57 0.541789410336607
Car 0.0 1 -1.4 451.19 183.77 523.3 234.35 1.47 1.61 4.16 -3.86 1.44 23.46 -1.56 0.507315002469928
Car 0.0 2 -1.26 339.0 187.26 415.9 231.06 1.4 1.53 3.74 -8.18 1.5 25.73 -1.57 0.1266926083066674
Car 0.0 1 -1.34 405.21 184.42 456.04 216.26 1.41 1.52 3.8 -8.49 1.4 34.64 -1.58 0.5439688002584203
Car 0.0 2 -1.37 442.01 175.89 478.77 207.22 1.8 1.52 3.18 -8.8 1.25 43.06 -1.57 0.8886751751313416
Car 0.0 1 -1.48 521.37 182.53 551.7 204.87 1.36 1.61 3.76 -4.58 1.2 46.4 -1.58 0.250457765213983
Car 0.0 2 -1.41 469.98 175.72 505.66 202.07 1.88 1.86 5.13 -9.01 1.19 54.32 -1.58 0.12439124353994901
Car 0.0 0 -1.56 588.45 180.02 613.42 203.45 1.58 1.68 3.95 -0.48 1.22 50.83 -1.57 0.8993399451919714
Car 0.0 0 -1.59 620.97 181.16 636.45 196.72 1.44 1.41 3.41 1.99 1.06 69.05 -1.56 0.37452585157737817
Car -1.0 -1 -10.0 545.32 180.71 567.3 195.38 -1.0 -1.0 -1.0 -1000.0 -1000.0 -1000.0 -10.0 0.8970922474132729
Car -1.0 -1 -10.0 573.52 180.71 595.5 197.47 -1.0 -1.0 -1.0 -1000.0 -1000.0 -1000.0 -10.0 0.5306697594420795
