Car 0.96 0 -2.28 888.59 220.02 1241.0 374.0 1.35 1.58 4.05 2.91 1.7 3.38 -1.61 0.9993272261495341
Car 0.0 0 -1.73 659.74 174.77 737.6 237.05 1.76 1.71 4.35 2.65 1.85 22.78 -1.62 0.9761181171024207
Car 0.0 1 -2.72 248.74 184.15 423.42 251.5 1.52 1.58 3.61 -6.58 1.82 17.43 -3.08 0.36532819913098924
Car 0.0 2 0.28 276.87 183.57 461.62 243.88 1.52 1.71 4.49 -6.52 1.84 19.76 -0.03 0.8752395898386981
Car 0.0 2 0.22 388.39 173.86 510.32 224.45 1.95 1.64 4.57 -6.48 2.02 29.27 0.0 0.05201283059340345
Car 0.0 2 -1.65 646.35 182.83 689.23 218.42 1.54 1.67 3.72 2.61 2.02 33.67 -1.57 0.1332092111429768
Pedestrian 0.0 2 2.19 101.8 169.11 126.46 245.41 1.81 0.54 0.41 -11.91 1.73 17.36 1.6 0.659727381133701
Car 0.0 2 -2.74 227.39 214.96 365.43 293.31 1.13 0.52 1.9 -4.86 1.81 11.12 3.14 0.9345374157685007
Car 0.0 0 -1.1 163.18 208.47 284.69 326.88 1.19 0.55 1.65 -4.54 1.65 8.51 -1.57 0.5451713342215427
Car 0.0 2 -2.98 275.3 197.29 393.93 271.34 1.17 0.51 1.81 -4.66 1.6 12.18 2.95 0.9473836748096672
Car 0.0 2 -2.92 317.74 199.32 412.97 264.34 1.19 0.55 1.66 -4.75 1.72 13.93 3.04 0.8341004471812952
Car 0.0 2 -0.78 66.1 193.49 205.63 325.18 1.43 0.46 1.53 -5.77 1.7 8.81 -1.35 0.9653841329433793
Car 0.0 2 -2.52 782.26 214.33 1002.03 353.51 1.18 0.84 2.06 2.88 1.68 7.73 -2.18 0.5894441675444756
Car -1.0 -1 -10.0 510.4 176.61 567.73 198.3 -1.0 -1.0 -1.0 -1000.0 -1000.0 -1000.0 -10.0 0.07759469516690232
Car -1.0 -1 -10.0 568.96 172.82 604.78 185.58 -1.0 -1.0 -1.0 -1000.0 -1000.0 -1000.0 -10.0 0.8813232742010998
Car -1.0 -1 -10.0 618.34 179.04 646.41 200.73 -1.0 -1.0 -1.0 -1000.0 -1000.0 -1000.0 -10.0 0.7384875047078768
