Car 0.46 0 1.88 0.0 96.93 369.53 374.0 2.01 1.89 4.91 -3.55 1.62 6.43 1.39 0.21581780446289112
Car 0.0 0 -1.49 408.14 180.2 467.6 232.49 1.65 1.67 3.81 -5.91 1.91 24.96 -1.72 0.26727515706705185
Car 0.0 2 -1.73 612.33 179.35 678.37 233.96 1.52 1.51 3.1 0.97 1.73 21.96 -1.68 0.6590327613168377
Car 0.0 2 -1.7 588.02 180.18 643.47 225.1 1.53 1.58 3.53 0.11 1.81 26.63 -1.7 0.015145876698878236
Car 0.0 2 1.66 432.96 151.91 488.11 211.26 2.6 2.06 5.42 -7.08 1.71 34.57 1.46 0.9513185452756586
Car 0.0 1 -1.62 570.29 179.79 603.15 207.92 1.46 1.6 3.71 -1.35 1.85 39.74 -1.65 0.18218318480809403
Car 0.0 0 -1.67 544.78 172.37 570.12 195.23 1.97 1.82 4.41 -4.78 1.96 64.95 -1.74 0.16183066792161427
Car 0.0 0 -1.77 632.32 179.44 744.64 261.52 1.57 1.72 3.52 1.54 1.72 15.76 -1.67 0.9934938428848379
Car -1.0 -1 -10.0 488.73 177.1 521.06 187.56 -1.0 -1.0 -1.0 -1000.0 -1000.0 -1000.0 -10.0 0.6320951179332767
Car -1.0 -1 -10.0 530.4 177.1 550.23 188.6 -1.0 -1.0 -1.0 -1000.0 -1000.0 -1000.0 -10.0 0.06272453189875493
