Car 0.0 0 -1.92 792.08 191.36 1069.66 363.02 1.43 1.58 3.37 3.17 1.67 7.97 -1.56 0.34665287692908064
Car 0.0 0 -2.68 32.99 185.54 350.25 285.1 1.41 1.53 4.11 -6.5 1.64 11.44 3.1 0.5048390189372578
Car 0.0 1 -2.81 247.35 180.16 425.97 247.3 1.46 1.57 3.6 -6.36 1.65 16.93 3.12 0.2884521069777698
Car 0.0 2 0.28 295.85 180.98 472.61 241.34 1.48 1.54 4.19 -5.92 1.72 19.1 -0.02 0.6614607134369195
Car 0.0 2 -2.83 323.62 178.69 475.86 232.65 1.52 1.57 4.08 -6.25 1.71 21.57 -3.11 0.8957671575631526
Car 0.0 2 -1.81 734.41 177.49 878.59 283.02 1.62 1.61 3.55 3.31 1.72 12.94 -1.57 0.01597629703693182
Car 0.0 0 -1.74 679.74 183.29 737.71 224.72 1.39 1.51 3.4 3.51 1.79 26.44 -1.61 0.8392942570643764
Car 0.0 2 0.25 393.68 181.0 506.18 228.03 1.48 1.49 3.38 -5.32 1.77 24.02 0.04 0.47639192331770863
Car 0.0 2 0.22 416.89 173.69 513.59 222.36 1.7 1.57 3.19 -5.28 1.75 26.39 0.02 0.9242812556950042
Car 0.0 0 -1.62 645.33 164.11 676.49 197.37 2.33 1.96 6.11 3.74 1.76 54.13 -1.56 0.8507838592836315
Car 0.0 2 -3.01 495.79 177.31 560.64 199.28 1.46 1.61 4.31 -5.69 1.8 50.29 -3.12 0.8236976293132293
Car -1.0 -1 -10.0 547.34 165.08 589.95 186.36 -1.0 -1.0 -1.0 -1000.0 -1000.0 -1000.0 -10.0 0.18835929490802028
Car -1.0 -1 -10.0 614.01 174.26 633.94 181.84 -1.0 -1.0 -1.0 -1000.0 -1000.0 -1000.0 -10.0 0.0007907793943656705
Car -1.0 -1 -10.0 0.0 244.81 106.29 373.0 -1.0 -1.0 -1.0 -1000.0 -1000.0 -1000.0 -10.0 0.8661135830213934
Car -1.0 -1 -10.0 600.19 175.02 609.61 185.48 -1.0 -1.0 -1.0 -1000.0 -1000.0 -1000.0 -10.0 0.5653730796957523
