Car 0.96 0 -1.0 0.0 189.2 358.69 374.0 1.47 1.6 4.41 -2.71 1.58 3.46 -1.63 0.7391695321370494
Car 0.0 1 -1.22 202.44 187.74 489.44 360.05 1.46 1.68 4.1 -2.72 1.66 8.37 -1.53 0.9857058445007404
Car 0.0 0 -1.72 658.94 178.33 734.47 232.89 1.49 1.64 4.17 2.5 1.67 22.01 -1.61 0.22481188951693265
Car 0.25 0 -1.97 756.68 184.51 1183.5 374.0 1.41 1.56 3.97 2.46 1.53 6.18 -1.6 0.07132553332328584
Car 0.0 2 -1.34 350.21 186.59 496.65 281.86 1.44 1.65 4.25 -3.32 1.73 13.48 -1.58 0.5185173240254658
Pedestrian 0.0 2 -1.2 310.31 169.04 346.65 285.51 1.83 0.6 0.39 -4.57 1.78 11.58 -1.57 0.34632632639835725
Pedestrian 0.0 2 -1.25 356.71 171.27 375.91 262.18 1.81 0.34 0.32 -5.0 1.79 14.59 -1.57 0.28822813188454366
Car 0.0 0 -1.55 532.15 178.61 570.19 213.4 1.6 1.75 3.89 -2.88 1.9 35.51 -1.63 0.7648723422777887
Car 0.0 2 -1.69 640.97 178.24 686.49 214.17 1.59 1.64 4.03 2.46 1.86 34.32 -1.62 0.4671843086841484
Pedestrian 0.0 2 -1.26 358.58 173.8 381.52 267.13 1.78 0.4 0.43 -4.67 1.81 14.03 -1.57 0.2804280047046698
Car 0.0 2 -1.59 629.66 175.32 656.15 202.35 1.83 1.75 4.52 2.29 2.03 51.45 -1.55 0.3207855968885991
Car -1.0 -1 -10.0 563.73 181.27 591.9 202.15 -1.0 -1.0 -1.0 -1000.0 -1000.0 -1000.0 -10.0 0.8843702500725396
Car -1.0 -1 -10.0 609.56 178.15 635.64 193.82 -1.0 -1.0 -1.0 -1000.0 -1000.0 -1000.0 -10.0 0.16261847192933454
