Car 0.48 0 2.1 0.0 198.06 315.45 374.0 1.48 1.67 3.83 -4.45 1.78 6.9 1.55 0.5363707702706323
Car 0.0 1 -1.72 671.59 176.6 761.98 244.46 1.51 1.59 4.28 2.55 1.63 18.41 -1.59 0.19617944907083684
Car 0.0 2 0.46 204.87 180.64 357.39 236.47 1.5 1.52 3.65 -9.33 1.74 20.53 0.04 0.6690231692145686
Car 0.0 1 -1.83 740.84 180.92 907.08 293.77 1.43 1.51 3.33 3.01 1.56 10.94 -1.57 0.8951896114274711
Car 0.0 2 -1.68 663.28 176.97 722.17 226.75 1.56 1.57 3.78 2.72 1.72 24.74 -1.57 0.3445396779910467
Car 0.0 0 1.72 439.68 178.5 506.26 224.68 1.47 1.71 3.85 -4.72 1.68 25.14 1.53 0.18268233348666885
Car 0.0 2 1.71 471.92 169.79 523.92 213.5 1.73 1.65 3.7 -4.73 1.63 30.65 1.56 0.06769776072451017
Car 0.2 0 -1.97 792.64 191.19 1168.05 374.0 1.45 1.61 3.51 2.88 1.65 6.58 -1.57 0.40303263517165966
Car 0.0 2 1.68 501.64 173.59 542.48 209.17 1.68 1.63 3.94 -4.42 1.75 36.45 1.56 0.4939161309828102
Car 0.0 1 -1.63 631.74 151.77 674.91 198.34 2.85 2.46 5.85 2.75 1.59 47.46 -1.57 0.17946723027630695
Car 0.0 0 -1.7 534.35 176.46 556.33 190.61 1.34 1.69 3.6 -6.42 1.72 71.21 -1.79 0.03683889717975253
Car -1.0 -1 -10.0 557.48 169.81 603.36 192.77 -1.0 -1.0 -1.0 -1000.0 -1000.0 -1000.0 -10.0 0.026793888719812586
Car -1.0 -1 -10.0 611.65 171.9 633.57 188.61 -1.0 -1.0 -1.0 -1000.0 -1000.0 -1000.0 -10.0 0.037517522586554386
