Car 0.96 0 -2.33 933.46 184.83 1241.0 374.0 1.46 1.67 3.89 3.22 1.54 3.33 -1.61 0.8533476856567341
Car 0.0 0 1.9 317.05 189.17 432.98 261.68 1.56 1.63 3.62 -5.74 2.0 17.94 1.59 0.007686744034483217
Car 0.0 0 -1.85 727.81 177.41 893.29 287.55 1.51 1.6 3.54 3.03 1.6 11.79 -1.6 0.2998847957067119
Car 0.0 2 -1.85 695.21 177.9 797.53 249.66 1.53 1.5 3.34 3.11 1.67 17.28 -1.67 0.16599055032954146
Car 0.0 2 1.8 396.59 189.0 467.44 240.34 1.46 1.43 3.52 -5.64 2.0 23.04 1.56 0.1461086383697301
Pedestrian 0.0 2 -1.76 747.96 159.11 764.14 214.75 1.96 0.68 0.8 5.08 1.48 25.93 -1.57 0.6821730341408502
Pedestrian 0.0 2 -1.79 760.78 158.74 778.68 214.17 1.94 0.65 0.74 5.74 1.45 25.69 -1.57 0.030984352626771905
Car 0.0 2 -1.72 687.62 180.27 751.84 228.76 1.39 1.45 3.44 3.34 1.63 22.68 -1.58 0.5038692937893477
Car -1.0 -1 -10.0 0.0 189.83 223.79 245.71 -1.0 -1.0 -1.0 -1000.0 -1000.0 -1000.0 -10.0 0.4013337497044206
Car -1.0 -1 -10.0 847.06 160.44 911.68 197.98 -1.0 -1.0 -1.0 -1000.0 -1000.0 -1000.0 -10.0 0.025131045792974094
