Car 0.0 0 1.99 128.3 193.63 378.71 329.79 1.47 1.66 3.76 -4.72 1.8 10.11 1.57 0.7428468670657902
Car 0.75 1 -2.16 915.45 193.81 1241.0 374.0 1.47 1.6 3.7 3.72 1.67 5.16 -1.56 0.6159563342884048
Car 0.0 1 1.87 325.77 186.96 457.33 264.19 1.43 1.68 3.76 -4.63 1.76 15.71 1.58 0.39399289171663776
Car 0.0 1 -1.88 782.2 182.73 979.38 304.49 1.49 1.64 3.52 3.75 1.65 10.75 -1.56 0.8087099992876531
Car 0.0 2 1.84 400.88 184.88 498.38 239.16 1.38 1.68 4.34 -4.59 1.76 21.12 1.62 0.9369066579433701
Car 0.0 2 -1.79 724.05 177.24 844.27 255.98 1.5 1.64 4.14 3.64 1.61 15.96 -1.57 0.8790251765661208
Car 0.0 0 1.71 510.96 178.89 551.25 208.88 1.45 1.6 3.2 -4.03 1.77 36.95 1.6 0.48553729061841056
Car 0.0 2 -1.72 706.21 176.48 783.27 233.61 1.51 1.66 3.5 3.79 1.63 20.99 -1.54 0.08150518847580446
Car 0.0 2 -1.68 697.35 175.2 753.53 219.69 1.51 1.61 3.51 4.13 1.62 26.48 -1.53 0.4486290903320319
Car 0.0 2 -1.69 685.22 176.43 733.92 212.58 1.49 1.68 3.8 4.32 1.67 31.99 -1.55 0.3990525017552857
Car -1.0 -1 -10.0 569.0 171.05 631.33 188.08 -1.0 -1.0 -1.0 -1000.0 -1000.0 -1000.0 -10.0 0.7439885077240115
Car -1.0 -1 -10.0 654.35 169.81 683.56 191.73 -1.0 -1.0 -1.0 -1000.0 -1000.0 -1000.0 -10.0 0.7050283882821057
