Car 0.92 0 2.36 0.0 219.52 124.24 374.0 1.48 1.5 3.58 -5.71 1.94 5.48 1.58 0.22196432484068318
Car 0.0 0 1.17 778.02 179.39 1039.21 326.67 1.46 1.61 3.61 3.39 1.55 9.05 1.52 0.005682193948760461
Car 0.0 1 2.02 236.28 189.45 408.55 278.63 1.48 1.56 4.09 -5.61 1.85 14.55 1.65 0.6945010233151749
Car 0.0 1 -1.84 712.17 178.42 848.83 261.79 1.46 1.67 3.89 3.27 1.59 14.79 -1.63 0.8174944846834994
Car 0.0 1 1.77 440.52 177.48 499.12 218.69 1.56 1.63 3.62 -5.68 1.77 29.44 1.58 0.4662309703700488
Car 0.0 1 -1.76 672.89 174.42 744.46 225.55 1.51 1.6 3.54 3.07 1.58 23.33 -1.64 0.8626708471477285
Car 0.0 2 -1.78 663.39 174.1 718.81 215.12 1.53 1.5 3.34 3.16 1.6 28.92 -1.68 0.935785447102944
Car 0.0 2 1.72 471.97 178.16 513.17 210.58 1.46 1.43 3.52 -5.6 1.72 34.51 1.56 0.6356417028548094
Car -1.0 -1 -10.0 0.0 170.85 212.54 236.52 -1.0 -1.0 -1.0 -1000.0 -1000.0 -1000.0 -10.0 0.5016038907083672
Car -1.0 -1 -10.0 711.65 159.4 732.52 185.48 -1.0 -1.0 -1.0 -1000.0 -1000.0 -1000.0 -10.0 0.4661470137825279
Car -1.0 -1 -10.0 788.73 158.35 839.81 181.31 -1.0 -1.0 -1.0 -1000.0 -1000.0 -1000.0 -10.0 0.8644697193684504
