Car 0.0 1 2.58 921.87 144.95 1064.04 190.67 1.52 1.76 4.1 13.67 0.32 25.08 3.08 0.9238062459972805
Car 0.0 0 -1.49 517.29 174.3 555.46 203.27 1.5 1.78 3.69 -3.74 1.18 39.01 -1.58 0.8245055288567229
Cyclist 0.0 0 -0.06 644.07 168.98 673.87 197.46 1.74 0.6 1.79 3.36 1.04 44.04 0.01 0.9625023491356569
Cyclist 0.0 0 -0.08 587.27 166.78 615.71 195.41 1.86 0.63 1.82 -0.22 0.97 46.85 -0.08 0.8485927213213451
Cyclist 0.0 0 -1.25 382.52 177.75 407.19 212.8 1.7 0.64 1.74 -10.5 1.57 35.37 -1.53 0.7151667333200045
Pedestrian 0.0 1 -2.94 562.21 170.42 573.88 199.21 1.8 0.68 1.44 -2.03 1.17 44.91 -2.99 0.3584486036901302
Pedestrian 0.0 1 0.32 448.31 175.33 463.64 206.86 1.92 0.57 1.32 -8.91 1.61 43.57 0.12 0.3679898217724411
Car -1.0 -1 -10.0 815.82 165.03 870.24 179.07 -1.0 -1.0 -1.0 -1000.0 -1000.0 -1000.0 -10.0 0.53961206248273
Car -1.0 -1 -10.0 879.24 153.15 927.57 178.87 -1.0 -1.0 -1.0 -1000.0 -1000.0 -1000.0 -10.0 0.6168601638592371
Car -1.0 -1 -10.0 1156.7 137.74 1207.09 164.49 -1.0 -1.0 -1.0 -1000.0 -1000.0 -1000.0 -10.0 0.5834404209790413
