Car 1.0 0 2.5 0.0 235.99 152.78 374.0 1.39 1.6 3.8 -3.71 1.77 2.57 1.58 0.7930741876647718
Car 0.97 0 -2.32 959.99 200.24 1241.0 374.0 1.48 1.56 3.46 3.04 1.65 2.99 -1.57 0.41156549284260213
Car 0.0 0 -1.87 650.83 173.9 724.99 222.66 1.51 1.53 3.38 2.52 1.57 24.38 -1.77 0.11680261151474636
Car 0.0 0 -1.91 577.31 178.32 625.72 205.5 1.39 1.54 3.42 -0.53 1.7 39.06 -1.93 0.39255557582295786
Car 0.0 1 2.97 824.41 174.87 1000.6 245.19 1.53 1.54 3.54 6.86 1.6 16.77 -2.93 0.10133783322997458
Car 0.11 1 2.69 1033.93 174.11 1241.0 247.25 1.5 1.7 3.72 11.68 1.55 15.9 -2.96 0.09848531282024808
Car 0.0 1 2.48 535.8 174.25 586.63 195.83 1.56 1.39 3.73 -3.66 1.68 54.15 2.41 0.5778529615878667
Cyclist 0.0 0 1.43 465.03 175.99 483.17 211.02 1.65 0.64 1.51 -6.59 1.81 34.8 1.25 0.8540363207058002
Car 0.0 1 -0.81 618.17 171.81 672.48 194.76 1.56 1.67 3.78 2.5 1.5 50.88 -0.76 0.5306471709507237
Car -1.0 -1 -10.0 724.15 165.65 818.98 189.65 -1.0 -1.0 -1.0 -1000.0 -1000.0 -1000.0 -10.0 0.9574100666064824
