Car 0.0 0 -1.57 572.92 174.19 611.89 209.71 1.6 1.76 3.84 -0.77 1.1 34.65 -1.59 0.8659339740539306
Car 0.15 0 -1.05 0.0 193.32 336.11 375.0 1.43 1.64 3.99 -4.62 1.56 7.89 -1.56 0.8580856671321789
Car 0.0 2 -1.07 103.07 187.44 290.9 266.29 1.4 1.66 4.07 -8.51 1.47 15.29 -1.57 0.4442181912831098
Car 0.0 0 -1.32 359.34 187.11 467.84 252.58 1.35 1.57 3.72 -4.54 1.42 17.17 -1.57 0.5649937725732931
Car 0.0 1 -1.24 305.29 181.74 388.31 227.12 1.44 1.58 3.66 -9.02 1.34 25.05 -1.58 0.6429948039104746
Car 0.0 2 -1.37 417.33 179.31 487.71 225.8 1.49 1.64 3.95 -5.39 1.3 25.27 -1.58 0.11782301527748984
Car 0.0 0 -1.44 479.65 161.76 529.55 213.98 2.23 1.88 2.54 -4.6 1.22 32.18 -1.58 0.7217688932658574
Car 0.0 1 -1.46 491.27 158.16 540.3 207.39 2.38 1.98 4.65 -4.71 1.05 37.28 -1.58 0.8285534743736525
Car 0.0 1 -1.53 539.19 167.15 560.89 191.94 2.52 2.02 6.17 -6.09 0.66 76.61 -1.61 0.9486968766446582
Car 0.21 3 -0.95 0.0 180.41 161.24 261.69 1.6 1.66 3.82 -12.07 1.5 16.12 -1.58 0.12038732657485784
