Car 0.63 0 0.72 0.0 182.76 226.27 374.0 1.53 1.6 3.62 -5.66 1.64 6.34 0.01 0.3591610252994438
Car 0.18 3 0.64 0.0 176.07 280.25 328.5 1.66 1.57 3.11 -5.97 1.72 8.74 0.05 0.7829086967727797
Car 0.0 2 0.54 26.03 174.91 369.8 294.11 1.66 1.71 4.34 -6.2 1.72 11.07 0.04 0.12018999052664747
Car 0.0 2 -2.67 139.78 174.74 356.19 265.48 1.58 1.62 3.26 -6.76 1.64 13.61 -3.12 0.9039383370324069
Car 0.0 2 -2.83 224.9 183.45 422.68 258.0 1.51 1.66 3.73 -6.26 1.77 15.97 3.08 0.9007876846466731
Car 0.0 2 -2.76 247.92 179.84 441.07 245.16 1.56 1.57 4.37 -6.75 1.77 18.49 -3.11 0.702634414589483
Car 0.0 2 -2.94 332.6 170.94 468.36 226.16 1.65 1.68 3.88 -6.63 1.62 23.0 3.07 0.41824471313487155
Car 0.0 2 0.23 351.98 164.06 488.6 226.29 2.08 1.8 4.37 -6.67 1.81 25.55 -0.02 0.533801178701147
Cyclist 0.0 0 1.62 551.31 178.47 563.62 208.46 1.59 0.58 1.69 -2.88 1.9 39.29 1.54 0.5330985896384073
Car 0.0 0 -1.86 754.73 192.17 976.41 340.58 1.38 1.49 3.38 2.79 1.65 8.75 -1.56 0.1844417889223936
Car 0.0 2 -0.36 825.33 173.31 1073.37 268.06 1.67 1.6 3.94 6.27 1.71 13.75 0.06 0.9396662322890653
Car 0.0 2 -0.28 769.3 181.06 914.5 240.82 1.48 1.52 3.33 5.98 1.71 18.99 0.02 0.33435795611671093
Car 0.0 2 2.85 727.22 179.73 860.09 229.89 1.57 1.68 3.97 6.04 1.82 24.13 3.09 0.18970870565324782
Car 0.0 2 -0.26 707.77 180.0 832.52 220.99 1.44 1.65 4.26 5.9 1.73 27.02 -0.05 0.36454971858360696
Car 0.0 2 -0.22 710.1 174.76 814.13 220.71 1.77 1.69 3.82 6.08 1.87 29.24 -0.02 0.7150092230568527
Car 0.0 1 -2.97 431.89 179.47 524.63 210.34 1.49 1.59 4.44 -6.7 1.85 36.79 3.13 0.7258979007728694
Car 0.0 2 -2.97 455.4 178.51 535.62 206.99 1.48 1.63 4.1 -6.25 1.82 39.48 -3.12 0.2953260210776818
Car 0.0 0 -1.67 635.81 180.54 669.72 206.01 1.41 1.56 4.08 2.45 1.88 42.58 -1.62 0.27747961159211143
Car 0.0 2 -1.59 615.49 168.85 630.21 185.74 2.33 1.96 6.11 1.83 1.82 103.6 -1.57 0.46714750037410957
Car -1.0 -1 -10.0 572.68 173.52 602.88 183.23 -1.0 -1.0 -1.0 -1000.0 -1000.0 -1000.0 -10.0 0.5808019594599234
