Pedestrian 0.0 0 -1.87 831.61 152.43 922.28 369.53 1.76 0.76 1.02 2.31 1.53 6.35 -1.54 0.8893647359549219
Pedestrian 0.14 0 2.45 153.55 151.54 253.55 373.0 1.78 0.82 0.8 -3.13 1.58 5.53 1.95 0.026386087994679674
Pedestrian 0.36 1 2.15 0.0 155.74 116.14 373.0 1.75 0.71 0.89 -4.69 1.55 5.92 1.49 0.41654453053754836
Pedestrian 0.94 0 0.93 1212.36 119.7 1237.0 373.0 1.74 0.72 0.77 3.91 1.38 3.85 1.68 0.15896979010209333
Pedestrian 0.0 0 -2.42 604.79 149.73 647.46 237.36 1.89 0.96 0.95 0.42 1.2 16.13 -2.4 0.5317959215883261
Pedestrian 0.0 2 -1.74 806.16 160.45 849.83 330.01 1.68 0.64 0.91 2.41 1.48 7.62 -1.45 0.39034312994284437
Pedestrian 0.0 0 -1.77 732.73 159.13 787.06 301.15 1.71 0.68 0.93 1.92 1.44 9.13 -1.57 0.6030680295532725
Pedestrian 0.0 1 -1.71 713.86 158.66 754.19 279.81 1.71 0.8 0.94 1.89 1.39 10.67 -1.55 0.7698734967737026
Pedestrian 0.0 2 -1.9 785.81 150.29 856.8 266.12 1.8 0.83 0.92 3.52 1.32 11.68 -1.62 0.9965738200601316
Pedestrian 0.0 1 -1.72 759.23 162.87 789.9 281.8 1.63 0.71 0.88 2.59 1.38 10.3 -1.49 0.2615359922891276
Pedestrian 0.0 2 -1.85 789.24 146.7 841.92 239.94 1.83 0.78 0.94 4.32 1.15 14.64 -1.57 0.7602758286854094
Car 0.0 0 1.7 537.08 160.99 594.73 205.59 1.57 1.67 4.14 -1.3 0.84 27.61 1.65 0.35229146336255635
Car -1.0 -1 -10.0 0.0 149.62 87.31 350.16 -1.0 -1.0 -1.0 -1000.0 -1000.0 -1000.0 -10.0 0.9999099399129247
Car -1.0 -1 -10.0 666.81 161.05 699.05 202.64 -1.0 -1.0 -1.0 -1000.0 -1000.0 -1000.0 -10.0 0.3409220918312601
