Car 0.0 0 -1.57 572.73 173.45 613.41 210.54 1.6 1.76 3.84 -0.7 1.08 33.27 -1.59 0.37612980523148964
Car 0.84 0 -0.82 0.0 196.0 108.23 312.26 1.4 1.66 4.07 -8.42 1.58 8.8 -1.57 0.9712408450552779
Car 0.0 0 -1.17 170.8 193.97 398.5 315.06 1.35 1.57 3.72 -4.4 1.51 10.34 -1.57 0.3030095591991918
Car 0.0 2 -1.13 187.86 184.25 320.69 248.8 1.44 1.58 3.66 -8.87 1.44 18.3 -1.57 0.23793955984552762
Car 0.0 1 -1.3 343.09 180.82 452.57 247.16 1.49 1.64 3.95 -5.24 1.39 18.34 -1.57 0.9429696546103038
Car 0.0 2 -1.29 354.7 171.33 427.0 220.76 1.78 1.66 3.84 -8.38 1.27 28.0 -1.58 0.2874266778889203
Car 0.0 0 -1.4 446.86 157.47 512.77 224.23 2.23 1.88 2.54 -4.5 1.3 25.45 -1.58 0.7438215232542229
Car 0.0 1 -1.43 467.52 155.0 530.39 215.96 2.38 1.98 4.65 -4.55 1.18 30.55 -1.58 0.9181768919802088
Car 0.0 1 -1.48 507.19 173.28 542.38 202.86 1.78 1.81 4.32 -5.25 1.05 45.78 -1.59 0.1978987990091443
Car 0.0 1 -1.52 535.4 165.73 559.72 193.04 2.52 2.02 6.17 -5.79 0.7 69.81 -1.6 0.0772473335816376
