Cyclist 0.76 0 2.22 0.0 197.08 202.97 374.0 1.59 0.58 1.69 -3.0 1.74 3.84 1.59 0.018008679520750803
Car 0.0 1 -2.63 20.24 188.79 347.49 290.41 1.49 1.59 4.44 -6.88 1.79 11.87 3.13 0.8153555531159736
Car 0.0 2 -2.7 160.61 187.14 402.68 268.61 1.48 1.63 4.1 -6.48 1.8 14.42 -3.12 0.6486520568109687
Car 0.0 2 0.38 288.19 185.33 426.92 245.02 1.52 1.48 3.23 -6.84 1.88 19.6 0.05 0.00900552492312967
Car 0.0 0 -1.74 662.54 181.33 756.88 248.27 1.41 1.56 4.08 2.25 1.63 17.52 -1.61 0.3593526902463702
Car 0.0 2 0.31 392.82 180.94 494.99 220.66 1.52 1.64 3.65 -6.65 1.86 28.93 0.09 0.8616621121392624
Car 0.0 1 -1.64 640.24 176.87 680.87 210.72 1.43 1.58 3.37 2.2 1.63 32.51 -1.57 0.012217185994711888
Car 0.0 2 -1.59 618.11 165.85 637.67 188.33 2.33 1.96 6.11 1.91 1.64 78.63 -1.57 0.21384545568875768
Car -1.0 -1 -10.0 491.85 172.94 555.43 200.06 -1.0 -1.0 -1.0 -1000.0 -1000.0 -1000.0 -10.0 0.4790863721833155
Car -1.0 -1 -10.0 537.69 167.73 591.9 187.56 -1.0 -1.0 -1.0 -1000.0 -1000.0 -1000.0 -10.0 0.0817906795812463
Car -1.0 -1 -10.0 594.98 173.98 623.15 184.44 -1.0 -1.0 -1.0 -1000.0 -1000.0 -1000.0 -10.0 0.4111559197397324
Car -1.0 -1 -10.0 1167.9 139.6 1240.0 373.0 -1.0 -1.0 -1.0 -1000.0 -1000.0 -1000.0 -10.0 0.5553302059187223
