Car 0.85 0 2.09 0.0 77.93 357.76 374.0 1.86 1.63 4.2 -2.91 1.59 4.09 1.5 0.31089300789851415
Car 0.0 0 -1.93 771.65 190.59 1079.84 360.67 1.37 1.61 4.26 3.12 1.61 8.27 -1.58 0.8220733289728205
Car 1.0 0 0.6 1044.82 218.53 1241.0 374.0 1.46 1.44 4.53 3.53 1.74 2.33 1.53 0.6096952291015774
Car 0.0 0 1.69 468.61 168.99 526.47 215.75 1.51 1.55 3.92 -3.94 1.42 25.56 1.54 0.2209242633380114
Car 0.0 2 1.85 233.61 172.09 444.72 316.21 1.51 1.55 3.71 -3.35 1.53 9.52 1.52 0.31318731274143985
Car 0.0 2 -1.83 720.78 181.29 854.87 275.26 1.5 1.53 3.37 3.1 1.67 13.39 -1.61 0.1417118890150737
Car 0.0 1 -1.78 678.58 174.86 759.86 233.2 1.47 1.56 3.16 2.91 1.55 20.05 -1.64 0.18591539471795115
Car 0.0 2 -1.71 651.85 172.28 713.66 219.73 1.48 1.56 3.62 2.36 1.49 24.51 -1.62 0.17770992525819085
Car 0.0 2 -1.68 638.41 173.59 686.63 209.12 1.39 1.54 4.6 2.13 1.45 30.81 -1.61 0.6403389523535082
Car -1.0 -1 -10.0 552.27 162.52 647.1 185.48 -1.0 -1.0 -1.0 -1000.0 -1000.0 -1000.0 -10.0 0.4247533842206186
Car -1.0 -1 -10.0 513.73 170.85 547.11 193.81 -1.0 -1.0 -1.0 -1000.0 -1000.0 -1000.0 -10.0 0.653021930304767
