Car 0.0 0 1.97 202.87 195.95 364.44 285.8 1.42 1.54 3.5 -6.13 1.91 13.88 1.56 0.3871312264010758
Car 0.0 1 -1.73 687.68 174.86 788.2 245.71 1.51 1.75 3.78 2.93 1.59 17.47 -1.57 0.025749713546344255
Car 0.0 1 1.88 332.08 190.98 436.59 250.11 1.36 1.51 4.02 -6.0 1.89 19.51 1.58 0.5505355398743026
Car 0.0 1 1.78 420.62 178.57 487.14 227.88 1.74 1.65 4.11 -5.94 1.97 27.72 1.57 0.8037091657705543
Car 0.0 2 1.76 455.15 181.45 505.89 217.75 1.61 1.64 4.0 -6.14 2.03 34.44 1.59 0.7028714630714756
Car 0.0 1 -1.61 634.68 175.12 654.55 192.55 1.55 1.66 4.15 3.17 1.78 66.79 -1.56 0.5382207227666408
Car 0.75 1 0.78 1191.54 133.42 1241.0 194.45 2.3 2.02 4.73 24.77 0.8 27.02 1.52 0.30797558665935376
Car -1.0 -1 -10.0 527.27 176.06 552.31 193.81 -1.0 -1.0 -1.0 -1000.0 -1000.0 -1000.0 -10.0 0.7405741580572017
Car -1.0 -1 -10.0 554.35 175.02 587.73 195.9 -1.0 -1.0 -1.0 -1000.0 -1000.0 -1000.0 -10.0 0.6762049864012996
Car -1.0 -1 -10.0 596.02 166.69 633.56 187.56 -1.0 -1.0 -1.0 -1000.0 -1000.0 -1000.0 -10.0 0.5383678068605467
Car -1.0 -1 -10.0 662.69 169.81 739.82 186.52 -1.0 -1.0 -1.0 -1000.0 -1000.0 -1000.0 -10.0 0.14715153328657238
Car -1.0 -1 -10.0 769.98 152.1 854.4 186.52 -1.0 -1.0 -1.0 -1000.0 -1000.0 -1000.0 -10.0 0.19781901314869366
