Pedestrian 0.0 0 -2.87 169.94 160.7 207.79 212.48 1.86 0.57 1.08 -15.45 1.43 26.42 2.89 0.01813032947163129
Car 0.0 1 1.29 154.96 148.61 234.07 206.2 2.21 1.76 4.11 -17.21 1.31 29.75 0.77 0.15275595856321822
Car 0.0 1 -1.96 219.66 163.88 294.22 205.4 1.75 1.57 4.07 -15.87 1.4 32.28 -2.41 0.0035230458733467307
Car 0.0 0 -2.02 287.18 162.83 371.71 197.93 1.54 1.71 5.03 -13.32 1.14 33.99 -2.39 0.7571454509414447
Car 0.0 1 0.94 479.85 153.85 554.07 194.93 2.14 1.77 4.44 -5.21 1.18 39.84 0.81 0.02405242789431128
Car 0.0 2 -2.26 518.93 162.8 574.84 189.97 1.53 1.41 3.4 -3.76 0.99 42.39 -2.35 0.9610397751874887
Car 0.0 1 -2.46 564.89 160.18 623.36 188.45 1.69 1.61 3.36 -1.03 0.96 44.96 -2.48 0.5723629561944725
Car 0.0 1 -2.44 597.2 167.04 659.94 188.81 1.44 1.62 4.26 1.22 1.08 49.65 -2.42 0.763668616607963
Car 0.0 1 -2.36 636.75 166.15 682.33 187.98 1.48 1.61 2.86 3.43 1.04 50.47 -2.29 0.6914160934447903
Car 0.0 1 -2.47 656.99 167.02 708.62 187.46 1.41 1.5 3.48 5.16 1.03 51.6 -2.37 0.04077135130305043
Car 0.0 1 0.73 680.88 164.93 740.11 186.01 1.48 1.48 4.41 7.29 0.95 52.84 0.87 0.7926925251132171
Car 0.0 3 0.47 721.93 154.07 782.2 182.78 2.17 1.89 4.27 11.23 0.77 57.22 0.66 0.812529360524775
Car 0.0 0 0.46 747.7 162.45 800.34 181.7 1.5 1.67 3.84 13.39 0.7 59.06 0.68 0.33558938456178056
Car 0.0 0 0.47 771.62 163.96 817.18 181.43 1.41 1.57 3.36 15.53 0.71 60.9 0.72 0.18750802639931707
Car -1.0 -1 -10.0 1043.9 150.02 1082.48 170.9 -1.0 -1.0 -1.0 -1000.0 -1000.0 -1000.0 -10.0 0.03967241135829469
Car -1.0 -1 -10.0 43.94 146.9 447.11 184.44 -1.0 -1.0 -1.0 -1000.0 -1000.0 -1000.0 -10.0 0.9807314968416884
Car -1.0 -1 -10.0 801.23 159.4 912.73 183.4 -1.0 -1.0 -1.0 -1000.0 -1000.0 -1000.0 -10.0 0.7063657191012043
Car -1.0 -1 -10.0 991.85 146.9 1236.68 165.69 -1.0 -1.0 -1.0 -1000.0 -1000.0 -1000.0 -10.0 0.7748842766602937
