Car 0.54 3 0.63 0.0 187.46 253.78 348.22 1.48 1.54 4.19 -6.27 1.67 7.56 -0.05 0.484975027584412
Car 0.18 3 -2.57 0.0 179.85 306.55 301.34 1.52 1.57 4.08 -6.62 1.63 9.98 -3.14 0.6562588086207614
Car 0.0 0 -1.82 702.66 190.76 818.27 269.08 1.39 1.51 3.4 2.98 1.8 15.14 -1.63 0.8535758142492624
Car 0.0 2 0.44 154.61 183.09 390.71 276.82 1.48 1.49 3.38 -5.76 1.68 12.46 0.01 0.34988865462328567
Car 0.0 2 0.36 231.5 172.84 417.72 261.95 1.7 1.57 3.19 -5.8 1.72 14.79 -0.01 0.7382309541990278
Car 0.0 2 -2.92 307.35 177.98 446.43 241.7 1.63 1.55 3.35 -6.32 1.79 19.71 3.05 0.5088233782669574
Car 0.0 1 2.92 749.86 187.63 892.53 233.8 1.34 1.52 3.99 6.43 1.82 22.39 -3.08 0.7592283168821693
Car 0.0 2 0.22 381.93 159.76 494.21 218.08 2.22 1.68 4.08 -6.84 1.74 28.84 -0.01 0.050580488072413665
Car 0.0 0 -1.64 634.08 162.86 675.24 205.66 2.33 1.96 6.11 2.54 1.83 42.74 -1.58 0.11503589697799332
Car 0.0 2 -2.97 437.81 179.03 524.03 207.92 1.46 1.61 4.31 -6.86 1.82 38.46 3.13 0.2410784949609618
Car 0.0 2 -3.12 464.44 174.3 539.88 205.63 1.8 1.77 4.41 -6.51 1.92 43.6 3.01 0.40269359277457106
Car 0.0 2 -1.62 624.2 163.61 652.21 196.55 2.57 1.99 6.64 2.28 1.89 60.16 -1.58 0.6872600181077791
Car -1.0 -1 -10.0 550.19 170.85 583.57 196.93 -1.0 -1.0 -1.0 -1000.0 -1000.0 -1000.0 -10.0 0.2154497921473968
Car -1.0 -1 -10.0 589.77 170.85 625.23 189.64 -1.0 -1.0 -1.0 -1000.0 -1000.0 -1000.0 -10.0 0.16774856655498815
