Car 0.46 0 -1.95 747.07 0.0 1241.0 374.0 2.57 1.99 6.64 2.92 1.63 6.93 -1.57 0.09479638139892121
Car 0.42 1 0.65 0.0 165.23 270.29 326.76 1.68 1.71 4.07 -6.47 1.63 8.46 0.01 0.9814474905824894
Car 0.03 3 -2.67 0.0 174.09 349.34 289.01 1.53 1.7 4.32 -6.41 1.57 10.79 3.09 0.5336180012940286
Car 0.0 2 0.36 233.78 169.37 448.59 243.31 1.54 1.78 4.2 -6.01 1.5 16.36 0.01 0.7546662188893373
Car 0.0 2 0.17 378.27 172.24 511.34 217.17 1.5 1.66 4.4 -5.84 1.51 25.73 -0.05 0.8094768079939415
Car 0.0 2 0.24 362.07 140.07 521.83 217.02 2.86 1.88 5.81 -6.53 1.66 28.33 0.01 0.3357537370058913
Car 0.0 0 -1.68 661.27 176.83 724.48 223.2 1.41 1.62 4.19 2.67 1.56 24.33 -1.57 0.12543445958162247
Car 0.0 2 -0.14 724.12 175.19 810.64 211.99 1.42 1.59 3.21 6.3 1.54 29.26 0.07 0.14575027254237938
Car -1.0 -1 -10.0 622.06 167.73 642.93 184.44 -1.0 -1.0 -1.0 -1000.0 -1000.0 -1000.0 -10.0 0.8737839370204198
Car -1.0 -1 -10.0 514.77 163.56 596.06 193.81 -1.0 -1.0 -1.0 -1000.0 -1000.0 -1000.0 -10.0 0.3760397237032371
Car -1.0 -1 -10.0 599.15 167.73 634.61 180.27 -1.0 -1.0 -1.0 -1000.0 -1000.0 -1000.0 -10.0 0.29224622236829567
