Car 0.06 1 2.11 0.0 208.8 281.51 360.22 1.43 1.48 3.71 -5.92 1.98 9.42 1.56 0.08838557614644871
Car 0.0 1 1.93 243.58 196.52 396.67 278.21 1.4 1.65 4.02 -5.99 1.96 15.33 1.57 0.20032986375757933
Car 0.43 0 2.47 1039.03 133.3 1241.0 249.56 1.64 1.59 3.99 9.03 1.08 11.08 -3.14 0.9467928321091559
Car 0.0 2 2.54 991.77 135.0 1199.19 233.16 1.72 1.68 2.78 9.06 1.07 13.69 3.12 0.5067377287110693
Car 0.0 2 2.63 909.3 144.25 1106.12 225.55 1.67 1.67 3.43 8.68 1.1 16.01 3.12 0.5287032450106893
Car 0.0 2 2.72 845.72 154.13 1015.33 218.45 1.57 1.62 3.69 8.24 1.13 18.84 3.13 0.7257869850667013
Car 0.0 1 1.87 377.89 189.17 469.01 240.85 1.43 1.61 4.13 -5.83 1.98 22.88 1.63 0.18996073565561367
Car 0.0 1 -1.79 698.91 176.06 804.16 246.9 1.47 1.6 3.87 3.18 1.57 17.11 -1.61 0.05497025284347201
Car 0.0 2 -1.71 679.58 173.63 748.81 229.11 1.57 1.57 4.04 3.14 1.62 22.67 -1.57 0.9130687447317385
Car -1.0 -1 -10.0 480.4 178.15 553.36 213.61 -1.0 -1.0 -1.0 -1000.0 -1000.0 -1000.0 -10.0 0.35705111029191183
Car -1.0 -1 -10.0 585.6 169.81 617.93 189.64 -1.0 -1.0 -1.0 -1000.0 -1000.0 -1000.0 -10.0 0.17549620639986274
Car -1.0 -1 -10.0 639.77 176.06 691.89 211.52 -1.0 -1.0 -1.0 -1000.0 -1000.0 -1000.0 -10.0 0.49182134498506247
Car -1.0 -1 -10.0 450.19 184.4 498.15 224.03 -1.0 -1.0 -1.0 -1000.0 -1000.0 -1000.0 -10.0 0.28924275519889386
