Car 0.0 0 -1.8 753.18 189.21 912.75 286.1 1.38 1.73 3.97 3.67 1.71 12.74 -1.53 0.6976183657216883
Car 0.91 1 2.98 1198.09 156.73 1241.0 264.99 1.74 1.58 3.9 11.79 1.46 11.33 -2.51 0.9118393019279794
Car 0.0 2 -1.73 721.72 182.39 815.61 249.62 1.5 1.62 4.11 3.87 1.76 18.4 -1.53 0.731106426180786
Car 0.0 0 1.82 474.47 183.45 539.95 226.98 1.58 1.68 3.76 -4.03 2.02 28.59 1.68 0.6704884131343218
Car 0.0 1 -3.05 980.19 171.36 1202.98 239.62 1.49 1.53 4.38 11.62 1.49 17.68 -2.48 0.9735005572123279
Car 0.0 2 1.77 501.49 182.06 556.38 219.63 1.61 1.74 4.06 -3.72 2.05 33.48 1.66 0.6209850467868028
Car 0.53 3 3.14 1097.06 170.65 1241.0 254.14 1.55 1.8 3.98 12.07 1.51 14.22 -2.45 0.9503409082400391
Car 0.0 0 -1.58 689.93 174.39 719.15 203.3 1.77 1.77 5.1 6.13 1.9 47.2 -1.45 0.3075954584135472
Car 0.0 1 0.38 240.46 186.37 349.64 221.23 1.5 1.87 4.23 -14.54 2.16 33.39 -0.03 0.5750202498569373
Car -1.0 -1 -10.0 606.44 177.1 659.61 196.93 -1.0 -1.0 -1.0 -1000.0 -1000.0 -1000.0 -10.0 0.6619014641046294
Car -1.0 -1 -10.0 541.85 181.27 581.48 212.56 -1.0 -1.0 -1.0 -1000.0 -1000.0 -1000.0 -10.0 0.6651503604955397
Car -1.0 -1 -10.0 658.52 171.9 673.14 184.44 -1.0 -1.0 -1.0 -1000.0 -1000.0 -1000.0 -10.0 0.8074699173484916
