Car 0.0 0 -1.78 665.44 175.98 791.75 261.89 1.49 1.64 4.17 2.21 1.57 14.76 -1.63 0.028891579461272743
Car 0.61 1 -1.11 0.0 187.93 365.1 374.0 1.44 1.65 4.25 -3.45 1.6 5.77 -1.63 0.012510545211754431
Pedestrian 0.0 2 -1.0 113.31 164.22 150.14 335.59 1.81 0.34 0.32 -5.21 1.73 7.81 -1.57 0.486518029696292
Car 0.0 1 -2.67 160.12 189.92 332.37 252.83 1.47 1.58 3.55 -9.15 1.93 18.23 -3.13 0.6660937376155
Car 0.0 0 -1.52 500.49 173.3 551.36 217.64 1.6 1.75 3.89 -3.26 1.64 28.27 -1.63 0.18919943057882427
Car 0.0 2 -1.74 632.9 176.49 695.02 222.6 1.59 1.64 4.03 1.92 1.75 27.22 -1.67 0.22117360178880052
Pedestrian 0.0 2 -1.05 164.32 167.68 206.66 339.26 1.78 0.4 0.43 -4.61 1.73 7.73 -1.57 0.6742493574141643
Car 0.0 2 -1.45 528.07 179.56 562.03 206.09 1.46 1.56 3.21 -3.75 1.86 41.81 -1.54 0.6582289731095418
Car 0.0 2 -1.58 619.47 170.48 649.95 202.16 1.83 1.75 4.52 1.47 1.72 44.22 -1.55 0.3671043819545311
Car -1.0 -1 -10.0 549.15 177.1 574.19 195.89 -1.0 -1.0 -1.0 -1000.0 -1000.0 -1000.0 -10.0 0.5805298982637191
Car -1.0 -1 -10.0 603.31 177.1 628.35 193.81 -1.0 -1.0 -1.0 -1000.0 -1000.0 -1000.0 -10.0 0.5096560508936493
