Pedestrian 0.86 0 -1.94 1146.03 92.77 1237.0 373.0 1.77 0.94 0.93 3.22 1.39 3.33 -1.21 0.5616524004567498
Pedestrian 0.38 0 -2.2 1078.92 85.84 1237.0 373.0 1.97 1.04 0.92 4.3 1.33 5.28 -1.55 0.8743864238388067
Car 0.04 1 -2.49 222.8 222.51 364.06 373.0 1.21 0.54 0.95 -2.63 1.57 6.05 -2.89 0.6678303508579275
Pedestrian 0.0 0 1.71 476.03 158.47 522.7 291.37 1.77 0.66 0.9 -1.52 1.46 10.05 1.56 0.9560125552165364
Pedestrian 0.0 0 1.84 434.72 164.88 486.19 296.0 1.67 0.73 0.77 -1.98 1.47 9.58 1.63 0.3110184903202212
Pedestrian 0.0 0 -1.44 614.5 157.28 644.24 236.38 1.76 0.76 1.02 0.51 1.22 16.55 -1.41 0.8328001990362732
Pedestrian 0.0 2 -1.63 617.27 157.7 647.63 214.26 1.89 0.96 0.95 1.04 1.09 24.56 -1.59 0.23816307127713687
Pedestrian 0.0 0 -1.58 669.5 158.51 689.08 235.27 1.68 0.64 0.91 1.69 1.18 16.25 -1.49 0.38673025022405405
Pedestrian 0.0 2 -1.7 726.8 152.66 746.55 217.73 1.8 0.83 0.92 3.72 1.0 20.42 -1.53 0.009294516455683022
Car 0.0 0 1.68 558.39 166.24 592.73 192.89 1.57 1.67 4.14 -1.55 0.66 44.84 1.64 0.2693030938663048
Pedestrian 0.0 2 -2.6 420.84 163.86 448.82 241.99 1.81 0.73 0.84 -4.1 1.4 17.09 -2.84 0.9506449627544298
Pedestrian 0.0 0 -1.64 697.86 159.46 720.01 225.6 1.67 0.71 0.95 2.63 1.12 18.73 -1.51 0.1653645712316012
Car -1.0 -1 -10.0 0.0 203.64 233.79 372.0 -1.0 -1.0 -1.0 -1000.0 -1000.0 -1000.0 -10.0 0.3660668407519322
Car -1.0 -1 -10.0 294.89 179.75 420.63 298.22 -1.0 -1.0 -1.0 -1000.0 -1000.0 -1000.0 -10.0 0.4896268600005088
