Car 0.85 1 -0.99 0.0 195.37 397.19 374.0 1.46 1.68 4.1 -2.81 1.64 4.26 -1.54 0.17386043385258876
Car 0.0 0 -1.76 659.53 173.92 758.89 242.65 1.49 1.64 4.17 2.28 1.54 17.92 -1.63 0.551913619735485
Car 1.0 0 -2.41 885.97 199.71 1241.0 374.0 1.41 1.56 3.97 2.39 1.55 2.08 -1.63 0.5545929872791896
Car 0.0 1 -1.26 168.37 184.68 435.71 345.34 1.44 1.65 4.25 -3.42 1.61 8.84 -1.62 0.7604390039382739
Pedestrian 0.0 2 -1.07 178.49 154.79 228.95 321.25 1.83 0.6 0.39 -4.65 1.64 8.16 -1.57 0.9967059628736128
Pedestrian 0.0 2 -1.14 257.21 162.04 286.46 284.94 1.81 0.34 0.32 -5.13 1.66 10.83 -1.57 0.3582635656086135
Car 0.0 0 -1.53 514.87 173.34 559.55 213.01 1.6 1.75 3.89 -3.14 1.65 31.36 -1.63 0.8135588970649235
Car 0.0 2 -1.72 635.69 171.11 689.6 212.2 1.59 1.64 4.03 2.1 1.55 30.26 -1.65 0.6131206995960152
Pedestrian 0.0 2 -1.16 271.21 172.64 299.95 298.73 1.78 0.4 0.43 -4.65 1.78 10.44 -1.57 0.7558675350150408
Car 0.0 2 -1.48 539.5 175.22 569.14 199.81 1.46 1.56 3.21 -3.46 1.63 44.99 -1.56 0.24741928512999223
Car 0.0 2 -1.59 624.13 168.4 652.53 197.92 1.83 1.75 4.52 1.8 1.58 47.31 -1.55 0.6549452834326189
Car -1.0 -1 -10.0 606.44 172.94 629.4 185.48 -1.0 -1.0 -1.0 -1000.0 -1000.0 -1000.0 -10.0 0.3019834151097909
Car -1.0 -1 -10.0 558.52 173.98 579.39 186.52 -1.0 -1.0 -1.0 -1000.0 -1000.0 -1000.0 -10.0 0.2927105884532524
