Car 0.0 0 -1.56 578.0 172.9 650.42 238.87 1.6 1.76 3.84 0.15 1.3 19.52 -1.55 0.09917652363546936
Car 0.0 1 -1.03 53.98 187.87 260.28 284.15 1.49 1.66 3.37 -8.08 1.57 13.21 -1.57 0.7002094128459418
Car 0.0 0 -1.23 215.3 178.19 438.37 318.55 1.63 1.67 3.92 -3.79 1.54 10.37 -1.57 0.3453663461257729
Car 0.0 2 -1.22 284.24 184.01 383.13 234.14 1.42 1.61 4.05 -8.6 1.4 22.84 -1.58 0.7344491419229049
Car 0.0 1 -1.37 419.22 177.81 500.37 234.36 1.56 1.69 3.63 -4.44 1.35 21.87 -1.57 0.08489782252195421
Car 0.0 1 -1.42 477.13 180.72 522.75 212.41 1.38 1.58 3.49 -4.98 1.18 33.37 -1.57 0.42798472375042307
Car 0.0 1 -1.46 507.34 179.91 544.12 206.2 1.43 1.64 4.33 -4.73 1.13 41.72 -1.57 0.40336560229171703
Car 0.0 1 -1.48 514.83 146.95 562.74 198.33 3.48 2.57 11.68 -5.07 0.84 54.86 -1.58 0.005492584919836396
Car 0.0 2 -1.18 258.13 184.3 344.55 223.69 1.48 1.69 4.52 -12.66 1.46 29.94 -1.58 0.2323562413275584
Car -1.0 -1 -10.0 648.72 178.62 669.65 189.11 -1.0 -1.0 -1.0 -1000.0 -1000.0 -1000.0 -10.0 0.5353167927224616
