Pedestrian 0.0 0 -1.89 762.01 165.37 831.34 343.57 1.73 0.84 0.86 1.95 1.58 7.46 -1.65 0.013322392565248142
Pedestrian 0.0 0 -1.95 827.56 156.99 911.23 339.13 1.81 0.9 0.95 2.83 1.57 7.65 -1.62 0.9602137517010253
Pedestrian 0.17 0 -1.64 11.28 168.29 88.95 350.37 1.78 0.92 1.01 -5.99 1.65 7.61 -2.29 0.9520260618773887
Pedestrian 0.0 0 -2.57 366.62 166.72 414.29 276.23 1.79 0.86 1.02 -3.74 1.55 12.31 -2.86 0.8958464976004811
Pedestrian 0.0 0 -1.91 662.52 167.55 689.52 243.87 1.75 0.78 0.84 1.55 1.43 16.97 -1.82 0.6741132129495198
Pedestrian 0.0 2 -2.21 833.49 157.49 916.43 273.1 1.71 0.71 1.03 4.21 1.35 11.2 -1.86 0.11691276109073201
Pedestrian 0.0 0 2.76 1088.74 140.95 1177.4 294.87 1.77 0.85 1.15 6.38 1.31 8.8 -2.92 0.45164235941653086
Pedestrian 0.0 1 1.84 1009.73 150.3 1058.4 271.44 1.73 0.69 0.56 6.28 1.28 10.7 2.36 0.5621931985268263
Pedestrian 0.0 0 1.89 435.13 174.06 468.47 248.92 1.69 0.68 1.11 -3.59 1.52 16.81 1.67 0.6964431036214352
Car 0.0 0 1.81 416.97 202.66 456.45 252.47 1.03 0.62 1.01 -3.66 1.52 15.88 1.58 0.5162007948400271
Pedestrian 0.0 1 1.8 402.75 172.35 434.75 249.36 1.75 0.68 1.1 -4.43 1.54 16.9 1.54 0.1053481292237155
Pedestrian 0.27 0 -3.03 1153.88 141.68 1231.54 288.02 1.75 0.87 1.06 7.64 1.27 9.09 -2.35 0.5289507764601509
Car 0.0 0 1.59 531.43 168.0 563.17 200.05 1.82 1.8 4.4 -3.22 1.05 43.46 1.51 0.8345680102060368
Car 0.0 1 1.72 418.06 159.0 499.75 227.84 2.11 2.04 4.62 -4.75 1.42 24.56 1.52 0.26845396121468945
Car 0.0 2 1.66 462.81 163.78 515.15 216.36 2.09 1.79 4.99 -4.81 1.38 31.27 1.5 0.8117202788756092
Car -1.0 -1 -10.0 4.34 174.89 71.04 339.6 -1.0 -1.0 -1.0 -1000.0 -1000.0 -1000.0 -10.0 0.6237576065624293
Car -1.0 -1 -10.0 704.58 178.76 728.73 233.21 -1.0 -1.0 -1.0 -1000.0 -1000.0 -1000.0 -10.0 0.015065130576559005
Car -1.0 -1 -10.0 570.46 167.8 601.7 197.11 -1.0 -1.0 -1.0 -1000.0 -1000.0 -1000.0 -10.0 0.2134997217901543
Car -1.0 -1 -10.0 649.13 181.99 659.09 227.42 -1.0 -1.0 -1.0 -1000.0 -1000.0 -1000.0 -10.0 0.3925742672766558
Car -1.0 -1 -10.0 693.62 175.54 702.94 232.57 -1.0 -1.0 -1.0 -1000.0 -1000.0 -1000.0 -10.0 0.5928871576521968
