Cyclist 0.0 3 -1.9 921.16 148.18 992.49 260.57 1.8 0.52 1.75 5.9 1.41 12.44 -1.47 0.401242285754141
Pedestrian 0.0 1 -2.15 971.07 159.12 1006.25 242.08 1.7 0.69 0.68 7.81 1.42 15.21 -1.69 0.9771427820215588
Pedestrian 0.0 1 -2.08 1006.8 157.3 1040.48 241.56 1.7 0.48 0.87 8.49 1.39 15.01 -1.57 0.05475341761126917
Car 0.0 2 -2.01 984.6 191.92 1026.48 239.9 1.0 0.5 0.77 8.51 1.42 15.63 -1.52 0.44377575647714096
Cyclist 0.0 3 -1.7 779.03 167.73 796.1 209.37 1.64 0.44 1.56 7.14 1.44 29.19 -1.47 0.8921266692451016
Car -1.0 -1 -10.0 1041.9 165.65 1228.4 193.82 -1.0 -1.0 -1.0 -1000.0 -1000.0 -1000.0 -10.0 0.789531208063615
Car -1.0 -1 -10.0 647.06 169.81 917.94 179.23 -1.0 -1.0 -1.0 -1000.0 -1000.0 -1000.0 -10.0 0.7363553701388275
Car -1.0 -1 -10.0 812.69 179.19 917.94 195.9 -1.0 -1.0 -1.0 -1000.0 -1000.0 -1000.0 -10.0 0.9198627464017837
Car -1.0 -1 -10.0 483.52 177.1 498.14 186.52 -1.0 -1.0 -1.0 -1000.0 -1000.0 -1000.0 -10.0 0.49581228833967406
Car -1.0 -1 -10.0 560.6 173.98 575.23 185.48 -1.0 -1.0 -1.0 -1000.0 -1000.0 -1000.0 -10.0 0.11559387634190199
