Pedestrian 0.0 0 -1.91 947.69 167.24 1027.3 321.55 1.65 0.88 0.49 4.16 1.5 7.97 -1.45 0.29433248441014104
Pedestrian 0.33 1 2.44 0.0 194.48 114.82 373.0 1.65 0.66 0.8 -5.0 1.78 6.38 1.79 0.16409079797341075
Pedestrian 0.0 1 1.88 419.81 177.13 457.2 274.93 1.77 0.67 0.91 -3.22 1.69 13.47 1.65 0.9292423400624574
Pedestrian 0.0 0 -1.32 525.45 180.48 542.55 236.47 1.66 0.65 0.72 -2.23 1.63 21.71 -1.43 0.9396694797539028
Pedestrian 0.0 0 2.08 578.36 179.4 596.98 223.1 1.72 0.88 0.9 -0.78 1.64 28.87 2.05 0.6676429055731364
Pedestrian 0.0 0 -1.36 634.67 178.81 648.05 222.08 1.77 0.94 0.93 1.38 1.66 29.96 -1.32 0.9364119805344333
Car 0.0 1 -1.72 707.2 105.89 881.27 284.12 2.56 2.06 5.87 3.19 1.48 13.33 -1.5 0.385393403642434
Car -1.0 -1 -10.0 6.08 195.33 84.03 347.05 -1.0 -1.0 -1.0 -1000.0 -1000.0 -1000.0 -10.0 0.836776613279671
Car -1.0 -1 -10.0 654.93 169.51 704.54 223.78 -1.0 -1.0 -1.0 -1000.0 -1000.0 -1000.0 -10.0 0.030339198162033898
Car -1.0 -1 -10.0 602.4 179.75 629.45 215.11 -1.0 -1.0 -1.0 -1000.0 -1000.0 -1000.0 -10.0 0.14142792230473167
