Car 0.0 0 2.09 164.95 168.88 258.5 215.46 2.18 1.92 4.99 -20.08 2.03 36.61 1.59 0.22526598984392743
Car 0.0 1 1.99 251.31 177.26 295.83 208.49 1.76 1.52 2.38 -19.73 2.04 42.33 1.55 0.6702448441366903
Car 0.0 0 1.91 373.48 182.4 419.25 203.92 1.49 1.88 4.41 -15.75 2.22 53.34 1.62 0.45899817624963224
Car 0.0 3 1.97 325.22 174.34 376.35 200.39 1.94 1.88 5.3 -20.36 2.09 56.88 1.62 0.8943083108277624
Car -1.0 -1 -10.0 450.19 177.1 472.11 192.77 -1.0 -1.0 -1.0 -1000.0 -1000.0 -1000.0 -10.0 0.7355348343369692
Car -1.0 -1 -10.0 481.44 175.02 535.65 189.65 -1.0 -1.0 -1.0 -1000.0 -1000.0 -1000.0 -10.0 0.4118811875960706
Car -1.0 -1 -10.0 654.35 177.1 684.6 191.72 -1.0 -1.0 -1.0 -1000.0 -1000.0 -1000.0 -10.0 0.5131672118149212
Car -1.0 -1 -10.0 614.77 178.15 625.23 184.44 -1.0 -1.0 -1.0 -1000.0 -1000.0 -1000.0 -10.0 0.9189715839210126
Car -1.0 -1 -10.0 568.94 179.19 577.32 186.52 -1.0 -1.0 -1.0 -1000.0 -1000.0 -1000.0 -10.0 0.6635157809581819
Car -1.0 -1 -10.0 693.94 175.02 749.19 187.56 -1.0 -1.0 -1.0 -1000.0 -1000.0 -1000.0 -10.0 0.004549550701253402
