Car 0.0 0 -1.65 653.07 178.55 691.18 207.3 1.41 1.65 4.28 3.19 1.73 38.08 -1.57 0.1069003113869732
Car 0.0 2 0.13 435.78 164.34 544.59 207.94 1.99 1.8 4.96 -5.73 1.63 34.76 -0.03 0.9045296489876771
Car 0.0 2 0.17 431.75 178.53 537.75 212.58 1.44 1.8 4.44 -5.59 1.72 32.4 -0.0 0.36284873428966335
Car 0.0 2 0.31 375.08 179.26 511.05 226.03 1.53 1.8 4.22 -5.75 1.77 24.95 0.08 0.014609440230270221
Car 0.0 2 0.34 358.6 180.92 497.93 231.55 1.5 1.46 3.95 -5.66 1.77 22.53 0.1 0.35385829691242354
Car 0.0 2 0.28 324.61 180.99 471.55 239.83 1.53 1.64 3.6 -5.87 1.78 20.11 0.0 0.22283548216959914
Car 0.0 2 -2.73 190.05 182.96 386.38 262.81 1.53 1.51 3.38 -6.59 1.76 14.9 -3.14 0.1625680563980494
Car 0.0 1 -2.71 110.31 185.45 376.0 276.62 1.41 1.63 3.75 -6.22 1.66 12.45 3.12 0.4909110417442166
Car 0.58 1 -2.49 0.0 195.66 234.4 354.6 1.47 1.53 4.21 -6.56 1.76 7.65 3.1 0.17843622975263573
Car 0.82 0 -2.09 808.91 173.01 1241.0 374.0 1.64 1.62 4.2 2.59 1.66 4.36 -1.59 0.20408025679930697
Car 0.0 2 -1.63 636.83 163.79 675.97 198.02 2.4 2.5 6.54 3.39 1.8 54.36 -1.57 0.9870063975905877
Car -1.0 -1 -10.0 613.73 168.77 629.4 188.6 -1.0 -1.0 -1.0 -1000.0 -1000.0 -1000.0 -10.0 0.4422686165820334
Car -1.0 -1 -10.0 535.6 170.85 590.85 194.85 -1.0 -1.0 -1.0 -1000.0 -1000.0 -1000.0 -10.0 0.02580212105242541
