Car 1.0 0 -2.55 997.44 192.9 1241.0 374.0 1.51 1.59 4.28 2.78 1.6 1.58 -1.58 0.6167116664386338
Car 0.0 0 -1.92 772.81 178.57 1071.39 371.48 1.56 1.57 3.78 2.93 1.64 7.78 -1.57 0.02133227617753175
Car 0.03 0 2.01 23.79 200.53 354.4 374.0 1.47 1.71 3.85 -4.49 1.85 8.38 1.53 0.9714983153301887
Car 0.0 1 1.87 294.57 187.18 444.57 294.83 1.73 1.65 3.7 -4.45 2.03 13.78 1.56 0.1409689429006442
Car 0.0 1 -1.74 691.91 183.24 798.06 262.22 1.54 1.66 3.79 2.86 1.79 16.26 -1.57 0.31086672476931254
Car 0.0 1 1.77 403.81 181.79 495.48 252.7 1.68 1.63 3.94 -4.22 1.94 19.35 1.56 0.040324490765044185
Car 0.0 2 -1.77 672.55 181.83 752.81 234.61 1.48 1.64 4.15 3.07 1.77 22.61 -1.64 0.707523738203323
Car 0.0 1 -1.67 648.22 148.56 722.18 224.52 2.85 2.46 5.85 2.98 1.97 30.23 -1.57 0.8670852192507226
Car 0.0 1 -1.66 625.6 186.27 652.5 207.85 1.45 1.61 3.34 2.03 2.43 51.62 -1.62 0.006618114421020227
Car 0.0 0 -1.68 518.51 191.67 546.65 211.19 1.34 1.69 3.6 -5.87 2.79 54.19 -1.79 0.8111151022304322
Car 0.0 1 -1.85 605.37 184.34 637.4 206.23 1.69 1.59 3.77 0.87 2.64 58.58 -1.84 0.08791404009709725
Car 0.0 0 -1.78 583.05 187.85 607.75 203.96 1.49 1.71 3.58 -1.47 2.99 70.81 -1.8 0.8097898965596967
