Car 0.91 0 0.83 935.77 170.85 1241.0 374.0 1.46 1.61 3.61 3.36 1.45 3.77 1.52 0.3015765007810539
Car 0.1 0 2.18 0.0 199.03 313.32 359.65 1.48 1.56 4.09 -5.61 1.88 9.25 1.65 0.8375779441698523
Car 0.0 1 -1.94 760.13 175.16 1013.14 317.21 1.46 1.67 3.89 3.26 1.52 9.49 -1.62 0.14145935331774995
Car 0.0 0 1.82 399.95 176.29 476.65 227.16 1.56 1.63 3.62 -5.7 1.7 24.18 1.59 0.26420591855799047
Car 0.0 1 -1.8 689.61 170.7 788.03 238.54 1.51 1.6 3.54 3.06 1.49 18.03 -1.64 0.5944198971689355
Car 0.0 2 -1.81 675.16 170.41 746.06 221.61 1.53 1.5 3.34 3.16 1.48 23.5 -1.68 0.530203569258191
Car 0.0 2 1.75 445.38 176.87 496.6 215.57 1.46 1.43 3.52 -5.6 1.64 29.21 1.56 0.16696529637565483
Car -1.0 -1 -10.0 138.73 161.48 313.77 220.9 -1.0 -1.0 -1.0 -1000.0 -1000.0 -1000.0 -10.0 0.9722278284629345
Car -1.0 -1 -10.0 716.85 150.02 752.31 195.9 -1.0 -1.0 -1.0 -1000.0 -1000.0 -1000.0 -10.0 0.1829034397917635
Car -1.0 -1 -10.0 808.52 151.06 876.27 182.35 -1.0 -1.0 -1.0 -1000.0 -1000.0 -1000.0 -10.0 0.015562605232024018
