Pedestrian 0.0 0 -1.13 694.29 148.94 710.29 206.63 1.76 0.53 0.64 2.95 0.8 22.0 -0.99 0.4518571753540096
Pedestrian 0.0 1 0.59 268.44 131.64 312.1 251.49 1.92 0.66 0.67 -5.26 1.14 11.69 0.18 0.7843723436677265
Pedestrian 0.26 1 0.54 1031.88 142.62 1140.21 369.0 1.87 0.7 0.73 3.48 1.64 4.84 1.14 0.3871988827256524
Pedestrian 0.02 2 0.64 995.5 125.96 1162.54 369.0 1.81 0.57 0.96 3.75 1.41 5.72 1.2 0.9600880866537711
Pedestrian 0.2 1 0.59 916.81 140.81 1041.81 369.0 1.82 0.66 0.97 2.63 1.56 5.13 1.04 0.11281467684818325
Pedestrian 0.35 0 0.6 932.66 131.53 1201.26 369.0 1.78 0.6 1.15 2.56 1.54 4.09 1.13 0.17530772800046612
Pedestrian 0.0 0 1.33 590.56 141.87 630.56 249.91 1.77 0.66 1.0 0.04 1.14 12.17 1.34 0.41114887584897297
Pedestrian 0.0 0 1.31 636.74 133.1 674.74 245.96 1.88 0.62 1.0 0.77 1.09 12.35 1.37 0.31879508902390874
Pedestrian 0.0 1 1.24 569.75 140.0 601.08 229.95 1.81 0.75 0.96 -0.44 0.99 14.8 1.21 0.06697597136998412
Pedestrian 0.0 0 1.33 544.35 139.86 576.02 231.79 1.81 0.82 0.89 -0.99 1.01 14.48 1.26 0.8753617230266764
Pedestrian 0.0 2 1.12 621.95 145.05 660.82 220.22 1.69 0.46 1.07 0.81 0.89 16.5 1.17 0.6073634988928357
Pedestrian 0.0 1 1.51 445.12 140.47 474.12 234.81 1.8 0.58 0.92 -2.93 1.03 14.02 1.31 0.20048355573061405
Pedestrian 0.0 0 1.32 476.95 148.77 500.95 227.65 1.62 0.52 0.87 -2.56 0.97 15.04 1.15 0.4985100763148178
Pedestrian 0.0 0 1.31 500.39 136.76 529.39 225.01 1.85 0.55 0.95 -2.02 0.93 15.33 1.19 0.5558569137452958
Pedestrian 0.0 1 1.28 533.65 152.69 557.32 226.03 1.56 0.56 0.77 -1.41 0.97 15.5 1.19 0.8491411871531725
Car 0.97 3 -1.26 0.0 0.0 267.61 369.0 2.13 1.99 5.19 -3.17 1.66 3.69 -1.93 0.28765729841614107
Car -1.0 -1 -10.0 418.79 140.82 443.48 196.35 -1.0 -1.0 -1.0 -1000.0 -1000.0 -1000.0 -10.0 0.6390796102671409
Car -1.0 -1 -10.0 329.38 146.99 397.24 184.02 -1.0 -1.0 -1.0 -1000.0 -1000.0 -1000.0 -10.0 0.481468412358388
Car -1.0 -1 -10.0 714.79 118.21 1222.0 154.21 -1.0 -1.0 -1.0 -1000.0 -1000.0 -1000.0 -10.0 0.335383042051288
