Car 0.88 0 -2.18 878.79 174.65 1241.0 374.0 1.56 1.57 3.78 2.9 1.58 3.88 -1.57 0.3682683925446376
Car 0.92 0 2.27 0.0 211.63 211.08 374.0 1.47 1.71 3.85 -4.47 1.81 4.61 1.53 0.7428594309064871
Car 0.0 1 1.97 146.74 173.31 391.84 328.92 1.73 1.65 3.7 -4.43 1.76 9.94 1.56 0.4853179038648101
Car 0.0 0 -1.8 719.99 171.87 875.04 278.6 1.54 1.66 3.79 2.98 1.55 12.42 -1.57 0.9075865460179234
Car 0.0 1 1.82 340.82 174.14 467.57 265.47 1.68 1.63 3.94 -4.27 1.74 15.41 1.56 0.5047384303550088
Car 0.0 1 -1.79 684.96 172.01 786.25 237.34 1.48 1.64 4.15 3.06 1.49 18.59 -1.63 0.7922223283839636
Car 0.0 1 -1.68 653.21 131.13 740.25 219.22 2.85 2.46 5.85 2.98 1.53 26.46 -1.57 0.36872661653806893
Car 0.0 2 1.45 646.17 171.6 690.16 206.77 1.53 1.57 3.87 2.63 1.51 33.73 1.53 0.18950188573056248
Car 0.0 1 -1.65 626.28 174.94 655.07 197.93 1.45 1.61 3.34 1.97 1.61 47.71 -1.61 0.48921440576955555
Car 0.0 0 -1.67 510.15 179.84 540.05 200.18 1.34 1.69 3.6 -5.96 1.84 50.21 -1.79 0.2812935721722176
Car 0.0 1 -1.85 604.77 171.89 639.13 195.18 1.69 1.59 3.77 0.85 1.65 54.66 -1.84 0.766946185513942
Car 0.0 0 -1.78 581.64 175.37 607.75 192.07 1.49 1.71 3.58 -1.46 1.75 66.91 -1.8 0.6111570207208245
Car -1.0 -1 -10.0 484.98 171.48 510.5 194.41 -1.0 -1.0 -1.0 -1000.0 -1000.0 -1000.0 -10.0 0.3166879738148296
Car -1.0 -1 -10.0 544.49 170.18 577.77 189.23 -1.0 -1.0 -1.0 -1000.0 -1000.0 -1000.0 -10.0 0.6186489405245057
