Car 0.83 0 2.36 0.0 210.8 205.7 374.0 1.48 1.56 4.09 -5.59 1.91 6.22 1.65 0.7645379327731074
Car 0.26 0 -2.06 815.46 176.77 1241.0 374.0 1.46 1.67 3.89 3.24 1.51 6.39 -1.61 0.7736553671617034
Car 0.0 0 1.85 365.27 180.92 457.86 240.16 1.56 1.63 3.62 -5.72 1.81 21.06 1.59 0.6245559922593381
Car 0.0 0 -1.82 705.13 172.3 828.78 256.34 1.51 1.6 3.54 3.05 1.53 14.9 -1.62 0.9924659749834822
Car 0.0 2 -1.83 683.81 171.16 767.79 230.99 1.53 1.5 3.34 3.14 1.51 20.36 -1.68 0.4176678852834099
Car 0.0 2 1.77 423.89 180.29 483.5 223.92 1.46 1.43 3.52 -5.62 1.73 26.11 1.56 0.2222289286310528
Pedestrian 0.0 2 -1.74 732.25 155.69 746.58 205.86 1.96 0.68 0.8 5.11 1.3 28.71 -1.57 0.5077624576923268
Pedestrian 0.0 2 -1.77 747.43 155.9 761.76 206.03 1.94 0.65 0.74 5.76 1.29 28.37 -1.57 0.9125174076053839
Car -1.0 -1 -10.0 96.86 179.24 279.56 209.29 -1.0 -1.0 -1.0 -1000.0 -1000.0 -1000.0 -10.0 0.36047175442658774
Car -1.0 -1 -10.0 816.85 157.31 882.52 180.27 -1.0 -1.0 -1.0 -1000.0 -1000.0 -1000.0 -10.0 0.8266440191931909
