Pedestrian 0.03 0 -1.87 770.47 161.59 854.14 373.0 1.73 0.84 0.86 1.7 1.58 6.15 -1.62 0.78200568475157
Pedestrian 0.03 0 -1.96 860.39 149.57 967.72 373.0 1.81 0.9 0.95 2.54 1.56 6.12 -1.59 0.9309289602123205
Pedestrian 0.0 0 -1.23 198.84 165.49 274.84 368.59 1.78 0.92 1.01 -3.55 1.64 6.86 -1.69 0.0503598974492564
Pedestrian 0.0 0 -3.03 643.4 164.13 672.73 255.75 1.79 0.86 1.02 1.01 1.46 14.56 -2.97 0.0036281234021732223
Pedestrian 0.0 0 -1.86 722.32 165.12 753.66 243.93 1.75 0.78 0.84 3.19 1.38 16.42 -1.67 0.440377058674857
Pedestrian 0.0 0 2.96 1111.33 150.97 1191.66 267.52 1.71 0.71 1.03 8.32 1.26 11.06 -2.69 0.2409728962154356
Pedestrian 0.0 2 2.7 1114.17 143.01 1190.51 252.22 1.77 0.85 1.15 9.38 1.15 12.16 -2.94 0.841301400121491
Pedestrian 0.0 2 2.0 904.43 156.1 942.09 241.25 1.73 0.69 0.56 6.74 1.21 15.03 2.41 0.709633206596951
Pedestrian 0.0 2 1.78 548.47 174.68 562.97 221.16 1.69 0.68 1.11 -1.92 1.44 26.74 1.7 0.05810425839326916
Car 0.0 1 1.69 470.9 164.72 535.47 221.69 2.11 2.04 4.62 -3.89 1.49 29.19 1.55 0.1755345757030209
Car 0.0 2 1.93 506.3 167.25 568.01 206.7 2.09 1.79 4.99 -3.53 1.33 40.63 1.84 0.772537473455893
Car -1.0 -1 -10.0 161.02 188.43 196.77 269.96 -1.0 -1.0 -1.0 -1000.0 -1000.0 -1000.0 -10.0 0.5287574101537987
Car -1.0 -1 -10.0 674.27 178.12 719.69 221.61 -1.0 -1.0 -1.0 -1000.0 -1000.0 -1000.0 -10.0 0.04386252741245744
Car -1.0 -1 -10.0 575.62 166.51 608.79 193.88 -1.0 -1.0 -1.0 -1000.0 -1000.0 -1000.0 -10.0 0.40946300630009225
