Car 0.93 0 -2.22 871.14 204.68 1241.0 374.0 1.36 1.55 3.87 2.77 1.59 3.56 -1.6 0.4617259028622609
Car 0.0 0 -1.81 706.78 171.87 842.26 279.77 1.62 1.48 3.36 2.69 1.64 12.66 -1.61 0.5608298197038464
Car 0.0 2 0.55 47.13 177.73 367.1 287.12 1.55 1.7 4.09 -6.18 1.66 11.26 0.06 0.015621299009975886
Car 0.0 2 0.4 174.14 174.4 406.27 264.48 1.59 1.63 3.75 -6.08 1.65 13.91 -0.01 0.5053514121253816
Car 0.0 2 -2.76 217.74 160.94 396.76 253.21 1.95 1.67 3.35 -6.79 1.72 16.33 3.13 0.5416160479731542
Car 0.0 2 -2.82 268.96 181.05 418.74 239.27 1.42 1.55 3.35 -6.93 1.65 18.88 3.12 0.020225315726432935
Car 0.0 2 0.27 346.59 178.25 478.9 228.76 1.43 1.49 3.56 -5.9 1.61 21.69 0.01 0.757464035473052
Car 0.0 2 0.24 378.45 177.87 499.8 226.81 1.53 1.6 3.62 -5.64 1.72 23.91 0.01 0.6096223903963377
Car 0.0 2 0.28 391.68 170.65 488.58 218.53 1.66 1.57 3.11 -6.19 1.61 26.31 0.05 0.19740856282829733
Car 0.0 2 0.25 392.32 172.07 511.53 216.04 1.66 1.71 4.34 -6.27 1.66 28.73 0.04 0.693514593645435
Car 0.0 2 0.14 454.81 162.32 532.25 198.45 2.08 1.8 4.37 -6.97 1.49 43.33 -0.02 0.702346617535795
Cyclist 0.0 0 1.59 574.95 172.72 581.93 190.9 1.59 0.58 1.69 -2.82 1.59 64.24 1.54 0.9025662406951145
Car 0.0 0 -1.68 659.68 180.21 711.29 221.19 1.38 1.49 3.38 2.66 1.66 26.32 -1.58 0.41472930554137966
Car 0.0 0 -1.65 627.12 174.35 650.1 192.1 1.41 1.56 4.08 2.34 1.57 60.19 -1.62 0.24612901670837406
Car -1.0 -1 -10.0 531.55 166.95 566.77 191.18 -1.0 -1.0 -1.0 -1000.0 -1000.0 -1000.0 -10.0 0.9452738975094743
Car -1.0 -1 -10.0 593.01 163.07 626.29 184.06 -1.0 -1.0 -1.0 -1000.0 -1000.0 -1000.0 -10.0 0.5018324956285694
