Car 0.0 0 -1.56 577.73 172.48 652.76 240.82 1.6 1.76 3.84 0.17 1.3 18.91 -1.55 0.5562089961703813
Car 0.63 3 -0.88 0.0 192.74 145.76 323.73 1.49 1.66 3.37 -8.03 1.63 9.42 -1.57 0.8442675769131672
Car 0.33 0 -1.08 0.0 181.06 374.21 375.0 1.63 1.67 3.92 -3.73 1.6 6.78 -1.57 0.0803360335617469
Car 0.0 2 -1.16 217.42 185.65 346.74 246.9 1.42 1.61 4.05 -8.54 1.45 19.16 -1.57 0.33705949154133774
Car 0.0 0 -1.33 379.26 179.16 483.53 248.94 1.56 1.69 3.63 -4.34 1.42 18.07 -1.56 0.7567632444080437
Car 0.0 1 -1.4 463.59 181.3 516.31 217.21 1.38 1.58 3.49 -4.83 1.23 29.71 -1.57 0.14871752387492454
Car 0.0 1 -1.45 499.71 179.79 541.21 208.96 1.43 1.64 4.33 -4.55 1.16 37.81 -1.57 0.5134588460872794
Car 0.0 1 -1.48 510.43 143.79 562.89 199.37 3.48 2.57 11.68 -4.85 0.84 51.17 -1.57 0.9446504255354209
Car 0.0 2 -1.14 212.87 184.53 316.66 229.34 1.48 1.69 4.52 -12.57 1.47 26.62 -1.58 0.7333956124574722
Car 0.0 1 -1.21 295.4 183.27 360.75 217.64 1.48 1.57 3.75 -12.92 1.4 33.36 -1.57 0.3003248580012364
Car 0.0 1 -1.35 420.13 173.32 457.56 200.06 1.88 1.83 3.95 -12.4 1.03 52.97 -1.58 0.9180887699899443
Car -1.0 -1 -10.0 664.28 175.22 687.84 191.67 -1.0 -1.0 -1.0 -1000.0 -1000.0 -1000.0 -10.0 0.5888075156138244
