Car 0.1 0 -2.01 828.78 178.35 1208.26 374.0 1.6 1.65 3.77 3.56 1.67 7.23 -1.57 0.10874961252987614
Car 0.0 0 1.72 444.5 161.47 548.47 258.65 1.86 1.63 4.2 -2.41 1.67 16.01 1.57 0.18147039942967458
Car 0.0 0 1.52 833.79 182.35 920.1 353.9 1.64 0.75 0.83 2.67 1.74 7.4 1.85 0.35181671025813377
Car 0.73 0 2.12 0.0 209.15 372.37 374.0 1.45 1.46 3.41 -2.96 1.77 4.79 1.59 0.4492029473994782
Car 0.0 1 -1.74 714.94 183.7 803.06 240.78 1.37 1.61 4.26 3.94 1.69 19.9 -1.55 0.3615553038113254
Car 0.0 1 1.34 757.48 181.76 896.53 273.6 1.46 1.44 4.53 3.92 1.65 13.91 1.61 0.41656987416101
Car 0.0 1 1.61 558.23 173.89 590.94 204.8 1.51 1.55 3.92 -1.83 1.59 37.64 1.56 0.5961742409825725
Car 0.0 2 1.71 494.18 178.27 563.23 233.47 1.51 1.55 3.71 -2.4 1.69 21.76 1.6 0.6253915021749712
Car 0.0 2 -1.73 707.39 179.35 768.09 226.25 1.5 1.53 3.37 4.32 1.74 25.03 -1.56 0.741685935117899
Car 0.0 2 -1.73 691.03 178.26 738.99 214.08 1.47 1.56 3.16 4.52 1.72 31.61 -1.59 0.10118629552953562
Car 0.0 2 -1.7 679.53 176.83 720.43 208.06 1.48 1.56 3.62 4.44 1.69 36.28 -1.58 0.3791592335712849
Car -1.0 -1 -10.0 594.95 168.89 680.63 198.29 -1.0 -1.0 -1.0 -1000.0 -1000.0 -1000.0 -10.0 0.28079712473894913
