Car 0.93 0 0.88 902.8 189.59 1241.0 374.0 1.55 1.47 3.36 2.78 1.66 3.33 1.54 0.6835260841902183
Cyclist 0.0 0 -1.84 794.79 188.22 829.87 260.61 1.44 0.36 1.26 4.18 1.77 15.12 -1.57 0.21792452619429603
Car 0.0 0 1.7 444.61 192.53 530.53 263.48 1.46 1.6 3.33 -2.87 1.97 17.27 1.53 0.9866180694497109
Car 0.0 0 -1.71 670.34 179.86 761.93 254.1 1.64 1.7 3.54 2.48 1.82 17.89 -1.58 0.5389074913911959
Car 0.0 2 -1.7 660.0 188.58 723.99 238.4 1.37 1.51 3.39 2.42 1.88 22.31 -1.59 0.9536314620745878
Car 0.0 2 -1.69 647.58 177.69 705.72 227.51 1.74 1.66 4.23 2.43 1.94 27.54 -1.61 0.4656771961825026
Car 0.0 0 1.63 537.06 185.61 571.09 214.71 1.55 1.68 4.42 -3.22 2.31 41.86 1.56 0.5951579281217024
Car 0.0 2 -1.67 638.71 176.86 677.1 213.7 2.0 1.76 4.61 2.7 2.26 41.93 -1.6 0.016349893489375322
Car -1.0 -1 -10.0 0.0 212.88 290.74 373.0 -1.0 -1.0 -1.0 -1000.0 -1000.0 -1000.0 -10.0 0.019024918543590563
Car -1.0 -1 -10.0 577.48 177.94 629.52 198.29 -1.0 -1.0 -1.0 -1000.0 -1000.0 -1000.0 -10.0 0.8819428732165546
