Car 0.0 0 -1.65 647.42 179.81 683.56 207.17 1.41 1.65 4.28 2.99 1.81 39.91 -1.57 0.6644222601937025
Car 0.0 2 0.12 441.73 165.6 544.98 207.05 1.99 1.8 4.96 -5.86 1.67 36.52 -0.04 0.55849889861885
Car 0.0 2 0.33 371.8 183.18 500.64 230.18 1.5 1.46 3.95 -5.84 1.87 24.3 0.09 0.81501847842334
Car 0.0 2 0.26 344.24 181.48 478.26 235.48 1.53 1.64 3.6 -5.99 1.82 21.87 -0.0 0.1891654498150379
Car 0.0 1 -2.76 172.76 186.3 400.18 265.55 1.41 1.63 3.75 -6.29 1.71 14.22 3.11 0.101892401221514
Car 0.3 3 -2.58 0.0 194.56 294.76 323.61 1.47 1.53 4.21 -6.6 1.8 9.38 3.1 0.5986222226680629
Car 0.32 0 -1.98 758.39 171.64 1218.6 374.0 1.64 1.62 4.2 2.55 1.67 6.19 -1.61 0.2859194530649083
Car 0.0 2 -1.63 631.84 165.39 669.3 198.45 2.4 2.5 6.54 3.06 1.9 56.17 -1.57 0.005438918429401696
Car -1.0 -1 -10.0 0.0 323.49 303.68 373.0 -1.0 -1.0 -1.0 -1000.0 -1000.0 -1000.0 -10.0 0.9432875823162407
Car -1.0 -1 -10.0 550.96 162.42 626.29 193.76 -1.0 -1.0 -1.0 -1000.0 -1000.0 -1000.0 -10.0 0.33295515855172686
