Car 0.98 1 2.41 0.0 230.03 66.05 374.0 1.43 1.48 3.71 -5.86 1.95 4.88 1.56 0.39860595277070743
Car 0.0 1 2.06 61.24 202.59 324.49 328.44 1.4 1.65 4.02 -5.96 1.92 10.86 1.57 0.7903973347467486
Car 0.82 3 2.35 1170.11 128.02 1241.0 268.61 1.72 1.68 2.78 9.06 1.16 9.07 3.12 0.7117726104062128
Car 0.27 3 2.48 1022.99 137.78 1241.0 253.35 1.67 1.67 3.43 8.72 1.17 11.45 3.12 0.9050664074011153
Car 0.0 2 2.61 920.83 152.45 1156.79 238.66 1.57 1.62 3.69 8.31 1.22 14.27 3.13 0.7590233541695973
Car 0.0 1 1.93 315.46 191.74 439.26 258.45 1.43 1.61 4.13 -5.78 1.95 18.34 1.63 0.06860761229022172
Car 0.0 1 -1.84 731.15 178.53 890.15 279.84 1.47 1.6 3.87 3.23 1.58 12.54 -1.59 0.2371832471816948
Car 0.0 2 -1.74 697.19 174.64 790.41 245.79 1.57 1.57 4.04 3.19 1.64 18.12 -1.57 0.43247268530272776
Car 0.0 2 1.82 401.21 187.64 473.56 237.23 1.48 1.5 3.58 -5.72 2.0 24.1 1.59 0.6988659753856115
Car 0.0 2 1.4 671.52 178.57 730.41 219.4 1.46 1.61 3.61 3.41 1.69 27.86 1.52 0.6406706290434347
Car 0.0 2 -1.73 658.47 180.41 707.63 214.13 1.46 1.67 3.89 3.31 1.83 33.65 -1.63 0.665716424187584
Car -1.0 -1 -10.0 0.0 252.33 27.46 373.0 -1.0 -1.0 -1.0 -1000.0 -1000.0 -1000.0 -10.0 0.5392576462774391
Car -1.0 -1 -10.0 353.02 176.0 409.59 186.64 -1.0 -1.0 -1.0 -1000.0 -1000.0 -1000.0 -10.0 0.41516757614925603
Car -1.0 -1 -10.0 178.36 187.65 229.11 201.53 -1.0 -1.0 -1.0 -1000.0 -1000.0 -1000.0 -10.0 0.19758046433450982
Car -1.0 -1 -10.0 0.0 179.24 39.11 244.22 -1.0 -1.0 -1.0 -1000.0 -1000.0 -1000.0 -10.0 0.6841032207823178
Car -1.0 -1 -10.0 464.77 180.23 548.14 216.73 -1.0 -1.0 -1.0 -1000.0 -1000.0 -1000.0 -10.0 0.6207089712112044
Car -1.0 -1 -10.0 574.15 170.85 609.61 192.77 -1.0 -1.0 -1.0 -1000.0 -1000.0 -1000.0 -10.0 0.13716060555440324
Car -1.0 -1 -10.0 640.81 177.1 677.31 203.18 -1.0 -1.0 -1.0 -1000.0 -1000.0 -1000.0 -10.0 0.6822742915059924
