Car 1.0 1 -2.66 1130.71 178.38 1241.0 374.0 1.57 1.57 4.04 3.19 1.57 1.35 -1.57 0.8019941115153925
Car 0.54 0 2.21 0.0 206.81 233.6 374.0 1.48 1.5 3.58 -5.73 1.91 7.61 1.59 0.8528156112975506
Car 0.0 0 1.24 751.1 178.85 941.4 292.18 1.46 1.61 3.61 3.4 1.56 11.21 1.52 0.2896672147036382
Car 0.0 1 1.99 289.63 186.72 432.55 261.96 1.48 1.56 4.09 -5.62 1.83 16.73 1.67 0.5062632921760407
Car 0.0 1 -1.82 700.52 178.38 814.92 249.69 1.46 1.67 3.89 3.28 1.61 16.96 -1.63 0.7184330911628488
Car 0.0 1 1.75 453.59 177.63 505.96 215.84 1.56 1.63 3.62 -5.67 1.79 31.61 1.57 0.6142007086639997
Car 0.0 1 -1.75 668.58 177.5 732.95 223.95 1.51 1.6 3.54 3.1 1.69 25.51 -1.64 0.6315141560080861
Car 0.0 2 -1.78 660.18 175.17 711.13 213.14 1.53 1.5 3.34 3.17 1.65 31.11 -1.68 0.2634850358153543
Car 0.0 2 1.71 480.19 178.52 518.34 208.93 1.46 1.43 3.52 -5.61 1.76 36.68 1.56 0.9632578620042259
Car -1.0 -1 -10.0 0.0 175.36 257.75 208.64 -1.0 -1.0 -1.0 -1000.0 -1000.0 -1000.0 -10.0 0.17210841105063057
Car -1.0 -1 -10.0 694.98 161.48 725.23 190.69 -1.0 -1.0 -1.0 -1000.0 -1000.0 -1000.0 -10.0 0.8842578553667333
Car -1.0 -1 -10.0 761.65 154.19 815.86 186.52 -1.0 -1.0 -1.0 -1000.0 -1000.0 -1000.0 -10.0 0.36473970711732306
