Pedestrian 0.0 2 2.9 592.47 163.9 626.57 237.27 1.73 0.84 0.86 0.19 1.31 17.49 2.91 0.8194741416385265
Pedestrian 0.0 0 -3.13 603.08 158.24 621.75 240.28 1.81 0.9 0.95 0.16 1.3 16.36 -3.13 0.07013065214574299
Pedestrian 0.14 0 -2.35 928.62 148.14 1014.62 373.0 1.78 0.89 1.06 2.65 1.55 5.56 -1.93 0.5964521282485573
Pedestrian 0.0 0 1.73 561.14 157.41 605.14 259.46 1.79 0.89 1.04 -0.47 1.37 13.18 1.69 0.24723700634698864
Car 0.0 0 1.84 375.54 132.67 556.05 271.31 2.11 2.04 4.62 -2.27 1.37 13.33 1.67 0.9939330196236201
Car 0.0 2 1.72 501.01 150.83 592.98 237.19 2.09 1.79 4.99 -1.38 1.34 19.97 1.64 0.897164606458587
Car 0.0 2 2.6 1015.71 186.63 1105.57 311.32 1.3 0.7 0.53 4.99 1.36 7.91 3.14 0.4576102109803538
Car 0.0 2 1.28 940.4 185.57 1017.47 298.78 1.3 0.65 0.61 4.48 1.36 8.64 1.74 0.7801571558775332
Car -1.0 -1 -10.0 867.71 181.99 917.65 268.04 -1.0 -1.0 -1.0 -1000.0 -1000.0 -1000.0 -10.0 0.06513815654265742
Car -1.0 -1 -10.0 756.16 162.0 778.37 208.72 -1.0 -1.0 -1.0 -1000.0 -1000.0 -1000.0 -10.0 0.652667147239926
Car -1.0 -1 -10.0 625.27 159.42 724.86 199.69 -1.0 -1.0 -1.0 -1000.0 -1000.0 -1000.0 -10.0 0.11348339501453075
