Car 0.0 0 1.85 320.21 183.0 444.13 264.85 1.62 1.66 3.81 -5.08 1.87 16.47 1.56 0.8790702854694843
Cyclist 0.0 0 1.7 516.92 173.81 537.92 218.47 1.85 0.63 2.07 -3.57 1.9 31.03 1.58 0.0042566949951017286
Cyclist 0.0 0 1.64 536.31 175.19 554.85 216.91 1.76 0.66 1.83 -2.82 1.87 31.41 1.55 0.8231195548833642
Car 0.0 0 1.74 455.24 182.79 511.27 218.57 1.46 1.67 4.92 -5.67 1.93 32.63 1.57 0.5256641764536159
Cyclist 0.0 2 1.7 544.69 174.72 559.11 203.37 1.78 0.66 1.9 -3.71 1.91 45.9 1.62 0.596844490000737
Car 0.0 1 -1.57 633.92 176.58 660.04 198.05 1.51 1.84 4.1 2.71 1.8 53.36 -1.52 0.43949335522966304
Car 0.0 0 -1.77 695.01 172.95 833.99 278.07 1.61 1.67 3.62 2.56 1.64 12.97 -1.58 0.27350241000050013
Car -1.0 -1 -10.0 0.0 324.78 25.52 373.0 -1.0 -1.0 -1.0 -1000.0 -1000.0 -1000.0 -10.0 0.9236626923891968
Car -1.0 -1 -10.0 615.65 175.36 628.88 187.94 -1.0 -1.0 -1.0 -1000.0 -1000.0 -1000.0 -10.0 0.5541029535209705
Car -1.0 -1 -10.0 671.93 169.53 689.04 183.41 -1.0 -1.0 -1.0 -1000.0 -1000.0 -1000.0 -10.0 0.9462518755893126
