Car 0.56 0 -1.19 0.0 180.92 427.42 374.0 1.47 1.6 4.41 -2.67 1.54 5.44 -1.63 0.6933697941122634
Car 0.98 0 -2.27 846.18 160.26 1241.0 374.0 1.63 1.69 3.88 2.35 1.59 2.63 -1.6 0.9393650722777517
Car 0.0 1 -1.27 304.55 181.63 513.44 308.85 1.46 1.68 4.1 -2.66 1.6 10.42 -1.52 0.8126228498255281
Car 0.0 0 -1.71 659.12 175.39 726.71 224.9 1.49 1.64 4.17 2.63 1.6 24.03 -1.6 0.7342649444275506
Car 0.0 1 -1.88 732.36 179.4 1001.49 344.99 1.41 1.56 3.97 2.52 1.5 8.23 -1.59 0.4902674241758881
Car 0.0 2 -1.35 396.25 176.45 517.07 253.03 1.44 1.65 4.25 -3.24 1.54 15.88 -1.55 0.5304550235716221
Pedestrian 0.0 2 -1.25 355.9 163.64 385.14 264.69 1.83 0.6 0.39 -4.47 1.67 13.32 -1.57 0.258593849057435
Pedestrian 0.0 2 -1.28 384.85 166.02 403.33 247.02 1.81 0.34 0.32 -4.94 1.66 16.35 -1.57 0.631231015637965
Car 0.0 0 -1.55 540.7 173.38 576.56 206.17 1.6 1.75 3.89 -2.66 1.65 37.53 -1.62 0.7743193592395623
Car 0.0 2 -1.68 642.71 172.08 684.67 205.86 1.59 1.64 4.03 2.62 1.58 36.35 -1.61 0.09411774527080186
Pedestrian 0.0 2 -1.29 392.35 167.47 411.28 250.44 1.78 0.4 0.43 -4.55 1.67 15.75 -1.57 0.3414162974801487
Car 0.0 2 -1.6 632.37 170.29 658.15 196.28 1.83 1.75 4.52 2.55 1.68 53.41 -1.55 0.737163593468354
Car -1.0 -1 -10.0 575.19 172.94 597.11 184.44 -1.0 -1.0 -1.0 -1000.0 -1000.0 -1000.0 -10.0 0.3249495233755796
Car -1.0 -1 -10.0 614.77 169.81 632.52 185.48 -1.0 -1.0 -1.0 -1000.0 -1000.0 -1000.0 -10.0 0.9633072796184593
