Car 0.0 0 -1.57 559.84 178.18 617.21 230.49 1.6 1.76 3.84 -0.68 1.38 24.15 -1.6 0.3045526809795922
Car 0.46 0 -0.92 0.0 184.94 195.43 326.92 1.55 1.55 3.94 -7.58 1.57 9.78 -1.57 0.6434677734945102
Car 0.0 0 -1.23 191.63 178.22 453.98 349.05 1.65 1.7 3.9 -3.23 1.57 8.93 -1.57 0.040813907130195726
Car 0.0 2 -1.22 288.92 177.86 392.86 239.47 1.66 1.62 3.95 -7.87 1.45 21.5 -1.57 0.1109790945803294
Car 0.0 0 -1.43 465.38 177.79 539.0 234.98 1.64 1.72 4.24 -3.3 1.42 22.96 -1.57 0.17407560722078452
Car 0.0 1 -1.35 407.78 182.23 459.64 214.74 1.45 1.61 3.72 -8.29 1.32 34.42 -1.58 0.16008483980916266
Car 0.0 2 -1.17 255.45 183.62 335.37 222.61 1.42 1.51 3.84 -12.42 1.38 28.76 -1.57 0.7850422635080858
Car 0.0 1 -1.46 503.36 182.23 545.43 213.98 1.48 1.64 3.81 -4.13 1.34 35.87 -1.57 0.22621671849300973
Car 0.0 1 -1.49 528.18 181.92 557.21 203.39 1.37 1.61 4.21 -4.39 1.16 48.82 -1.58 0.38313676231840066
Car 0.0 2 -1.03 53.17 187.46 200.65 250.8 1.42 1.56 3.39 -12.15 1.5 18.37 -1.61 0.29348221879019765
