Pedestrian 0.51 0 -2.09 967.38 147.77 1237.0 373.0 1.76 0.76 1.02 2.41 1.62 3.57 -1.53 0.07676803318662062
Pedestrian 0.0 0 -1.94 501.51 158.25 547.53 267.42 1.89 0.96 0.95 -1.52 1.48 13.05 -2.06 0.9917265844216097
Pedestrian 0.23 0 -2.09 974.91 169.37 1066.42 373.0 1.68 0.64 0.91 2.8 1.61 5.09 -1.61 0.22344194767351155
Pedestrian 0.0 0 -1.9 806.12 163.56 873.63 373.0 1.71 0.68 0.93 2.02 1.56 6.33 -1.61 0.29407402548515094
Pedestrian 0.0 0 -2.44 685.27 167.68 753.93 330.93 1.71 0.8 0.94 1.2 1.57 8.16 -2.31 0.44939864872138924
Pedestrian 0.0 1 -2.61 880.19 154.66 945.24 314.63 1.8 0.83 0.92 3.6 1.5 8.7 -2.23 0.6927326763096094
Pedestrian 0.0 0 -2.62 761.55 160.68 810.39 287.54 1.82 0.68 0.99 2.59 1.53 10.91 -2.4 0.8224695091222203
Pedestrian 0.0 1 -2.12 819.86 169.43 876.91 339.24 1.63 0.71 0.88 2.77 1.51 7.41 -1.78 0.0029727517607444076
Pedestrian 0.0 2 -2.54 785.8 160.93 863.3 277.22 1.83 0.78 0.94 3.66 1.51 11.92 -2.26 0.3173230248206478
Pedestrian 0.0 2 -1.97 802.38 163.91 887.9 311.57 1.72 0.69 0.88 2.95 1.52 8.87 -1.66 0.38002960817270093
Car 0.0 1 1.71 527.68 171.75 602.82 229.63 1.57 1.67 4.14 -1.01 1.31 21.7 1.66 0.15991352512720025
Car -1.0 -1 -10.0 606.57 165.22 684.24 243.53 -1.0 -1.0 -1.0 -1000.0 -1000.0 -1000.0 -10.0 0.270446803610091
Car -1.0 -1 -10.0 409.91 169.09 435.35 214.51 -1.0 -1.0 -1.0 -1000.0 -1000.0 -1000.0 -10.0 0.885699215272925
