Car 0.02 3 1.79 0.0 202.16 182.85 312.24 1.43 1.74 3.63 -8.56 1.98 12.15 1.18 0.32011235333316557
Car 0.83 0 1.24 1188.84 152.73 1241.0 247.88 1.52 1.55 3.91 10.9 1.19 11.59 1.98 0.6956100382090489
Car 0.0 2 1.33 1008.21 156.94 1189.87 256.99 1.62 1.84 4.1 9.09 1.38 13.88 1.9 0.5738452511483692
Car 0.0 0 -1.67 441.34 182.57 496.2 220.81 1.38 1.73 3.97 -5.69 1.78 28.58 -1.87 0.1933984275717633
Car 0.0 1 -2.86 615.56 164.91 715.98 208.38 1.74 1.58 3.9 2.31 1.45 30.28 -2.79 0.607193465050177
Car 0.0 0 1.72 250.29 183.58 294.56 213.84 1.58 1.68 3.76 -18.82 2.19 40.3 1.29 0.5294077405821356
Car 0.0 1 -1.61 408.25 175.15 432.33 197.13 1.77 1.77 5.1 -16.19 2.0 61.39 -1.87 0.08410954873215093
Car 0.2 0 -2.26 692.57 120.84 1229.58 374.0 1.95 1.89 4.61 2.63 1.65 6.91 -1.91 0.8970242480856413
Car 0.0 0 -1.89 537.98 189.22 681.55 272.81 1.35 1.64 3.76 -0.2 1.69 14.13 -1.91 0.03093378355790044
Car -1.0 -1 -10.0 296.09 176.0 387.59 206.05 -1.0 -1.0 -1.0 -1000.0 -1000.0 -1000.0 -10.0 0.10793545532473359
