Car 0.0 0 2.07 60.48 202.06 304.03 326.8 1.42 1.54 3.5 -6.08 1.91 10.66 1.56 0.8099822312503984
Car 0.0 1 -1.77 706.87 174.2 840.44 264.18 1.51 1.75 3.78 3.0 1.56 14.16 -1.57 0.7196955213291646
Car 0.0 1 1.93 272.47 193.92 408.03 266.98 1.36 1.51 4.02 -5.97 1.88 16.34 1.58 0.6110157031501839
Car 0.0 1 1.81 395.15 179.2 473.39 235.36 1.74 1.65 4.11 -5.92 1.97 24.59 1.57 0.309049845670631
Car 0.0 2 1.78 439.95 182.55 497.67 223.04 1.61 1.64 4.0 -6.06 2.04 31.2 1.59 0.746402362979987
Car 0.0 1 -1.61 638.0 175.89 659.23 194.26 1.55 1.66 4.15 3.35 1.84 63.5 -1.56 0.4194503336078368
Car -1.0 -1 -10.0 847.23 162.42 940.03 187.29 -1.0 -1.0 -1.0 -1000.0 -1000.0 -1000.0 -10.0 0.8212667632136125
Car -1.0 -1 -10.0 498.1 172.94 609.6 212.56 -1.0 -1.0 -1.0 -1000.0 -1000.0 -1000.0 -10.0 0.6743163459131675
Car -1.0 -1 -10.0 616.85 171.9 639.81 188.61 -1.0 -1.0 -1.0 -1000.0 -1000.0 -1000.0 -10.0 0.8129413131735701
Car -1.0 -1 -10.0 671.02 166.69 755.44 190.69 -1.0 -1.0 -1.0 -1000.0 -1000.0 -1000.0 -10.0 0.8485479467382938
