Car 0.85 0 2.17 0.0 186.86 396.73 374.0 1.45 1.67 4.43 -2.92 1.57 4.4 1.61 0.17692311929708804
Car 0.84 0 -2.15 849.87 210.66 1241.0 374.0 1.47 1.59 3.62 2.83 1.78 4.28 -1.6 0.7108581592403274
Car 0.0 1 1.89 257.95 174.6 467.69 308.08 1.56 1.68 3.69 -3.33 1.61 10.35 1.59 0.00022147503600433716
Car 0.0 1 1.31 726.68 194.68 953.71 341.56 1.44 1.64 4.5 2.75 1.79 9.86 1.57 0.5829053133214038
Car 0.0 1 1.72 448.79 172.79 525.44 234.0 1.46 1.51 3.24 -3.19 1.48 19.01 1.55 0.3639478065268559
Car 0.0 0 1.45 675.51 179.09 740.3 225.31 1.38 1.59 4.19 3.1 1.59 23.83 1.58 0.3380278972981682
Car 0.0 2 1.66 496.51 175.41 553.08 216.73 1.38 1.69 3.74 -3.06 1.49 26.22 1.55 0.7946478564907008
Car 0.0 0 -1.62 651.36 174.08 680.72 200.21 1.51 1.56 3.81 3.35 1.61 44.0 -1.55 0.36414843901105487
Car 0.0 2 -1.6 641.95 161.44 670.07 193.68 2.38 1.98 5.62 3.54 1.57 56.51 -1.54 0.8325922514535492
Car -1.0 -1 -10.0 565.19 168.89 603.65 190.53 -1.0 -1.0 -1.0 -1000.0 -1000.0 -1000.0 -10.0 0.6294717965980514
Car -1.0 -1 -10.0 628.31 170.85 645.02 183.39 -1.0 -1.0 -1.0 -1000.0 -1000.0 -1000.0 -10.0 0.40788173695993224
