Car 0.46 0 2.17 0.0 208.61 258.85 374.0 1.53 1.68 3.86 -5.83 2.02 8.22 1.57 0.49479783798313104
Car 0.0 1 2.01 195.37 198.73 374.17 292.66 1.42 1.55 3.85 -5.98 1.97 13.68 1.6 0.1393187678832305
Car 0.0 2 1.87 320.55 194.08 425.39 259.89 1.43 1.48 3.71 -5.97 2.01 18.45 1.56 0.4425599102410964
Car 0.0 1 1.81 389.72 189.78 467.82 237.0 1.4 1.65 4.02 -6.08 2.01 24.48 1.57 0.8829333146234875
Car 0.0 0 2.73 849.15 147.13 1016.85 209.21 1.64 1.59 3.99 8.97 0.97 20.32 -3.14 0.5397177262826302
Car 0.0 2 2.75 839.73 147.63 949.57 204.87 1.72 1.68 2.78 8.93 0.97 22.87 3.12 0.44984545704800016
Car 0.0 2 2.8 801.52 151.77 917.11 202.42 1.67 1.67 3.43 8.61 0.99 25.19 3.12 0.21750277693891873
Car 0.74 3 -0.75 1188.96 126.51 1241.0 172.71 1.53 1.85 4.94 23.41 -0.04 25.19 -0.0 0.42821278032820864
Car 0.41 3 -0.76 1143.65 130.49 1241.0 173.45 1.57 1.85 4.92 23.74 -0.01 27.94 -0.06 0.699610876360154
Car 0.0 2 2.86 763.24 158.79 870.76 201.35 1.57 1.62 3.69 7.96 1.06 28.06 3.13 0.994897975749496
Car 0.0 2 1.78 448.04 185.27 504.02 220.77 1.43 1.61 4.13 -5.89 2.0 31.96 1.59 0.04335685813323198
Car 0.0 1 -1.69 669.13 174.59 726.33 218.66 1.47 1.6 3.87 3.08 1.56 26.29 -1.57 0.8767916875377028
Car 0.0 2 -1.67 659.6 174.35 704.72 212.68 1.57 1.57 4.04 3.1 1.66 31.91 -1.57 0.4484297827393623
Car -1.0 -1 -10.0 506.97 172.12 656.69 202.82 -1.0 -1.0 -1.0 -1000.0 -1000.0 -1000.0 -10.0 0.10142279411455846
Car -1.0 -1 -10.0 658.99 152.07 722.68 172.42 -1.0 -1.0 -1.0 -1000.0 -1000.0 -1000.0 -10.0 0.989827938461092
