Car 0.23 0 -2.03 790.01 184.59 1210.73 374.0 1.45 1.61 3.34 2.76 1.57 6.07 -1.62 0.9037174453110273
Cyclist 0.11 0 2.04 113.04 166.59 291.61 374.0 1.76 0.57 1.83 -3.55 1.72 6.38 1.55 0.5786754264806977
Car 0.0 1 -1.21 54.64 200.99 321.79 344.57 1.34 1.69 3.6 -5.11 1.77 9.25 -1.7 0.889850229661676
Car 0.0 0 -1.87 661.86 164.18 813.92 274.49 1.69 1.59 3.77 2.09 1.58 13.09 -1.72 0.5423532119091442
Car 0.0 2 1.84 229.61 184.82 388.04 274.36 1.47 1.74 4.41 -5.84 1.73 14.49 1.47 0.8790866652344856
Car 0.0 0 -1.71 589.7 174.77 653.16 221.56 1.49 1.71 3.58 0.29 1.58 25.1 -1.7 0.9466894751790347
Car 0.0 0 -1.48 401.66 183.88 454.12 219.9 1.39 1.81 3.46 -7.63 1.87 30.34 -1.72 0.8673472269130772
Car 0.0 1 -1.66 564.66 175.5 603.09 207.61 1.47 1.55 3.37 -1.35 1.62 35.18 -1.7 0.44113231520779894
Pedestrian 0.0 1 1.61 406.39 171.09 420.54 205.33 1.8 0.68 0.72 -10.5 1.71 38.46 1.35 0.8684920214461868
Pedestrian 0.0 0 1.69 393.0 173.75 407.4 208.13 1.8 0.65 0.67 -11.16 1.85 38.28 1.41 0.9167956470890609
Cyclist 0.0 0 1.86 288.69 174.84 397.5 333.99 1.69 0.66 2.0 -3.2 1.73 8.72 1.52 0.34578479687972286
Car -1.0 -1 -10.0 455.87 168.89 568.72 201.53 -1.0 -1.0 -1.0 -1000.0 -1000.0 -1000.0 -10.0 0.0846163428895863
