Car 0.0 1 2.54 951.74 140.77 1110.08 191.07 1.52 1.76 4.1 13.67 0.3 22.86 3.08 0.5629986883679962
Car 0.0 0 -1.49 511.94 173.82 552.76 204.59 1.5 1.78 3.69 -3.73 1.17 36.84 -1.58 0.9251046657286598
Cyclist 0.0 0 -0.06 657.19 166.05 688.69 196.15 1.74 0.6 1.79 4.0 0.91 41.68 0.04 0.7726570216597658
Cyclist 0.0 0 -0.1 599.49 166.92 629.4 196.91 1.86 0.63 1.82 0.6 1.02 44.76 -0.08 0.5508229043894393
Cyclist 0.0 0 -1.2 373.19 177.57 400.45 214.1 1.7 0.64 1.74 -10.47 1.57 33.97 -1.49 0.038081161190817614
Pedestrian 0.0 0 -2.89 550.12 168.64 565.46 199.07 1.8 0.68 1.44 -2.53 1.1 42.5 -2.94 0.38954541132360265
Pedestrian 0.0 1 0.32 446.55 174.56 460.55 207.81 1.92 0.57 1.32 -8.58 1.58 41.32 0.12 0.5251974710777323
Car -1.0 -1 -10.0 824.74 152.62 941.68 183.5 -1.0 -1.0 -1.0 -1000.0 -1000.0 -1000.0 -10.0 0.8656126286952706
Car -1.0 -1 -10.0 1176.0 136.69 1212.61 159.28 -1.0 -1.0 -1.0 -1000.0 -1000.0 -1000.0 -10.0 0.9166045161655871
Car -1.0 -1 -10.0 357.13 179.88 368.46 207.66 -1.0 -1.0 -1.0 -1000.0 -1000.0 -1000.0 -10.0 0.6518195374886777
