Car 0.86 0 -2.07 767.87 0.0 1190.93 374.0 2.85 2.46 5.85 2.97 1.55 5.14 -1.57 0.823701954643922
Car 0.0 1 -1.78 708.85 155.35 860.79 279.1 1.78 1.59 4.33 2.79 1.56 12.63 -1.57 0.6343025529002932
Car 0.0 1 1.37 683.97 177.02 780.24 246.96 1.53 1.57 3.87 2.87 1.65 17.94 1.53 0.6744489350065379
Car 0.0 1 -1.75 638.72 180.38 698.33 222.69 1.45 1.61 3.34 2.07 1.74 26.75 -1.67 0.5848945249347425
Car 0.0 0 -1.35 38.81 197.84 141.73 258.54 1.48 1.6 3.72 -14.85 2.25 20.75 -1.97 0.2698954715992923
Car 0.0 0 -1.49 204.54 197.97 243.18 247.5 1.28 0.8 1.93 -10.94 2.01 20.4 -1.98 0.29066619366496604
Cyclist 0.0 0 1.64 490.32 177.88 505.16 215.68 1.76 0.57 1.83 -5.4 2.0 34.55 1.48 0.1561408195685604
Car 0.0 0 -1.59 442.41 187.53 488.03 224.37 1.34 1.69 3.6 -5.93 1.96 29.18 -1.79 0.7689898422326921
Car 0.0 1 -1.83 603.56 175.69 657.62 214.53 1.69 1.59 3.77 0.87 1.84 33.63 -1.8 0.37458704297828205
Car 0.0 0 -1.76 569.73 181.76 607.11 206.57 1.49 1.71 3.58 -1.43 2.06 45.78 -1.79 0.9279076590156131
Cyclist 0.0 0 1.52 508.25 178.23 523.92 212.76 1.69 0.66 2.0 -4.8 1.97 36.54 1.39 0.3918033078002976
Car -1.0 -1 -10.0 530.26 178.59 568.72 203.47 -1.0 -1.0 -1.0 -1000.0 -1000.0 -1000.0 -10.0 0.4339671292734565
