Car 0.78 0 2.21 0.0 196.36 230.79 374.0 1.62 1.66 3.81 -5.02 1.87 6.04 1.54 0.21068607054495836
Cyclist 0.0 0 1.84 396.91 170.55 457.63 271.05 1.85 0.63 2.07 -3.64 1.82 14.36 1.59 0.5556298969921053
Cyclist 0.0 0 1.72 444.62 174.68 491.65 265.98 1.76 0.66 1.83 -2.93 1.8 14.85 1.53 0.9940472805284651
Car 0.0 2 1.81 377.57 185.74 472.43 240.93 1.46 1.67 4.92 -5.59 1.89 22.29 1.57 0.41150506249833263
Cyclist 0.0 0 1.68 508.77 174.73 531.17 221.24 1.78 0.66 1.9 -3.59 1.86 28.65 1.56 0.029041977241084704
Car 0.0 1 1.79 493.12 181.7 540.13 208.57 1.42 1.73 4.41 -5.28 1.94 41.14 1.66 0.46441460480512087
Car 0.0 1 -1.56 639.33 175.96 672.07 202.85 1.51 1.84 4.1 2.72 1.72 43.01 -1.49 0.4878879755545278
Car 0.99 0 -2.31 908.01 163.88 1241.0 374.0 1.61 1.67 3.62 2.6 1.58 2.53 -1.57 0.05840647421094047
Car -1.0 -1 -10.0 674.51 158.54 723.32 211.88 -1.0 -1.0 -1.0 -1000.0 -1000.0 -1000.0 -10.0 0.2370315939066583
Car -1.0 -1 -10.0 614.35 170.18 638.58 189.23 -1.0 -1.0 -1.0 -1000.0 -1000.0 -1000.0 -10.0 0.6007198841870425
