Car 0.0 0 -1.75 694.46 175.88 809.62 258.09 1.55 1.66 4.15 2.9 1.63 15.8 -1.58 0.31636006158876184
Car 0.69 0 2.39 1067.51 151.9 1241.0 291.47 1.47 1.7 4.65 8.23 1.24 8.5 -3.14 0.8670503695126446
Car 0.21 3 2.54 962.18 121.57 1241.0 251.25 1.91 1.81 4.33 8.3 1.16 11.71 -3.14 0.6977402646850759
Car 0.0 0 -1.21 283.94 215.61 384.66 265.87 0.91 1.32 2.41 -6.11 1.93 16.1 -1.57 0.6082673727250387
Car 0.0 1 -1.26 339.69 182.13 441.22 247.56 1.63 1.61 3.81 -6.05 1.91 20.19 -1.55 0.5072983165654525
Car 0.17 0 2.14 0.0 207.07 262.83 359.89 1.43 1.57 3.48 -6.08 1.94 9.16 1.57 0.5471715476828749
Car 0.0 0 2.72 848.37 149.48 1056.22 220.57 1.63 1.67 4.32 8.3 1.11 17.84 -3.13 0.7713897330388735
Car 0.0 1 1.76 444.82 180.43 500.31 218.2 1.53 1.68 3.86 -5.96 1.87 31.51 1.57 0.10453722152754596
Car -1.0 -1 -10.0 484.56 171.9 577.31 205.28 -1.0 -1.0 -1.0 -1000.0 -1000.0 -1000.0 -10.0 0.993127954727893
Car -1.0 -1 -10.0 609.56 166.69 667.93 190.69 -1.0 -1.0 -1.0 -1000.0 -1000.0 -1000.0 -10.0 0.1805381053104259
Car -1.0 -1 -10.0 716.85 158.35 798.14 190.68 -1.0 -1.0 -1.0 -1000.0 -1000.0 -1000.0 -10.0 0.8869764094188803
