Cyclist 0.0 3 -1.94 963.57 142.01 1051.27 270.96 1.8 0.52 1.75 5.94 1.38 10.96 -1.45 0.17341211409021917
Pedestrian 0.0 1 -2.33 1021.91 156.65 1055.24 250.99 1.7 0.69 0.68 7.85 1.41 13.43 -1.81 0.46076368976294857
Pedestrian 0.0 0 -2.12 1057.28 154.05 1094.94 249.88 1.7 0.48 0.87 8.52 1.37 13.25 -1.56 0.8010726919071285
Car 0.0 2 -2.06 1030.86 193.07 1080.71 247.15 1.0 0.5 0.77 8.55 1.4 13.92 -1.52 0.8427925284986203
Cyclist 0.0 3 -1.72 788.74 166.81 807.29 210.38 1.64 0.44 1.56 7.24 1.42 27.93 -1.47 0.6029743166905672
Car -1.0 -1 -10.0 481.75 172.77 499.51 187.3 -1.0 -1.0 -1.0 -1000.0 -1000.0 -1000.0 -10.0 0.8194967643849018
Car -1.0 -1 -10.0 825.24 168.24 964.61 205.41 -1.0 -1.0 -1.0 -1000.0 -1000.0 -1000.0 -10.0 0.5295272292775626
Car -1.0 -1 -10.0 1100.2 142.37 1240.0 195.06 -1.0 -1.0 -1.0 -1000.0 -1000.0 -1000.0 -10.0 0.7956043788277947
Car -1.0 -1 -10.0 600.12 168.89 714.91 184.06 -1.0 -1.0 -1.0 -1000.0 -1000.0 -1000.0 -10.0 0.554205804261956
Car -1.0 -1 -10.0 550.19 173.98 570.02 185.48 -1.0 -1.0 -1.0 -1000.0 -1000.0 -1000.0 -10.0 0.8653369609006005
