Car 0.0 1 2.22 16.18 179.71 106.63 230.26 1.76 1.52 2.38 -20.19 2.03 26.6 1.57 0.960939116750998
Car 0.0 1 2.16 50.24 187.58 194.39 238.41 1.49 1.88 4.41 -16.25 2.02 24.3 1.57 0.6388895410439673
Car 0.0 0 2.03 200.35 174.11 280.44 210.96 1.94 1.88 5.3 -20.89 2.04 41.0 1.56 0.37092897654770673
Car 0.0 1 2.01 274.67 181.58 308.27 206.35 1.54 0.85 2.84 -20.55 2.11 46.56 1.59 0.16219173614374538
Car 0.0 0 1.86 377.21 181.32 417.91 205.64 1.48 1.61 3.39 -13.63 2.04 46.36 1.57 0.2331869120760044
Car 0.0 1 1.93 333.84 184.69 385.43 208.17 1.44 1.79 4.32 -16.53 2.25 47.77 1.6 0.8047387307717211
Car 0.0 0 1.82 436.57 181.29 468.72 200.74 1.6 1.78 3.86 -13.49 2.33 62.0 1.61 0.7377489737899178
Car -1.0 -1 -10.0 476.57 177.3 507.27 193.77 -1.0 -1.0 -1.0 -1000.0 -1000.0 -1000.0 -10.0 0.6914842960703504
Car -1.0 -1 -10.0 558.08 177.3 615.95 186.65 -1.0 -1.0 -1.0 -1000.0 -1000.0 -1000.0 -10.0 0.6479461092339784
Car -1.0 -1 -10.0 677.75 175.36 691.63 202.82 -1.0 -1.0 -1.0 -1000.0 -1000.0 -1000.0 -10.0 0.4385440319031272
Car -1.0 -1 -10.0 700.39 176.65 806.77 197.0 -1.0 -1.0 -1.0 -1000.0 -1000.0 -1000.0 -10.0 0.022541750737456345
Car -1.0 -1 -10.0 654.35 173.98 668.98 193.81 -1.0 -1.0 -1.0 -1000.0 -1000.0 -1000.0 -10.0 0.6792832946888636
