Pedestrian 0.0 0 3.13 421.85 161.0 437.25 200.44 1.86 0.57 1.08 -8.61 1.31 34.56 2.88 0.9084717164209973
Car 0.0 1 1.25 380.72 153.85 439.64 198.75 2.21 1.76 4.11 -10.52 1.3 37.72 0.98 0.28543554324214915
Car 0.0 1 -2.0 421.85 163.29 479.88 196.49 1.75 1.57 4.07 -8.91 1.27 40.04 -2.22 0.77820884121724
Car 0.0 0 -2.05 472.88 163.17 540.87 191.83 1.54 1.71 5.03 -6.0 1.05 41.3 -2.19 0.9364244431550236
Car 0.0 1 0.92 627.36 153.76 693.23 189.64 2.14 1.77 4.44 3.08 1.03 45.42 0.98 0.9404346091187644
Car 0.0 2 -2.26 661.42 161.75 711.12 185.84 1.53 1.41 3.4 4.98 0.85 47.69 -2.15 0.30758320338920686
Car 0.0 1 -2.41 702.49 159.2 755.49 184.78 1.69 1.61 3.36 8.15 0.81 49.7 -2.25 0.4643458535573183
Car 0.0 1 -2.45 731.48 164.87 790.87 185.02 1.44 1.62 4.26 11.21 0.89 53.83 -2.25 0.977093794821542
Car 0.0 1 -2.38 768.1 164.86 811.89 185.1 1.48 1.61 2.86 13.52 0.91 54.35 -2.14 0.33084738922011403
Car 0.0 1 -2.41 789.4 165.91 838.57 185.03 1.41 1.5 3.48 15.52 0.92 55.09 -2.14 0.9680534996052466
Car 0.0 1 0.75 811.34 163.55 868.88 183.46 1.48 1.48 4.41 17.79 0.81 56.03 1.06 0.2384360619815058
Car 0.0 3 0.51 853.79 153.79 914.55 181.45 2.17 1.89 4.27 22.54 0.69 59.45 0.87 0.8629737907794335
Car 0.0 1 0.46 879.45 160.86 933.34 179.62 1.5 1.67 3.84 24.95 0.55 60.84 0.85 0.8594782887345667
Car 0.0 2 0.5 904.31 162.73 951.46 179.85 1.41 1.57 3.36 27.38 0.59 62.24 0.91 0.14905687440095527
Car -1.0 -1 -10.0 951.38 154.01 1049.35 175.65 -1.0 -1.0 -1.0 -1000.0 -1000.0 -1000.0 -10.0 0.3358257698013074
Car -1.0 -1 -10.0 1193.3 147.54 1239.99 167.89 -1.0 -1.0 -1.0 -1000.0 -1000.0 -1000.0 -10.0 0.7880525405236473
Car -1.0 -1 -10.0 276.69 153.36 375.31 169.83 -1.0 -1.0 -1.0 -1000.0 -1000.0 -1000.0 -10.0 0.8745834369691606
Car -1.0 -1 -10.0 547.08 155.95 605.59 171.77 -1.0 -1.0 -1.0 -1000.0 -1000.0 -1000.0 -10.0 0.12497386713088521
