Car 0.0 0 -1.57 576.56 178.33 609.63 208.48 1.6 1.76 3.84 -0.84 1.23 40.48 -1.59 0.8957585080541008
Car 0.82 0 -0.98 0.0 0.0 344.92 375.0 2.74 2.09 5.96 -4.29 1.62 5.88 -1.59 0.3941066055685769
Car 0.0 2 -1.19 239.83 180.32 360.62 245.28 1.64 1.71 4.12 -8.58 1.51 20.38 -1.59 0.7709007961406534
Car 0.0 0 -1.31 366.09 211.22 444.87 263.17 0.97 1.28 1.28 -4.23 1.55 15.0 -1.58 0.001282973943592336
Car 0.0 1 -1.35 391.35 187.19 487.98 250.5 1.41 1.58 3.99 -4.26 1.49 18.64 -1.58 0.6636706598908085
Car 0.0 2 -1.29 347.11 188.31 418.43 223.91 1.22 1.65 3.65 -8.6 1.37 27.68 -1.59 0.17329812208764717
Car 0.0 1 -1.41 466.09 183.9 519.67 221.13 1.42 1.61 3.56 -4.72 1.38 29.77 -1.56 0.029454470502640606
Car 0.0 0 -1.51 534.97 171.86 557.72 197.36 2.23 1.88 2.54 -5.5 1.05 64.59 -1.6 0.9603994407563412
Car 0.0 1 -1.24 313.17 171.95 382.05 214.75 1.95 1.83 4.37 -12.66 1.34 35.22 -1.59 0.36327929408016624
Car -1.0 -1 -10.0 489.76 171.34 522.37 180.68 -1.0 -1.0 -1.0 -1000.0 -1000.0 -1000.0 -10.0 0.9869526542969299
