Car 0.97 0 2.28 0.0 214.12 261.55 374.0 1.51 1.55 3.92 -3.44 1.82 3.53 1.55 0.7821088116455265
Car 1.0 0 -2.45 971.36 207.03 1241.0 374.0 1.48 1.56 3.62 2.76 1.65 2.11 -1.6 0.47574322734585694
Car 0.0 0 -1.93 742.49 189.82 1062.92 371.91 1.39 1.54 4.6 2.75 1.62 8.13 -1.62 0.16111513079082385
Car 0.0 1 1.98 155.46 199.75 441.46 356.55 1.4 1.62 4.26 -3.59 1.81 9.16 1.62 0.5231166612310385
Car 0.0 2 1.79 357.32 189.23 474.17 274.35 1.46 1.52 3.48 -3.83 1.82 14.6 1.54 0.47405548070798653
Car 0.0 1 1.75 428.37 188.62 515.55 248.83 1.39 1.6 3.8 -3.62 1.84 19.27 1.57 0.8208945712974468
Car 0.0 1 -1.79 707.9 181.45 843.89 268.96 1.46 1.6 4.52 3.07 1.64 14.47 -1.59 0.5077076955029461
Car 0.0 2 -1.73 691.19 178.3 771.33 238.3 1.48 1.56 3.46 3.17 1.64 19.68 -1.58 0.728047343806374
Car 0.0 2 2.86 895.57 158.42 1024.41 216.08 2.05 1.8 3.95 12.92 1.56 26.92 -2.98 0.9387465847181197
Car 0.0 0 -1.81 641.52 178.65 681.88 206.59 1.51 1.53 3.38 2.89 1.86 41.25 -1.74 0.7348656155828371
Car 0.0 0 -1.88 596.39 182.68 628.9 201.41 1.39 1.54 3.42 0.15 2.16 55.96 -1.87 0.3056293988098059
Car 0.0 1 2.46 561.75 178.59 600.27 195.08 1.56 1.39 3.73 -2.84 2.14 71.0 2.42 0.06992929577267903
Cyclist 0.0 0 2.27 518.32 177.47 535.55 196.79 1.65 0.64 1.51 -7.19 2.05 62.38 2.15 0.49972688253291075
Car -1.0 -1 -10.0 467.51 163.07 505.32 180.83 -1.0 -1.0 -1.0 -1000.0 -1000.0 -1000.0 -10.0 0.3993474770943183
