Car 0.91 0 -2.2 880.29 181.72 1241.0 374.0 1.55 1.66 4.15 3.05 1.61 3.9 -1.58 0.881924470586517
Car 0.3 1 -0.97 0.0 195.84 271.26 374.0 1.63 1.61 3.81 -5.83 1.96 8.61 -1.55 0.318453061819992
Car 0.0 0 1.84 350.15 184.48 452.33 247.9 1.53 1.68 3.86 -5.63 1.87 19.79 1.57 0.41332542056093313
Car 0.0 2 1.82 412.24 185.27 484.91 230.68 1.42 1.55 3.85 -5.57 1.88 25.15 1.6 0.8801934510549412
Car 0.0 2 1.74 451.4 182.71 502.95 219.94 1.43 1.48 3.71 -5.5 1.85 30.05 1.56 0.9222307365365144
Car 0.0 2 1.71 477.71 182.15 522.78 212.49 1.4 1.65 4.02 -5.44 1.88 35.97 1.56 0.6779196207618575
Car 0.0 2 2.85 778.15 154.87 880.88 194.3 1.64 1.59 3.99 9.51 0.9 31.55 -3.14 0.7305109232938891
Car 0.0 2 2.88 752.53 157.78 829.46 192.45 1.67 1.67 3.43 9.06 0.96 36.41 3.12 0.972066739677099
Car 0.0 0 -0.64 1089.55 136.9 1223.4 175.39 1.53 1.85 4.27 23.16 0.08 30.72 0.0 0.8721252582173288
Car 0.0 2 -0.59 1049.78 137.91 1175.18 176.12 1.67 1.85 4.49 23.21 0.12 33.48 0.01 0.9117266384234389
Car 0.0 2 -0.58 1023.9 142.77 1146.46 175.23 1.53 1.85 4.94 23.88 0.09 36.41 -0.0 0.6058373335941647
Car 0.0 2 -0.57 1009.16 143.36 1121.61 174.23 1.57 1.85 4.92 24.58 0.04 39.09 -0.01 0.9411277691802984
Car 0.0 2 -1.66 665.73 172.29 703.71 202.25 1.47 1.6 3.87 3.83 1.47 37.77 -1.56 0.2838900093640715
Car -1.0 -1 -10.0 518.12 173.34 578.6 207.98 -1.0 -1.0 -1.0 -1000.0 -1000.0 -1000.0 -10.0 0.24755350729197045
Car -1.0 -1 -10.0 733.52 171.9 782.52 191.73 -1.0 -1.0 -1.0 -1000.0 -1000.0 -1000.0 -10.0 0.42840831276175406
Car -1.0 -1 -10.0 615.58 166.92 635.58 186.92 -1.0 -1.0 -1.0 -1000.0 -1000.0 -1000.0 -10.0 0.2872131780369076
Car -1.0 -1 -10.0 637.69 170.85 680.44 197.97 -1.0 -1.0 -1.0 -1000.0 -1000.0 -1000.0 -10.0 0.1241995271602474
