Car 0.0 0 -1.86 734.87 155.48 1001.33 345.26 1.76 1.71 4.35 2.75 1.63 8.92 -1.57 0.9635450752769114
Car 0.8 3 0.76 0.0 188.66 186.75 374.0 1.52 1.71 4.49 -6.38 1.69 6.07 -0.03 0.3064574483244753
Car 0.36 3 -2.46 0.0 189.52 271.67 333.04 1.49 1.61 3.87 -6.35 1.72 8.5 -3.09 0.3605116482305645
Car 0.0 2 -2.59 36.4 178.67 323.82 286.16 1.5 1.58 3.47 -6.49 1.61 11.05 -3.11 0.2107642753141764
Car 0.0 2 0.41 186.72 157.67 431.3 255.6 1.95 1.64 4.57 -6.38 1.67 15.48 0.03 0.9734867476316357
Car 0.0 2 -2.7 153.89 172.97 375.94 271.23 1.66 1.58 3.31 -6.26 1.69 13.23 -3.13 0.1639820685565877
Car 0.0 2 -1.81 700.09 179.46 826.08 262.58 1.44 1.66 3.25 2.85 1.58 14.28 -1.61 0.5636947826841818
Car 0.0 2 -2.79 254.13 161.69 422.78 243.01 1.87 1.61 3.53 -6.62 1.64 17.73 -3.14 0.79307655291329
Car 0.0 2 0.43 310.93 175.39 457.48 236.24 1.59 1.56 3.5 -6.19 1.68 19.82 0.13 0.5063551736542619
Car 0.0 2 -2.82 316.35 170.99 471.34 229.45 1.72 1.65 4.33 -6.71 1.69 22.54 -3.1 0.838998577176226
Car 0.0 2 0.28 399.71 171.28 506.84 210.62 1.57 1.54 4.1 -6.55 1.53 30.21 0.07 0.5439487153623671
Car 0.0 2 -2.95 433.66 164.2 519.77 204.83 1.89 1.59 3.87 -6.46 1.51 35.07 -3.13 0.8168286063482817
Car 0.0 1 -1.68 649.54 174.79 694.8 210.17 1.45 1.59 3.59 2.65 1.56 31.78 -1.59 0.4400836385205198
Car 0.0 2 -1.71 677.9 175.42 759.76 238.11 1.54 1.67 3.72 2.84 1.63 19.77 -1.57 0.9053023661331722
Car 0.0 2 -1.63 638.05 169.71 671.54 199.45 1.66 1.74 3.65 2.57 1.51 42.53 -1.57 0.024249286537670445
Car -1.0 -1 -10.0 525.09 160.48 635.35 196.35 -1.0 -1.0 -1.0 -1000.0 -1000.0 -1000.0 -10.0 0.13529038391576687
