Car 0.85 0 -2.18 903.6 200.83 1241.0 374.0 1.43 1.58 3.37 3.14 1.65 4.18 -1.57 0.29377313277441985
Car 0.59 0 -2.5 0.0 187.92 226.0 339.07 1.41 1.53 4.11 -6.57 1.6 7.59 3.09 0.22911133293526142
Car 0.0 1 -2.72 122.33 181.93 365.05 270.42 1.46 1.57 3.6 -6.55 1.65 13.09 3.11 0.5773090150727309
Car 0.0 2 0.34 204.94 182.22 432.82 258.79 1.48 1.54 4.19 -6.08 1.71 15.27 -0.03 0.8943509977240759
Car 0.0 2 -2.78 250.16 180.06 439.75 246.27 1.52 1.57 4.08 -6.46 1.71 17.73 -3.12 0.808387564069449
Car 0.0 1 -1.9 767.58 180.39 1004.03 339.68 1.62 1.61 3.55 3.18 1.72 9.18 -1.58 0.7532919443692837
Car 0.0 0 -1.76 682.2 184.42 751.97 233.4 1.39 1.51 3.4 3.25 1.77 22.71 -1.62 0.20585376720105764
Car 0.0 2 0.29 341.88 182.52 478.29 238.98 1.48 1.49 3.38 -5.57 1.78 20.18 0.03 0.8959117009005236
Car 0.0 2 0.25 374.0 174.11 489.04 231.35 1.7 1.57 3.19 -5.56 1.76 22.57 0.01 0.8517476804697441
Car 0.0 2 2.99 725.19 182.26 828.91 216.24 1.34 1.52 3.99 6.84 1.75 29.96 -3.07 0.312063308290101
Car 0.0 0 -1.63 640.15 163.25 674.13 199.18 2.33 1.96 6.11 3.2 1.75 50.32 -1.57 0.6222748282975632
Car 0.0 2 -3.0 477.02 178.52 547.59 202.34 1.46 1.61 4.31 -6.27 1.85 46.44 -3.13 0.43130408910448825
Car 0.0 2 -3.14 497.19 173.43 560.78 199.9 1.8 1.77 4.41 -5.78 1.87 51.35 3.03 0.567278802297381
Car 0.0 2 -1.61 630.73 163.65 655.01 192.67 2.57 1.99 6.64 3.03 1.8 67.83 -1.56 0.04425274413908242
Car -1.0 -1 -10.0 564.55 166.3 628.24 188.59 -1.0 -1.0 -1.0 -1000.0 -1000.0 -1000.0 -10.0 0.6834993642456824
