Car 0.0 0 -1.57 570.78 178.93 604.57 209.73 1.6 1.76 3.84 -1.12 1.27 39.67 -1.6 0.8930509232694964
Car 0.69 3 -0.89 0.0 200.02 152.69 333.0 1.39 1.62 3.73 -7.58 1.63 8.77 -1.58 0.6198794082518746
Car 0.51 0 -1.1 0.0 204.65 388.9 375.0 1.37 1.61 4.21 -3.38 1.62 6.21 -1.58 0.018943380926111364
Car 0.0 2 -1.15 197.02 187.65 342.15 258.7 1.45 1.64 3.86 -7.92 1.54 17.16 -1.57 0.5081234769581123
Car 0.0 1 -1.24 305.77 187.62 386.56 232.14 1.37 1.54 3.4 -8.87 1.47 24.55 -1.58 0.6196050787454884
Car 0.0 0 -1.36 393.68 187.75 483.09 240.47 1.38 1.71 4.49 -5.05 1.49 21.88 -1.58 0.47441251971208875
Car 0.0 0 -1.46 478.26 154.9 533.79 215.03 2.74 2.09 5.96 -5.0 1.34 35.99 -1.6 0.22943668749568502
Car 0.0 1 -1.5 514.8 183.17 543.81 206.32 1.41 1.58 3.99 -5.09 1.3 46.81 -1.61 0.9247020621149068
Car 0.62 3 -0.88 0.0 195.7 100.88 268.45 1.33 1.55 3.83 -12.48 1.6 14.62 -1.57 0.8738819051261918
Car 0.0 2 -1.05 101.54 181.34 242.05 242.31 1.63 1.71 4.13 -12.9 1.53 21.54 -1.58 0.8648123086492204
Car 0.0 1 -1.22 301.08 181.48 373.37 221.03 1.59 1.71 3.74 -11.64 1.44 31.1 -1.57 0.21339005404958766
