Car 1.0 0 0.68 978.37 185.13 1241.0 374.0 1.53 1.57 3.87 3.0 1.59 2.34 1.53 0.21133697872442636
Car 0.0 0 -1.88 694.06 185.05 866.98 296.9 1.45 1.61 3.34 2.44 1.66 11.32 -1.68 0.6903646404406545
Cyclist 0.0 0 1.77 366.26 177.74 418.7 278.86 1.76 0.57 1.83 -4.08 1.85 13.5 1.48 0.37501964885870986
Car 0.0 0 -1.35 256.77 199.99 391.97 285.43 1.34 1.69 3.6 -5.5 1.94 14.22 -1.72 0.8367712856979251
Car 0.0 1 -1.83 625.3 174.8 725.94 249.82 1.69 1.59 3.77 1.51 1.76 18.37 -1.75 0.7388770740580493
Car 0.0 0 -1.71 569.43 185.92 622.53 224.84 1.49 1.71 3.58 -0.68 2.06 30.28 -1.74 0.4788875211797611
Car 0.0 1 -1.54 409.62 189.86 450.12 221.11 1.39 1.81 3.46 -8.82 2.26 35.4 -1.78 0.9331471269289994
Car 0.0 1 -1.68 547.23 185.11 582.08 213.32 1.47 1.55 3.37 -2.6 2.17 40.3 -1.75 0.26086379811098004
Pedestrian 0.0 1 1.61 406.54 179.31 417.5 209.12 1.8 0.68 0.72 -12.13 2.2 44.16 1.35 0.2438454344954667
Pedestrian 0.0 2 1.68 397.88 182.71 409.36 212.61 1.8 0.65 0.67 -12.63 2.41 44.01 1.41 0.3694262972022171
Cyclist 0.0 0 1.69 418.59 181.6 461.86 264.76 1.69 0.66 2.0 -3.73 1.89 15.78 1.47 0.033945306817105836
Car -1.0 -1 -10.0 461.05 178.59 533.79 201.52 -1.0 -1.0 -1.0 -1000.0 -1000.0 -1000.0 -10.0 0.16901174680195274
