Car 1.0 0 2.45 0.0 168.42 172.18 374.0 1.77 1.71 4.28 -3.56 1.75 2.37 1.52 0.09215094196389062
Car 0.98 0 -1.02 1216.18 31.07 1241.0 293.63 2.71 2.12 5.66 9.37 1.21 6.91 -0.1 0.6558626090299345
Car 0.0 0 -1.88 747.93 176.87 953.31 294.25 1.45 1.71 3.93 3.35 1.53 11.0 -1.6 0.10450809627016333
Car 0.0 0 1.85 278.89 173.24 464.83 308.76 1.73 1.65 3.96 -3.52 1.76 11.28 1.55 0.26683205248101294
Car 0.0 1 -1.82 686.77 159.8 815.24 246.79 1.78 1.89 4.37 3.12 1.54 17.11 -1.64 0.5031524073869562
Car 0.0 2 1.74 400.06 174.01 495.25 258.72 1.68 1.51 3.29 -3.55 1.73 16.08 1.52 0.7607766785581875
Car 0.0 2 1.74 437.29 182.5 511.39 231.0 1.39 1.66 4.04 -4.27 1.71 23.07 1.55 0.5839679357846977
Car 0.0 1 1.69 500.76 171.61 536.74 204.31 1.86 1.67 4.13 -5.46 1.81 43.39 1.56 0.9326127066522887
Car -1.0 -1 -10.0 0.0 170.18 140.67 373.0 -1.0 -1.0 -1.0 -1000.0 -1000.0 -1000.0 -10.0 0.7140765311467575
Car -1.0 -1 -10.0 534.14 165.01 631.47 199.59 -1.0 -1.0 -1.0 -1000.0 -1000.0 -1000.0 -10.0 0.6682864423821387
