Car 0.0 0 -1.86 735.97 172.11 932.01 321.07 1.62 1.48 3.36 2.72 1.64 9.64 -1.6 0.7605743537202269
Car 0.37 3 0.69 0.0 183.34 288.83 336.27 1.55 1.7 4.09 -6.19 1.7 8.35 0.06 0.0850819335127253
Car 0.0 2 0.49 47.69 176.37 355.17 292.52 1.59 1.63 3.75 -6.09 1.67 10.97 -0.01 0.013386244361111799
Car 0.0 2 -2.69 128.44 160.99 354.95 274.86 1.95 1.67 3.35 -6.75 1.77 13.39 3.13 0.05767869304751749
Car 0.0 2 -2.76 202.7 183.48 384.73 253.11 1.42 1.55 3.35 -6.95 1.68 15.98 3.12 0.12405170377576236
Car 0.0 2 0.31 305.39 182.12 460.71 240.99 1.43 1.49 3.56 -5.87 1.69 18.76 0.01 0.7292198245134833
Car 0.0 2 0.28 345.65 180.03 485.8 236.11 1.53 1.6 3.62 -5.61 1.76 20.96 0.02 0.23505312016004665
Car 0.0 2 0.31 366.59 174.09 476.65 228.06 1.66 1.57 3.11 -6.1 1.73 23.4 0.05 0.928285745899822
Car 0.0 2 0.28 367.86 172.92 501.74 222.07 1.66 1.71 4.34 -6.23 1.69 25.77 0.04 0.27730309163193245
Car 0.0 2 -3.0 415.45 177.67 510.0 215.14 1.51 1.66 3.73 -6.24 1.74 30.71 3.09 0.8743777713698888
Car 0.0 2 0.15 443.03 166.03 526.67 204.93 2.08 1.8 4.37 -6.96 1.74 40.31 -0.02 0.6761241874804301
Cyclist 0.0 0 1.59 573.87 174.07 581.4 193.56 1.59 0.58 1.69 -2.7 1.7 59.99 1.55 0.8437073889983556
Car 0.0 0 -1.68 667.56 182.73 726.23 229.66 1.38 1.49 3.38 2.71 1.72 23.35 -1.56 0.2662746815883036
Car 0.0 2 -0.15 714.87 171.29 822.99 215.84 1.67 1.6 3.94 6.17 1.64 28.49 0.06 0.23998571048103334
Car 0.0 0 -1.66 629.98 177.51 654.35 196.21 1.41 1.56 4.08 2.5 1.8 57.25 -1.62 0.6061355129041615
Car -1.0 -1 -10.0 527.67 163.07 632.11 195.06 -1.0 -1.0 -1.0 -1000.0 -1000.0 -1000.0 -10.0 0.18230622693686116
