Car 0.98 0 -2.27 987.33 189.54 1241.0 374.0 1.41 1.57 3.16 2.88 1.5 2.67 -1.5 0.6372343954469875
Car 0.72 0 2.26 0.0 214.97 197.03 374.0 1.53 1.56 3.58 -5.99 2.04 7.19 1.59 0.78651983452231
Car 0.0 1 1.77 430.63 188.45 485.45 226.37 1.42 1.54 3.5 -6.24 2.09 29.78 1.56 0.48121920747596636
Car 0.0 1 -1.65 650.53 174.55 695.9 209.69 1.51 1.75 3.78 2.83 1.62 33.32 -1.57 0.4956774831780061
Car 0.0 2 1.76 458.42 186.28 505.31 216.88 1.36 1.51 4.02 -6.22 2.04 35.23 1.58 0.6373389342600669
Car 0.0 1 1.71 489.59 179.45 526.62 209.94 1.74 1.65 4.11 -6.13 2.15 43.57 1.57 0.7514090589503793
Car 0.0 2 -0.97 66.41 204.45 153.77 236.54 1.43 1.8 3.96 -25.92 3.15 37.54 -1.57 0.8548719227717575
Car 0.0 2 -1.02 118.77 202.56 197.3 233.74 1.4 1.6 3.97 -23.46 3.02 37.57 -1.57 0.8145689654222114
Car 0.0 1 -1.05 159.73 198.14 243.17 231.88 1.49 1.7 4.51 -20.84 2.86 36.98 -1.56 0.10673626783473122
Car 0.0 2 -1.11 216.31 198.79 289.44 232.43 1.5 1.56 4.45 -18.33 2.9 37.19 -1.57 0.37702412469661073
Car -1.0 -1 -10.0 528.97 167.59 648.94 197.64 -1.0 -1.0 -1.0 -1000.0 -1000.0 -1000.0 -10.0 0.1837059711657657
Car -1.0 -1 -10.0 701.68 156.6 850.75 182.12 -1.0 -1.0 -1.0 -1000.0 -1000.0 -1000.0 -10.0 0.9725640397364115
Car -1.0 -1 -10.0 1067.8 117.78 1122.43 176.29 -1.0 -1.0 -1.0 -1000.0 -1000.0 -1000.0 -10.0 0.6915519695623988
