Car 0.36 0 -2.03 796.85 184.16 1241.0 374.0 1.49 1.71 3.58 2.84 1.6 5.86 -1.6 0.07916305221715136
Car 0.0 0 -1.28 258.92 201.75 435.77 307.55 1.39 1.81 3.46 -4.23 1.94 12.09 -1.61 0.3325004575623527
Car 0.0 0 -1.75 683.79 181.03 782.86 255.45 1.47 1.55 3.37 2.61 1.66 16.15 -1.6 0.17966130031917615
Car 0.0 1 -1.36 407.04 183.36 498.75 248.85 1.72 1.8 4.16 -4.56 2.05 21.38 -1.57 0.9209490122389853
Car 0.0 0 1.69 486.83 183.19 530.45 218.86 1.62 1.66 3.81 -4.94 2.14 35.34 1.55 0.9445938548075623
Cyclist 0.0 0 1.63 569.37 177.97 578.42 200.11 1.85 0.63 2.07 -3.09 2.29 61.53 1.58 0.3304533376499701
Cyclist 0.0 0 1.6 580.97 176.99 589.52 197.88 1.76 0.66 1.83 -2.13 2.12 61.8 1.57 0.12043828792942834
Car 0.0 0 1.67 518.1 184.21 548.86 206.4 1.46 1.67 4.92 -5.42 2.29 51.42 1.57 0.48806955524640616
Car 0.0 1 -1.57 632.26 178.17 651.4 193.91 1.51 1.84 4.1 3.18 2.05 72.05 -1.52 0.7058262911829931
Car 0.0 1 -1.68 648.45 175.54 695.7 214.56 1.61 1.67 3.62 2.65 1.75 31.89 -1.6 0.5331610814558494
Car -1.0 -1 -10.0 326.87 181.89 380.97 254.42 -1.0 -1.0 -1.0 -1000.0 -1000.0 -1000.0 -10.0 0.21441082204273554
Car -1.0 -1 -10.0 611.77 170.83 633.41 193.76 -1.0 -1.0 -1.0 -1000.0 -1000.0 -1000.0 -10.0 0.6897562635177318
