Car 0.0 0 -1.57 582.18 180.44 620.92 215.8 1.6 1.76 3.84 -0.34 1.38 34.83 -1.58 0.4177179466107164
Car 0.11 0 -1.13 26.95 190.94 398.79 375.0 1.48 1.64 3.81 -3.55 1.57 7.27 -1.57 0.3843379238810677
Car 0.0 2 -1.03 34.6 188.4 272.83 290.94 1.44 1.71 3.78 -7.57 1.53 12.42 -1.57 0.731663402356839
Car 0.0 1 -1.25 325.4 187.89 416.14 237.47 1.39 1.62 3.73 -7.44 1.51 22.83 -1.56 0.7924059962201523
Car 0.0 0 -1.39 440.14 188.24 528.38 247.0 1.37 1.61 4.21 -3.28 1.49 19.61 -1.56 0.25505839398979735
Car 0.0 2 -1.33 405.88 182.22 463.57 217.11 1.45 1.64 3.86 -7.74 1.33 32.35 -1.57 0.004416550576323841
Car 0.0 1 -1.45 488.6 184.43 535.71 215.55 1.38 1.71 4.49 -4.61 1.36 35.02 -1.58 0.9139259315111812
Car 0.0 1 -1.51 526.76 162.61 561.83 203.48 2.74 2.09 5.96 -4.48 1.21 51.54 -1.59 0.043219917358596205
Car 0.4 3 -0.91 0.0 186.61 147.75 274.86 1.51 1.54 4.17 -11.46 1.56 14.55 -1.57 0.4554106899068141
Car 0.0 2 -1.05 119.34 186.89 259.12 245.01 1.49 1.59 4.32 -12.21 1.57 21.27 -1.57 0.7999206255889504
Car 0.0 2 -1.2 293.8 187.22 362.8 220.37 1.33 1.55 3.83 -12.36 1.45 31.95 -1.57 0.994107279115678
