Pedestrian 0.0 0 -1.86 732.04 161.17 794.04 332.3 1.73 0.84 0.86 1.64 1.53 7.75 -1.66 0.6162046936171071
Pedestrian 0.0 0 -1.96 819.93 155.45 884.6 327.73 1.81 0.9 0.95 2.73 1.54 8.07 -1.65 0.7921914227810162
Pedestrian 0.0 0 -2.36 288.15 165.69 338.48 280.34 1.79 0.86 1.02 -4.82 1.55 11.82 -2.74 0.8164254398627913
Pedestrian 0.0 0 -1.87 632.07 165.69 661.07 241.84 1.75 0.78 0.84 0.92 1.38 17.0 -1.82 0.5656345033613633
Pedestrian 0.0 2 -2.21 814.8 154.77 870.13 268.85 1.71 0.71 1.03 3.45 1.3 11.35 -1.93 0.1985182538438376
Pedestrian 0.0 0 2.78 1071.71 141.08 1148.37 310.43 1.77 0.85 1.15 5.75 1.35 8.05 -2.9 0.47051989928580695
Pedestrian 0.0 1 1.8 1041.62 146.91 1091.62 279.68 1.73 0.69 0.56 6.13 1.28 9.8 2.35 0.799400314617729
Pedestrian 0.0 0 1.88 399.06 170.3 431.72 257.71 1.69 0.68 1.11 -3.86 1.48 14.49 1.61 0.9888537177502579
Car 0.0 0 1.85 373.23 207.3 421.48 265.68 1.03 0.62 1.01 -3.91 1.54 13.71 1.57 0.4596886828696972
Pedestrian 0.0 2 1.83 371.76 167.11 398.42 256.36 1.75 0.68 1.1 -4.53 1.47 14.66 1.53 0.7227489015361129
Pedestrian 0.0 1 -2.99 1108.46 138.92 1180.79 284.6 1.75 0.87 1.06 7.05 1.24 9.28 -2.36 0.8718656595275242
Car 0.0 0 1.56 522.77 163.07 559.19 199.8 1.82 1.8 4.4 -3.23 0.9 38.19 1.47 0.5417349707984835
Car 0.0 1 1.73 397.69 154.35 485.09 226.65 2.11 2.04 4.62 -5.1 1.31 23.5 1.51 0.7456269337978839
Car 0.0 2 1.67 446.99 160.11 502.62 214.96 2.09 1.79 4.99 -5.21 1.27 30.08 1.49 0.23680834096755088
Car -1.0 -1 -10.0 672.34 173.6 727.44 235.14 -1.0 -1.0 -1.0 -1000.0 -1000.0 -1000.0 -10.0 0.2780735325866597
