Car 0.0 0 -1.41 437.57 169.94 523.88 229.65 1.5 1.78 3.69 -3.41 1.23 19.88 -1.58 0.8036943645676508
Cyclist 0.0 0 -0.16 847.94 145.11 909.21 199.19 1.74 0.6 1.79 9.0 0.6 23.35 0.2 0.8066270934356232
Cyclist 0.0 0 -0.33 783.93 149.03 834.96 197.09 1.86 0.63 1.82 8.08 0.64 28.02 -0.05 0.5963462069899995
Pedestrian 0.0 0 0.54 521.94 157.65 545.86 206.35 1.83 0.69 1.03 -2.59 0.97 27.1 0.45 0.3721251415970275
Cyclist 0.0 0 -0.52 657.82 156.13 694.14 189.88 1.72 0.6 1.79 3.67 0.47 36.58 -0.42 0.2681620047632225
Pedestrian 0.0 0 0.24 415.4 158.74 438.66 211.92 1.8 0.61 1.04 -6.06 1.06 24.41 -0.0 0.4764492061978627
Cyclist 0.0 0 -0.63 300.23 170.5 360.61 225.71 1.7 0.64 1.74 -8.8 1.39 22.67 -1.0 0.4424557747921054
Pedestrian 0.0 0 -3.13 366.28 166.95 390.01 217.2 1.8 0.54 1.03 -8.14 1.32 25.85 2.86 0.34965198548507936
Pedestrian 0.0 2 -2.92 444.39 161.61 457.28 214.36 1.95 0.56 0.82 -5.66 1.25 26.53 -3.13 0.0749765466582879
Car 0.0 1 -0.6 1025.88 145.88 1135.91 178.29 1.55 1.81 4.39 24.18 -0.14 36.02 -0.01 0.2240497900569911
Car -1.0 -1 -10.0 615.64 159.64 649.06 177.13 -1.0 -1.0 -1.0 -1000.0 -1000.0 -1000.0 -10.0 0.8797603370890346
Car -1.0 -1 -10.0 937.58 155.17 1023.28 186.68 -1.0 -1.0 -1.0 -1000.0 -1000.0 -1000.0 -10.0 0.5215947516428392
Car -1.0 -1 -10.0 712.54 159.0 724.29 182.22 -1.0 -1.0 -1.0 -1000.0 -1000.0 -1000.0 -10.0 0.4508722526028066
