Car 0.0 0 -1.62 505.0 183.75 526.37 201.44 1.37 1.54 3.56 -7.56 1.27 58.81 -1.75 0.956063178347558
Car 0.0 0 -1.65 531.78 178.6 603.51 239.97 1.6 1.76 3.84 -1.29 1.42 20.95 -1.71 0.14836616196585806
Car 0.2 0 -1.12 0.0 197.48 231.78 327.64 1.37 1.59 3.89 -6.92 1.6 10.09 -1.71 0.1925883686076344
Car 0.0 0 -1.56 433.92 180.45 493.15 235.31 1.58 1.68 3.95 -4.61 1.44 22.96 -1.75 0.7127855907244114
Car 0.0 1 -1.3 206.78 187.19 329.18 251.15 1.42 1.69 4.53 -8.76 1.5 18.89 -1.73 0.7728965676509039
Car 0.0 2 -1.15 96.82 187.36 232.9 245.39 1.42 1.7 4.13 -12.37 1.5 20.34 -1.69 0.33175197864790507
Car 0.0 0 -1.38 331.23 184.86 389.76 222.1 1.42 1.53 4.2 -10.39 1.43 30.38 -1.7 0.5545476652876439
Car 0.0 2 -1.26 200.43 170.72 289.24 223.79 1.99 1.89 4.59 -14.75 1.43 29.47 -1.72 0.22100300998960276
Car 0.0 2 -1.42 368.8 183.54 411.64 211.88 1.43 1.62 4.08 -11.82 1.36 39.2 -1.71 0.54411385685791
Car 0.0 1 -1.34 287.13 185.13 332.59 211.42 1.39 1.5 4.04 -16.99 1.4 41.11 -1.73 0.9605324632879233
Car 0.0 1 -1.51 406.21 166.96 437.55 202.76 2.58 1.91 6.53 -14.24 1.24 55.34 -1.76 0.32474842921313807
Car 0.0 1 -1.54 449.73 161.03 486.94 203.68 2.64 2.22 5.52 -9.17 1.12 47.63 -1.73 0.8299133713805674
