Car 0.0 3 1.8 9.94 202.75 202.73 316.29 1.43 1.74 3.63 -8.08 1.98 11.88 1.22 0.20540194093844977
Car 0.0 0 -1.68 466.86 183.7 522.95 222.7 1.38 1.73 3.97 -4.6 1.82 28.19 -1.84 0.7354028803284912
Car 0.0 1 -2.87 642.76 165.42 746.04 210.12 1.74 1.58 3.9 3.42 1.48 29.54 -2.75 0.5327566976696091
Car 0.0 0 1.71 280.75 184.64 323.58 214.89 1.58 1.68 3.76 -17.24 2.26 40.48 1.31 0.06723367436906347
Car 0.0 1 -1.62 434.89 176.52 459.28 198.51 1.77 1.77 5.1 -13.91 2.11 61.38 -1.84 0.8610983237451737
Car 0.44 0 -2.29 730.35 110.21 1241.0 374.0 1.95 1.89 4.61 2.91 1.64 6.23 -1.87 0.011320986157129731
Car 0.0 0 -1.9 561.54 190.5 713.3 278.93 1.35 1.64 3.76 0.31 1.71 13.53 -1.88 0.3896005190120486
Car -1.0 -1 -10.0 326.5 174.71 416.71 211.23 -1.0 -1.0 -1.0 -1000.0 -1000.0 -1000.0 -10.0 0.33320982432510327
Car -1.0 -1 -10.0 616.85 173.98 663.77 188.6 -1.0 -1.0 -1.0 -1000.0 -1000.0 -1000.0 -10.0 0.938078416752709
Car -1.0 -1 -10.0 0.0 238.56 141.71 373.0 -1.0 -1.0 -1.0 -1000.0 -1000.0 -1000.0 -10.0 0.15320619235656707
