Pedestrian 0.0 0 1.41 705.7 175.98 716.44 205.8 1.74 0.75 0.64 5.94 1.93 42.7 1.55 0.6587997444437507
Car 0.27 3 2.22 0.0 179.56 118.01 237.18 1.94 1.88 5.3 -21.16 2.2 26.98 1.56 0.6055289370590963
Car 0.0 1 2.12 119.86 185.12 177.91 221.08 1.54 0.85 2.84 -20.93 2.11 32.78 1.56 0.8020004819243574
Car 0.08 3 2.19 0.0 192.42 148.33 258.77 1.48 1.61 3.39 -13.83 2.03 18.61 1.56 0.04909505271740333
Car 0.43 3 2.23 0.0 191.38 107.95 249.14 1.44 1.79 4.32 -16.82 2.01 20.69 1.56 0.5616353936054351
Car 0.0 0 1.95 278.39 183.08 348.83 219.49 1.6 1.78 3.86 -13.99 2.1 34.2 1.56 0.04837717842655542
Car 0.0 1 2.01 241.18 181.83 311.79 216.76 1.65 1.77 3.85 -16.82 2.12 36.51 1.58 0.24579771007696838
Car 0.0 0 1.83 410.39 179.97 446.93 201.04 1.58 1.82 3.87 -14.2 2.15 56.62 1.59 0.3224317357966656
Car -1.0 -1 -10.0 733.38 174.06 951.67 222.22 -1.0 -1.0 -1.0 -1000.0 -1000.0 -1000.0 -10.0 0.5126914240527997
Car -1.0 -1 -10.0 659.56 169.81 675.23 196.94 -1.0 -1.0 -1.0 -1000.0 -1000.0 -1000.0 -10.0 0.3179877012142701
