Car 0.0 0 -1.63 600.91 184.78 624.15 204.12 1.37 1.54 3.56 0.32 1.36 54.17 -1.62 0.2084144852961809
Car 0.0 0 -1.12 31.47 188.31 339.57 360.41 1.52 1.58 3.56 -4.58 1.58 8.37 -1.61 0.2516513019055585
Car 0.17 3 -0.97 0.0 166.21 187.48 287.13 1.8 1.52 3.18 -8.92 1.51 12.31 -1.59 0.7431309100207946
Car 0.0 0 -1.86 709.79 182.64 909.56 314.83 1.6 1.76 3.84 2.73 1.58 10.82 -1.62 0.9875720434136457
Car 0.0 0 -1.35 353.87 189.79 453.05 252.51 1.36 1.61 3.76 -5.08 1.51 18.21 -1.62 0.8001859809044505
Car 0.0 1 -1.22 222.0 171.37 351.85 242.74 1.88 1.86 5.13 -9.49 1.5 21.71 -1.63 0.8882241304418002
Car 0.0 1 -1.42 425.21 188.19 490.23 233.43 1.37 1.59 3.89 -5.09 1.5 24.65 -1.62 0.9647337012914226
Car 0.0 0 -1.6 559.28 181.01 602.23 221.05 1.58 1.68 3.95 -1.24 1.41 30.68 -1.64 0.9752478608360237
Car 0.0 2 -1.33 347.93 184.33 414.33 221.61 1.42 1.7 4.13 -9.43 1.4 30.11 -1.63 0.5535586461486978
Car 0.0 1 -1.5 486.77 184.81 516.48 209.48 1.42 1.53 4.2 -6.58 1.42 44.76 -1.65 0.04728868658552343
Car 0.0 2 -1.37 391.34 174.67 441.58 211.58 1.99 1.89 4.59 -10.93 1.41 41.31 -1.63 0.4532635651356768
Car 0.0 1 -1.56 512.05 171.35 532.94 199.15 2.58 1.91 6.53 -8.3 1.27 70.34 -1.68 0.3284060322146435
Car 0.0 1 -1.59 550.65 165.26 580.62 200.78 2.64 2.22 5.52 -3.38 1.14 56.67 -1.65 0.5550530814307132
