Car 0.52 0 -1.96 738.64 0.0 1166.83 374.0 2.85 2.46 5.85 2.96 1.57 6.91 -1.57 0.6154181161840518
Car 0.0 1 -1.75 696.16 160.72 820.14 265.34 1.78 1.59 4.33 2.76 1.6 14.55 -1.57 0.18875770996223018
Car 0.0 1 1.39 676.5 174.09 760.89 236.51 1.53 1.57 3.87 2.84 1.59 19.86 1.53 0.9787367252444611
Car 0.0 1 -1.73 637.04 178.73 691.38 218.08 1.45 1.61 3.34 2.06 1.7 28.62 -1.66 0.7229062444618591
Car 0.0 1 -1.39 91.06 192.54 177.77 246.8 1.48 1.6 3.72 -14.81 2.13 22.58 -1.97 0.37151398602236085
Car 0.0 0 -1.53 240.03 198.0 272.49 243.31 1.28 0.8 1.93 -10.91 2.08 22.21 -1.98 0.7349230435898203
Cyclist 0.0 0 1.63 496.84 177.74 510.42 212.96 1.76 0.57 1.83 -5.48 2.01 37.01 1.48 0.7687738921116112
Car 0.0 0 -1.6 451.94 185.76 495.0 219.96 1.34 1.69 3.6 -5.96 1.92 31.08 -1.79 0.3015980097682205
Car 0.0 1 -1.83 602.74 175.24 654.07 211.91 1.69 1.59 3.77 0.82 1.83 35.5 -1.81 0.0620590221292856
Car 0.0 0 -1.76 571.18 181.33 607.19 205.12 1.49 1.71 3.58 -1.44 2.06 47.65 -1.79 0.8963447816477497
Cyclist 0.0 0 1.55 514.62 177.7 528.07 209.93 1.69 0.66 2.0 -4.84 1.96 39.07 1.43 0.13408876636897404
Car -1.0 -1 -10.0 530.91 177.3 566.78 201.53 -1.0 -1.0 -1.0 -1000.0 -1000.0 -1000.0 -10.0 0.840449595216841
