Car 0.85 0 2.34 1059.02 197.52 1241.0 374.0 1.47 1.77 4.42 6.13 1.67 5.45 -3.13 0.9213553535544857
Car 0.55 0 -2.5 0.0 180.37 246.14 342.47 1.54 1.66 4.16 -6.47 1.65 7.75 3.1 0.22808492384394563
Car 0.0 0 -1.65 639.02 184.51 675.03 210.63 1.32 1.63 4.1 2.5 1.98 39.6 -1.59 0.2656982278165472
Car 0.0 2 0.19 425.28 178.56 524.54 214.75 1.58 1.56 4.25 -6.18 1.86 33.1 0.01 0.5640588468885707
Car 0.0 1 -0.26 719.25 183.38 843.2 229.59 1.5 1.62 3.88 5.84 1.89 25.04 -0.03 0.6362199089447022
Car 0.0 2 -2.9 290.87 171.53 460.23 240.88 1.77 1.68 4.12 -6.35 1.76 19.77 3.08 0.8962372777025434
Car 0.0 2 0.45 224.91 183.71 440.36 261.87 1.5 1.49 3.86 -5.66 1.74 14.82 0.09 0.034529820390818866
Car 0.01 3 -2.67 0.0 185.31 359.81 308.77 1.52 1.64 4.07 -5.86 1.72 10.09 3.1 0.9306688444441589
Car 0.0 2 -0.47 820.76 183.85 1018.37 263.85 1.55 1.58 3.51 6.45 1.81 15.32 -0.08 0.7510830418670142
Car 0.0 0 -0.54 861.24 190.66 1098.81 277.48 1.4 1.59 3.49 6.55 1.75 13.06 -0.09 0.14709366255163114
Car -1.0 -1 -10.0 527.67 167.59 637.93 203.46 -1.0 -1.0 -1.0 -1000.0 -1000.0 -1000.0 -10.0 0.3771959630842846
