Car 0.0 0 1.81 409.94 185.12 500.36 242.77 1.47 1.66 3.76 -4.38 1.84 20.73 1.61 0.828432980808256
Car 0.85 1 -2.21 942.33 205.12 1241.0 374.0 1.41 1.66 3.86 3.85 1.69 4.75 -1.56 0.7244452474488124
Car 0.0 1 -1.96 793.17 178.07 1001.81 308.45 1.59 1.59 3.34 3.94 1.68 10.59 -1.62 0.4821804009179682
Car 0.0 1 -1.78 745.38 181.33 859.33 258.65 1.47 1.6 3.7 4.02 1.67 15.77 -1.54 0.5404979615121326
Car 0.0 2 1.77 462.11 182.84 528.95 225.74 1.43 1.68 3.76 -4.14 1.81 26.41 1.62 0.4386640415090244
Car 0.0 2 -1.73 717.36 178.04 794.45 233.9 1.49 1.64 3.52 4.16 1.66 21.21 -1.54 0.4419028674899427
Car 0.0 2 1.75 491.82 181.53 547.18 215.73 1.38 1.68 4.34 -3.95 1.78 31.86 1.62 0.5348806779405632
Car 0.0 2 -1.7 696.56 176.95 757.46 221.55 1.5 1.64 4.14 4.19 1.67 26.59 -1.55 0.5332796104377935
Car 0.0 0 1.71 549.51 178.14 580.41 201.12 1.45 1.6 3.2 -2.97 1.82 47.71 1.65 0.4043473114983497
Car -1.0 -1 -10.0 655.75 168.89 699.38 203.47 -1.0 -1.0 -1.0 -1000.0 -1000.0 -1000.0 -10.0 0.10530020304887744
