Car 1.0 0 2.51 0.0 217.86 140.63 374.0 1.51 1.55 3.92 -3.43 1.76 2.1 1.54 0.3811518124158265
Car 0.25 0 -1.99 765.03 189.77 1217.33 374.0 1.39 1.54 4.6 2.75 1.58 6.62 -1.62 0.7262135037539468
Car 0.11 1 2.04 35.78 197.65 414.72 374.0 1.4 1.62 4.26 -3.59 1.73 7.66 1.61 0.5845891408281974
Car 0.0 1 1.82 323.02 187.27 459.72 283.04 1.46 1.52 3.48 -3.85 1.74 13.1 1.54 0.2610153855464753
Car 0.0 1 1.77 408.97 185.31 506.72 250.38 1.39 1.6 3.8 -3.67 1.72 17.78 1.57 0.5362759593333877
Car 0.0 1 -1.82 717.24 179.49 878.03 279.87 1.46 1.6 4.52 3.05 1.59 12.86 -1.59 0.36656374031529493
Car 0.0 2 -1.74 696.02 175.64 783.55 240.87 1.48 1.56 3.46 3.14 1.57 18.24 -1.57 0.5342562348932111
Car 0.0 2 2.84 910.32 154.86 1048.44 216.01 2.05 1.8 3.95 12.88 1.47 25.45 -2.98 0.7055980586325716
Car 0.0 0 -1.8 641.46 176.48 683.3 205.51 1.51 1.53 3.38 2.81 1.73 39.75 -1.73 0.251381484630829
Car 0.0 0 -1.88 595.66 177.89 629.35 197.1 1.39 1.54 3.42 0.14 1.79 54.47 -1.88 0.7248788257542333
Car 0.0 1 2.47 559.59 174.57 598.94 191.27 1.56 1.39 3.73 -2.95 1.74 69.59 2.42 0.5762615818468199
Cyclist 0.0 0 2.39 510.65 173.93 529.55 193.96 1.65 0.64 1.51 -7.49 1.74 60.03 2.27 0.5458175551103039
Car -1.0 -1 -10.0 0.0 248.45 106.38 373.0 -1.0 -1.0 -1.0 -1000.0 -1000.0 -1000.0 -10.0 0.7440061232012934
