Car 0.0 0 1.75 387.65 196.18 484.86 272.1 1.51 1.55 3.92 -4.08 2.12 17.33 1.52 0.27795130143320446
Car 0.66 0 -2.13 843.03 202.81 1241.0 374.0 1.5 1.53 3.37 3.01 1.78 5.11 -1.63 0.4044380773116245
Car 0.0 0 -1.84 715.23 191.1 869.19 300.47 1.47 1.56 3.16 2.76 1.8 11.75 -1.62 0.28766552788140276
Car 0.0 2 -1.77 664.61 189.51 768.14 265.92 1.48 1.56 3.62 2.25 1.88 16.37 -1.64 0.626132617584122
Car 0.0 2 -1.72 642.49 190.2 715.48 242.62 1.39 1.54 4.6 2.0 1.97 22.49 -1.64 0.28404304461002106
Car 0.0 2 1.73 435.63 196.55 508.61 248.94 1.4 1.62 4.26 -4.33 2.22 23.02 1.54 0.6274276752049949
Car 0.0 2 1.67 463.06 194.61 511.11 236.01 1.46 1.52 3.48 -4.85 2.36 28.63 1.5 0.04028524892562213
Car 0.0 2 1.68 481.48 194.37 525.79 228.42 1.39 1.6 3.8 -4.88 2.43 33.29 1.54 0.36248463033204237
Car 0.0 2 3.0 769.87 173.81 845.31 210.7 2.05 1.8 3.95 11.3 2.13 41.55 -3.02 0.2064166198152696
Car -1.0 -1 -10.0 534.79 187.0 645.7 226.11 -1.0 -1.0 -1.0 -1000.0 -1000.0 -1000.0 -10.0 0.18020872268638488
