Pedestrian 0.0 0 -3.05 350.94 161.31 369.35 203.89 1.86 0.57 1.08 -11.02 1.36 32.04 2.91 0.6509469687000247
Car 0.0 1 1.27 316.15 153.47 379.3 201.82 2.21 1.76 4.11 -12.86 1.35 35.15 0.93 0.4868042305199034
Car 0.0 1 -1.99 361.42 163.65 423.7 199.1 1.75 1.57 4.07 -11.41 1.32 37.6 -2.28 0.25025463280137783
Car 0.0 0 -2.04 416.77 163.74 489.06 194.13 1.54 1.71 5.03 -8.6 1.11 39.03 -2.26 0.08398947478765972
Car 0.0 1 0.91 580.79 154.82 649.14 192.14 2.14 1.77 4.44 0.22 1.14 43.72 0.92 0.20817081882105348
Car 0.0 2 -2.27 616.32 162.75 667.83 187.69 1.53 1.41 3.4 1.99 0.94 46.11 -2.23 0.3449319696683689
Car 0.0 1 -2.42 658.17 160.12 712.35 186.4 1.69 1.61 3.36 4.99 0.9 48.31 -2.31 0.6475086774834846
Car 0.0 1 -2.44 687.99 165.8 747.68 186.35 1.44 1.62 4.26 7.81 0.97 52.66 -2.29 0.4497459672337496
Car 0.0 1 -2.35 725.24 165.96 768.97 186.6 1.48 1.61 2.86 10.09 1.0 53.32 -2.16 0.9441163657768422
Car 0.0 1 -2.42 746.17 166.71 795.83 186.19 1.41 1.5 3.48 12.01 0.99 54.06 -2.21 0.5002727836315999
Car 0.0 1 0.74 767.91 164.87 825.58 185.0 1.48 1.48 4.41 14.22 0.92 55.22 0.99 0.3089987404114546
Car 0.0 3 0.5 809.99 154.05 870.14 181.93 2.17 1.89 4.27 18.75 0.72 58.95 0.81 0.951507927131479
Car 0.0 1 0.45 835.54 162.22 888.66 181.03 1.5 1.67 3.84 21.1 0.67 60.5 0.79 0.05026446023410214
Car 0.0 2 0.49 858.53 163.22 904.78 180.37 1.41 1.57 3.36 23.33 0.63 62.07 0.85 0.76938903326905
Car -1.0 -1 -10.0 204.88 153.36 302.2 164.65 -1.0 -1.0 -1.0 -1000.0 -1000.0 -1000.0 -10.0 0.52129261044773
Car -1.0 -1 -10.0 520.56 155.95 548.67 170.47 -1.0 -1.0 -1.0 -1000.0 -1000.0 -1000.0 -10.0 0.26341884906997937
Car -1.0 -1 -10.0 913.86 157.89 995.66 176.3 -1.0 -1.0 -1.0 -1000.0 -1000.0 -1000.0 -10.0 0.009083544007235878
Car -1.0 -1 -10.0 1116.3 148.83 1206.51 170.47 -1.0 -1.0 -1.0 -1000.0 -1000.0 -1000.0 -10.0 0.18007844041664656
