Car 0.0 0 -1.56 573.65 176.47 660.27 255.34 1.6 1.76 3.84 0.18 1.42 16.64 -1.55 0.08602382349796167
Car 0.0 0 -1.16 158.65 193.89 383.76 316.3 1.38 1.58 3.49 -4.6 1.54 10.3 -1.57 0.29177403265338475
Car 0.0 2 -1.07 110.19 184.68 294.01 268.28 1.5 1.64 3.93 -8.34 1.5 15.16 -1.57 0.6583879710276194
Car 0.0 0 -1.34 380.51 182.8 484.6 246.26 1.43 1.64 4.33 -4.45 1.39 18.74 -1.57 0.22940345974662835
Car 0.0 1 -1.43 439.59 121.36 543.98 222.82 3.48 2.57 11.68 -4.54 1.25 30.67 -1.57 0.260163564940172
Car 0.0 1 -1.53 536.28 149.73 571.04 196.66 3.91 2.68 12.6 -4.84 0.9 66.5 -1.61 0.5066886756831166
Car 0.6 0 -0.88 0.0 186.32 100.02 262.49 1.48 1.57 3.75 -12.8 1.52 15.08 -1.57 0.07517617153748202
Car 0.0 2 -1.15 235.03 183.22 324.6 222.84 1.37 1.59 3.99 -12.41 1.31 27.42 -1.57 0.14501285731178448
Car 0.0 1 -1.23 317.31 168.06 385.7 210.37 1.88 1.83 3.95 -12.13 1.11 34.21 -1.57 0.37134352876492116
Car 0.0 1 -1.32 659.2 183.24 690.26 201.27 1.41 1.66 3.76 5.56 1.27 59.42 -1.23 0.7324911036981776
Car -1.0 -1 -10.0 714.69 181.68 738.9 200.72 -1.0 -1.0 -1.0 -1000.0 -1000.0 -1000.0 -10.0 0.46018214975915184
