Car 0.85 0 2.34 0.0 216.23 192.61 374.0 1.43 1.61 4.13 -5.73 1.91 6.22 1.62 0.16339569855974778
Car 0.55 1 -2.06 837.57 179.35 1241.0 374.0 1.57 1.57 4.04 3.2 1.63 5.72 -1.57 0.8230874969029006
Car 0.0 1 2.03 150.02 195.33 351.32 307.15 1.48 1.5 3.58 -5.74 1.9 11.92 1.59 0.1619378334250935
Car 0.0 1 1.31 716.05 180.07 837.59 257.65 1.46 1.61 3.61 3.4 1.62 15.53 1.52 0.5950193417007035
Car 0.0 1 1.93 363.32 185.25 467.21 243.03 1.48 1.56 4.09 -5.59 1.87 21.08 1.67 0.5453041720528828
Car 0.0 2 -1.78 684.06 180.96 769.7 236.19 1.46 1.67 3.89 3.31 1.71 21.33 -1.63 0.5435567991223155
Car 0.0 1 1.71 474.07 178.53 517.51 211.83 1.56 1.63 3.62 -5.68 1.86 36.02 1.56 0.5661698756137669
Car 0.0 1 -1.74 661.1 176.55 714.5 215.77 1.51 1.6 3.54 3.12 1.68 29.87 -1.63 0.9063435191735942
Car 0.0 1 -2.71 503.46 174.55 559.3 193.03 1.5 1.71 4.35 -6.64 1.67 60.82 -2.81 0.34416398342878596
Car -1.0 -1 -10.0 151.84 181.18 304.15 191.18 -1.0 -1.0 -1.0 -1000.0 -1000.0 -1000.0 -10.0 0.4730615322061724
