Car 0.28 3 1.74 0.0 203.56 130.54 306.99 1.43 1.74 3.63 -9.66 2.02 12.53 1.1 0.05758374475906014
Car 0.0 0 1.25 1054.83 154.34 1240.37 249.68 1.52 1.55 3.91 9.8 1.25 13.57 1.87 0.4031438101294358
Car 0.0 2 1.37 914.73 161.9 1055.3 248.08 1.62 1.84 4.1 7.93 1.44 15.74 1.83 0.40426164380408613
Car 0.0 0 -1.69 381.94 183.53 438.55 221.17 1.38 1.73 3.97 -8.13 1.82 29.03 -1.96 0.3871334952239921
Car 0.0 1 -2.87 554.45 165.45 651.01 207.2 1.74 1.58 3.9 -0.33 1.46 31.36 -2.88 0.8779544205599009
Car 0.0 0 1.68 187.36 185.14 230.81 215.88 1.58 1.68 3.76 -22.11 2.27 39.84 1.18 0.5437882870958599
Car 0.0 0 -1.6 346.91 175.75 371.12 197.81 1.77 1.77 5.1 -21.32 2.05 61.13 -1.94 0.8084756535365871
Car 0.02 0 -2.21 618.92 135.15 1026.62 374.0 1.95 1.89 4.61 1.89 1.67 8.22 -1.99 0.7764992711421371
Car 0.0 0 -1.92 479.3 190.92 616.21 268.29 1.35 1.64 3.76 -1.48 1.76 15.15 -2.01 0.5069693139225888
Car -1.0 -1 -10.0 0.0 307.32 82.45 367.13 -1.0 -1.0 -1.0 -1000.0 -1000.0 -1000.0 -10.0 0.09091531063719627
Car -1.0 -1 -10.0 231.4 176.65 323.55 210.58 -1.0 -1.0 -1.0 -1000.0 -1000.0 -1000.0 -10.0 0.1515142972948258
