Car 0.0 0 -1.79 709.49 175.8 853.95 275.02 1.55 1.66 4.15 2.95 1.62 13.45 -1.58 0.07310791202089373
Car 0.99 0 2.24 1224.66 150.79 1241.0 306.63 1.47 1.7 4.65 8.24 1.23 6.12 -3.14 0.34086369205483724
Car 0.6 3 2.43 1048.14 109.39 1241.0 274.27 1.91 1.81 4.33 8.34 1.17 9.3 -3.14 0.02992656761504897
Car 0.0 0 -1.16 227.86 222.59 353.2 283.49 0.91 1.32 2.41 -6.04 1.93 13.77 -1.57 0.7891973495559423
Car 0.0 1 -1.23 304.13 183.71 424.52 258.93 1.63 1.61 3.81 -5.98 1.92 17.88 -1.55 0.2105498690801476
Car 0.75 0 2.27 0.0 210.47 174.34 374.0 1.43 1.57 3.48 -6.04 1.87 6.88 1.57 0.6505365775120986
Car 0.0 0 2.66 887.64 145.1 1134.36 227.86 1.63 1.67 4.32 8.4 1.1 15.44 -3.13 0.12691678691225783
Car 0.0 1 1.77 433.87 181.52 494.92 222.71 1.53 1.68 3.86 -5.84 1.89 29.15 1.57 0.39977705355106596
Car 0.0 2 -0.48 938.51 153.9 1031.8 179.38 1.53 1.85 4.94 23.76 0.39 45.85 -0.0 0.3765521266009696
Car -1.0 -1 -10.0 483.65 173.29 574.79 212.88 -1.0 -1.0 -1.0 -1000.0 -1000.0 -1000.0 -10.0 0.2734471628851983
Car -1.0 -1 -10.0 736.61 156.6 804.18 182.12 -1.0 -1.0 -1.0 -1000.0 -1000.0 -1000.0 -10.0 0.5276669224571021
Car -1.0 -1 -10.0 607.42 165.75 629.75 186.92 -1.0 -1.0 -1.0 -1000.0 -1000.0 -1000.0 -10.0 0.5534310493990913
Car -1.0 -1 -10.0 634.56 169.81 678.35 194.85 -1.0 -1.0 -1.0 -1000.0 -1000.0 -1000.0 -10.0 0.24195346988422306
