Car 1.0 1 -2.43 1003.9 178.83 1241.0 374.0 1.57 1.57 4.04 3.19 1.59 2.43 -1.57 0.8106851695149215
Car 0.2 0 2.16 0.0 202.38 271.63 370.01 1.48 1.5 3.58 -5.74 1.9 8.67 1.59 0.016287086281660756
Car 0.0 0 1.26 740.74 178.67 907.5 280.28 1.46 1.61 3.61 3.4 1.57 12.29 1.53 0.21185924274550572
Car 0.0 1 1.98 310.8 185.58 442.57 255.35 1.48 1.56 4.09 -5.63 1.82 17.82 1.68 0.8502567712792447
Car 0.0 2 -1.81 695.65 178.37 801.38 244.86 1.46 1.67 3.89 3.29 1.62 18.04 -1.63 0.7246657821898883
Car 0.0 1 1.73 459.44 177.7 509.05 214.57 1.56 1.63 3.62 -5.67 1.8 32.7 1.56 0.21382601065022389
Car 0.0 1 -1.75 666.38 176.6 727.62 221.01 1.51 1.6 3.54 3.1 1.67 26.6 -1.64 0.8014506399785466
Car 0.0 2 -1.77 658.73 175.65 707.7 212.26 1.53 1.5 3.34 3.18 1.68 32.2 -1.68 0.349508098219537
Car 0.0 2 1.71 484.06 178.15 520.82 207.64 1.46 1.43 3.52 -5.62 1.75 37.77 1.56 0.8788234615173374
Car -1.0 -1 -10.0 13.41 171.48 277.63 200.24 -1.0 -1.0 -1.0 -1000.0 -1000.0 -1000.0 -10.0 0.5516765489573192
