Car 0.58 1 0.73 0.0 176.1 246.18 366.5 1.66 1.71 4.34 -6.28 1.72 7.21 0.03 0.3959152574280127
Car 0.22 3 -2.53 0.0 177.23 254.33 306.06 1.58 1.62 3.26 -6.91 1.66 9.78 -3.13 0.2704004296267073
Car 0.0 2 -2.73 85.5 188.84 362.75 290.64 1.51 1.66 3.73 -6.32 1.81 12.06 3.08 0.792630542292757
Car 0.0 2 -2.68 141.75 179.25 394.19 263.03 1.56 1.57 4.37 -6.83 1.72 14.58 -3.12 0.8250739409646625
Car 0.0 2 -2.88 267.43 177.49 435.7 244.71 1.65 1.68 3.88 -6.77 1.8 19.11 3.06 0.3909148413803244
Car 0.0 2 0.28 296.73 166.89 461.34 240.86 2.08 1.8 4.37 -6.87 1.94 21.66 -0.03 0.7761089596872173
Cyclist 0.0 0 1.63 536.93 183.83 551.75 219.04 1.59 0.58 1.69 -3.09 2.11 33.75 1.54 0.5189175554484566
Car 0.69 0 -2.06 838.19 208.09 1241.0 374.0 1.38 1.49 3.38 2.76 1.69 4.79 -1.57 0.47777247243249055
Car 0.09 2 -0.5 903.44 177.88 1241.0 312.84 1.67 1.6 3.94 6.28 1.76 9.86 0.05 0.8612340878054637
Car 0.0 2 -0.4 852.17 184.12 1102.31 283.43 1.54 1.75 3.36 6.05 1.75 12.3 0.05 0.8253620974542607
Car 0.0 2 -0.35 804.03 189.94 992.11 266.58 1.48 1.52 3.33 5.9 1.86 15.14 0.02 0.5094311824852588
Car 0.0 2 -0.4 792.5 183.12 931.3 248.79 1.5 1.58 2.81 6.09 1.77 17.75 -0.07 0.8879304626238258
Car 0.0 2 2.8 745.33 185.01 906.14 245.74 1.57 1.68 3.97 5.93 1.94 20.24 3.09 0.9777216287542727
Car 0.0 2 -0.3 720.96 187.71 867.94 236.4 1.44 1.65 4.26 5.82 1.95 23.18 -0.06 0.29747523626325334
Car 0.0 2 -0.25 720.62 177.55 841.27 230.55 1.77 1.69 3.82 5.94 1.96 25.48 -0.03 0.3091973199592094
Car 0.0 2 -2.95 406.46 183.7 511.03 218.49 1.49 1.59 4.44 -6.87 2.01 32.9 3.12 0.38461200720311917
Car 0.0 2 -2.95 433.91 184.98 523.53 216.87 1.48 1.63 4.1 -6.46 2.11 35.58 -3.13 0.8957837592490209
Car 0.0 0 -1.68 634.33 184.49 672.1 213.11 1.41 1.56 4.08 2.24 2.06 38.67 -1.62 0.6481912710232037
Car 0.0 2 -1.62 625.63 182.78 649.19 203.0 1.43 1.58 3.37 1.99 2.18 53.7 -1.58 0.5122159787002047
Car 0.0 2 -1.59 611.79 173.24 626.88 190.81 2.33 1.96 6.11 1.27 2.43 99.75 -1.57 0.07389403734855515
Car -1.0 -1 -10.0 557.43 175.36 605.59 195.06 -1.0 -1.0 -1.0 -1000.0 -1000.0 -1000.0 -10.0 0.9752100935320135
