Car 0.42 3 1.72 0.0 204.34 103.16 304.34 1.43 1.74 3.63 -10.25 2.05 12.71 1.05 0.34816758934751
Car 0.0 0 1.26 997.9 158.72 1162.44 246.55 1.52 1.55 3.91 9.2 1.3 14.53 1.81 0.19722529374138842
Car 0.0 2 1.39 874.87 163.9 1000.97 244.48 1.62 1.84 4.1 7.34 1.46 16.66 1.79 0.08105520449198111
Car 0.0 0 -1.7 349.98 184.62 408.02 222.08 1.38 1.73 3.97 -9.46 1.87 29.24 -2.01 0.9431316485857351
Car 0.0 1 -2.88 525.16 168.31 620.19 209.36 1.74 1.58 3.9 -1.66 1.58 31.87 -2.93 0.9119235656970529
Car 0.0 0 1.67 148.39 186.47 192.51 217.7 1.58 1.68 3.76 -23.95 2.34 39.36 1.13 0.5727480533589531
Car 0.0 0 -1.54 310.74 177.23 335.42 199.48 1.77 1.77 5.1 -24.1 2.17 60.67 -1.92 0.7250995695993145
Car 0.0 0 -2.19 586.61 140.22 952.55 360.18 1.95 1.89 4.61 1.5 1.68 8.86 -2.03 0.25503708492035704
Car 0.0 0 -1.92 449.64 191.92 583.01 267.12 1.35 1.64 3.76 -2.18 1.79 15.56 -2.05 0.2896946471009414
Car -1.0 -1 -10.0 194.53 177.94 287.97 212.52 -1.0 -1.0 -1.0 -1000.0 -1000.0 -1000.0 -10.0 0.21357445606332792
