Pedestrian 0.0 0 -2.02 331.7 157.65 368.04 262.45 1.88 0.69 0.47 -4.68 1.45 13.28 -2.36 0.6102153309937598
Pedestrian 0.12 3 2.21 77.23 154.29 149.23 373.0 1.77 0.67 0.91 -3.83 1.58 5.61 1.63 0.6479152150239536
Pedestrian 0.0 0 2.3 629.1 173.93 658.76 233.98 1.51 1.01 0.97 0.76 1.32 18.79 2.33 0.7599576550637342
Pedestrian 0.0 0 0.29 504.79 169.17 527.45 239.09 1.66 0.65 0.72 -2.23 1.37 17.42 0.16 0.8580655783226457
Pedestrian 0.0 0 1.56 558.83 166.16 580.17 223.58 1.72 0.88 0.9 -1.2 1.26 22.04 1.5 0.10205009805857312
Pedestrian 0.0 2 -1.55 630.78 163.49 645.77 214.45 1.77 0.94 0.93 1.21 1.15 25.52 -1.51 0.3128186674930772
Pedestrian 0.0 1 1.63 617.52 168.52 628.19 205.89 1.73 0.67 0.83 0.94 1.13 33.79 1.65 0.8376600832757274
Car 0.09 0 -1.88 747.08 0.0 1219.79 373.0 2.56 2.06 5.87 2.97 1.42 7.49 -1.52 0.331528035509037
Car -1.0 -1 -10.0 591.1 164.58 608.8 211.3 -1.0 -1.0 -1.0 -1000.0 -1000.0 -1000.0 -10.0 0.6196241920245249
Car -1.0 -1 -10.0 664.6 160.06 731.3 208.71 -1.0 -1.0 -1.0 -1000.0 -1000.0 -1000.0 -10.0 0.2512036755614132
