Car 0.0 0 -1.76 706.03 187.97 824.88 272.35 1.37 1.54 3.56 2.86 1.45 13.91 -1.56 0.5611103315466699
Car 0.0 0 -1.03 27.95 179.52 250.0 283.64 1.58 1.57 3.72 -8.13 1.49 12.85 -1.59 0.6324476078726172
Car 0.0 0 -1.25 255.03 186.69 448.82 303.33 1.46 1.63 3.82 -3.77 1.51 11.19 -1.57 0.6090065894172646
Car 0.0 0 -1.38 440.15 177.62 515.61 233.55 1.57 1.61 3.42 -3.92 1.35 21.99 -1.55 0.8277325756610883
Car 0.0 0 -1.69 655.07 179.4 713.07 222.08 1.46 1.66 4.04 2.74 1.25 26.85 -1.59 0.6601607902763552
Car 0.0 1 -1.43 482.38 181.83 535.4 220.45 1.47 1.61 4.16 -4.06 1.34 29.87 -1.57 0.11084967711560301
Car 0.0 2 -1.31 384.52 182.63 443.24 217.66 1.4 1.53 3.74 -8.37 1.31 31.22 -1.57 0.3729261118887909
Car 0.0 1 -1.35 438.27 181.96 479.7 208.22 1.41 1.52 3.8 -8.5 1.24 41.24 -1.56 0.2869287089740765
Car 0.0 1 -1.49 527.9 181.84 554.3 201.47 1.36 1.61 3.76 -4.84 1.12 52.43 -1.58 0.2860039815428973
Car 0.0 0 -1.57 585.61 178.4 610.57 201.83 1.58 1.68 3.95 -0.69 1.11 50.85 -1.58 0.8814622917920919
Car 0.0 0 -1.66 628.85 179.88 652.11 200.1 1.44 1.41 3.41 2.39 1.05 53.37 -1.61 0.7199818025847111
Car 0.0 2 -1.61 618.55 178.99 637.35 196.43 1.5 1.54 3.56 1.77 0.95 64.1 -1.58 0.3967015200560896
Car 0.0 3 1.89 339.64 164.85 382.09 191.04 2.32 2.13 5.33 -22.83 0.49 66.72 1.56 0.26194718464747924
Car -1.0 -1 -10.0 555.04 170.69 570.84 190.37 -1.0 -1.0 -1.0 -1000.0 -1000.0 -1000.0 -10.0 0.3825235078439013
Car -1.0 -1 -10.0 573.14 164.88 604.46 196.84 -1.0 -1.0 -1.0 -1000.0 -1000.0 -1000.0 -10.0 0.9508880832287103
