Car 0.73 0 2.25 0.0 200.62 263.57 374.0 1.47 1.66 3.76 -4.72 1.76 6.0 1.61 0.03942547671786112
Car 0.0 1 1.96 196.81 192.49 404.49 304.85 1.43 1.68 3.76 -4.74 1.78 11.57 1.58 0.4652683724428083
Car 0.31 1 -2.04 866.51 190.83 1241.0 374.0 1.49 1.64 3.52 3.7 1.69 6.54 -1.54 0.4753459615373913
Car 0.0 1 1.87 336.66 188.73 465.66 259.2 1.38 1.68 4.34 -4.78 1.79 17.01 1.6 0.8762618983739859
Car 0.0 1 -1.87 751.63 180.24 939.39 293.0 1.5 1.64 4.14 3.54 1.63 11.78 -1.59 0.23033722960116598
Car 0.0 0 1.76 490.2 180.36 538.66 214.38 1.45 1.6 3.2 -4.32 1.8 32.77 1.63 0.6233873244414768
Car 0.0 2 -1.77 720.16 179.94 825.44 252.99 1.51 1.66 3.5 3.62 1.68 16.81 -1.57 0.6928990027111228
Car 0.0 2 -1.72 705.65 178.01 776.46 231.42 1.51 1.61 3.51 3.94 1.68 22.35 -1.55 0.8454525068837938
Car 0.0 2 -1.72 689.02 178.34 748.53 220.16 1.49 1.68 3.8 4.1 1.72 27.93 -1.58 0.12323684364275167
Car -1.0 -1 -10.0 546.43 170.83 681.92 191.18 -1.0 -1.0 -1.0 -1000.0 -1000.0 -1000.0 -10.0 0.5879942971374374
