Car 1.0 0 -0.64 0.0 189.05 197.88 374.0 1.58 1.65 3.91 -3.2 1.66 2.1 -1.57 0.22864440693555987
Car 0.99 0 -2.31 917.02 200.44 1241.0 374.0 1.47 1.57 4.09 2.83 1.64 2.83 -1.57 0.877149675510888
Car 0.0 0 1.88 264.07 189.1 452.59 299.49 1.43 1.63 4.39 -3.95 1.74 12.0 1.56 0.7127600095254978
Car 0.0 0 -1.78 711.54 181.6 873.47 296.49 1.45 1.58 3.53 2.55 1.6 11.03 -1.56 0.7286785620280344
Car 0.0 0 -1.66 653.11 176.28 723.07 230.84 1.46 1.67 4.4 2.21 1.59 21.78 -1.56 0.657265514072245
Pedestrian 0.0 2 1.21 425.07 181.46 450.95 243.92 1.62 0.89 0.52 -4.7 1.85 19.26 0.97 0.3839973893392826
Car 0.0 1 -2.94 389.22 172.64 491.81 220.36 1.8 1.62 3.7 -6.7 1.82 28.62 3.12 0.47574586844076583
Car 0.0 2 -1.65 638.22 136.85 704.6 216.87 2.87 2.13 5.8 2.3 1.61 28.92 -1.57 0.5551576253236494
Car 0.0 0 1.64 540.53 177.52 561.52 195.22 1.55 1.64 3.7 -5.36 1.99 65.71 1.56 0.38288846131004994
Car -1.0 -1 -10.0 0.0 278.21 181.42 373.0 -1.0 -1.0 -1.0 -1000.0 -1000.0 -1000.0 -10.0 0.5246347979076738
Car -1.0 -1 -10.0 566.49 169.53 592.01 193.76 -1.0 -1.0 -1.0 -1000.0 -1000.0 -1000.0 -10.0 0.9881547955780331
Car -1.0 -1 -10.0 616.3 172.77 636.65 204.76 -1.0 -1.0 -1.0 -1000.0 -1000.0 -1000.0 -10.0 0.25897799427667234
