Car 0.0 0 -1.78 701.27 177.1 845.43 278.19 1.51 1.59 4.28 2.7 1.61 13.06 -1.58 0.5826476875770383
Car 0.0 0 0.57 60.0 186.16 277.52 263.57 1.5 1.52 3.65 -9.18 1.8 15.1 0.04 0.8064867176118385
Car 0.49 1 -2.06 845.05 187.6 1241.0 374.0 1.43 1.51 3.33 3.02 1.57 5.38 -1.57 0.08586528203239552
Car 0.0 2 -1.72 681.9 173.99 763.48 239.51 1.56 1.57 3.78 2.86 1.62 19.25 -1.57 0.9387522107125088
Car 0.0 0 1.75 397.79 184.95 488.42 246.25 1.47 1.71 3.85 -4.48 1.82 19.7 1.53 0.08919144672119061
Car 0.0 1 1.74 447.34 175.36 513.59 229.68 1.73 1.65 3.7 -4.45 1.84 25.03 1.56 0.20243710212042787
Car 0.0 1 -1.67 656.66 175.59 710.36 218.98 1.54 1.66 3.79 2.73 1.67 27.78 -1.57 0.9775069135371086
Car 1.0 0 -2.71 1161.4 213.98 1241.0 374.0 1.45 1.61 3.51 2.93 1.59 1.06 -1.57 0.15260714982152357
Car 0.0 2 1.69 487.45 177.08 537.11 219.72 1.68 1.63 3.94 -4.13 1.88 30.75 1.56 0.5507599404969724
Car 0.0 1 -1.64 638.73 148.4 689.27 201.78 2.85 2.46 5.85 3.01 1.58 41.78 -1.57 0.6480202335593197
Car 0.0 0 -1.7 535.28 178.56 559.18 193.94 1.34 1.69 3.6 -5.76 1.88 65.74 -1.79 0.7996442586265544
Car -1.0 -1 -10.0 560.02 172.77 632.76 193.12 -1.0 -1.0 -1.0 -1000.0 -1000.0 -1000.0 -10.0 0.6000549002687621
