Car 0.62 3 -2.53 0.0 186.35 169.17 332.59 1.53 1.63 3.4 -7.4 1.71 8.4 3.05 0.6301640080066785
Car 0.0 1 -0.25 664.39 179.68 779.91 229.25 1.55 1.57 3.51 3.67 1.8 24.12 -0.1 0.48917593166970086
Car 0.0 0 -0.41 729.15 181.04 971.85 269.47 1.47 1.74 3.88 4.31 1.64 13.38 -0.1 0.9439500168633843
Car 0.0 1 0.38 77.95 166.0 318.79 259.38 1.68 1.67 3.79 -8.02 1.58 14.28 -0.13 0.9886091846645355
Car 0.0 2 -2.75 155.68 184.56 362.79 251.57 1.43 1.6 4.04 -8.11 1.73 16.84 3.09 0.8850921707612722
Car 0.0 2 0.37 214.96 177.57 394.01 238.05 1.53 1.72 4.15 -8.27 1.69 19.69 -0.02 0.16209209600579477
Car 0.0 2 -2.93 296.23 176.86 427.73 224.43 1.52 1.57 4.01 -8.45 1.69 24.72 3.03 0.33967890334260975
Car 0.0 2 -0.27 650.61 180.34 753.69 223.14 1.48 1.63 3.43 3.32 1.77 26.55 -0.15 0.049835622044868466
Car 0.0 0 -1.89 460.01 175.88 493.38 195.74 1.66 1.66 3.98 -11.63 1.95 62.68 -2.08 0.5614112683204382
Car -1.0 -1 -10.0 431.29 172.77 454.87 189.24 -1.0 -1.0 -1.0 -1000.0 -1000.0 -1000.0 -10.0 0.36936219414768623
