Pedestrian 0.05 1 -2.02 1117.39 146.51 1204.39 370.29 1.65 0.88 0.49 4.3 1.4 5.6 -1.39 0.565430494453096
Pedestrian 0.0 0 -2.01 387.44 160.12 417.11 247.74 1.88 0.69 0.47 -4.52 1.42 15.8 -2.29 0.4944396023044275
Pedestrian 0.0 2 2.02 284.28 162.44 338.95 314.05 1.77 0.67 0.91 -3.61 1.55 8.86 1.64 0.9222722464454861
Pedestrian 0.0 0 2.35 652.56 172.45 680.9 224.02 1.51 1.01 0.97 1.79 1.25 21.76 2.42 0.16919137479296098
Pedestrian 0.0 0 -1.2 519.46 167.95 538.8 230.81 1.66 0.65 0.72 -2.15 1.3 19.39 -1.31 0.36633518928937436
Pedestrian 0.0 0 1.78 575.36 165.74 591.02 216.38 1.72 0.88 0.9 -0.97 1.18 24.88 1.74 0.3033784839635226
Pedestrian 0.0 0 -1.48 632.93 165.31 648.26 212.72 1.77 0.94 0.93 1.31 1.17 27.38 -1.44 0.028952439358331916
Pedestrian 0.0 0 1.56 620.87 167.1 631.54 201.15 1.73 0.67 0.83 1.26 1.0 37.04 1.59 0.22993670441500258
Car 0.0 0 -1.8 728.33 53.47 1016.12 322.75 2.56 2.06 5.87 3.08 1.35 9.83 -1.51 0.38266873308575
Car -1.0 -1 -10.0 696.2 162.0 717.77 208.07 -1.0 -1.0 -1.0 -1000.0 -1000.0 -1000.0 -10.0 0.7159238147720816
