Car 1.0 0 0.49 1136.54 174.81 1241.0 374.0 1.46 1.61 3.61 3.37 1.44 1.67 1.53 0.4977983410422747
Car 0.66 0 2.29 0.0 206.96 248.35 374.0 1.48 1.56 4.09 -5.6 1.91 7.21 1.65 0.293579432199651
Car 0.0 0 -2.01 793.32 174.83 1163.13 371.03 1.46 1.67 3.89 3.25 1.51 7.42 -1.61 0.8658973529831652
Car 0.0 0 1.84 378.06 178.36 464.72 234.45 1.56 1.63 3.62 -5.71 1.74 22.1 1.59 0.005890284908173338
Car 0.0 0 -1.81 699.34 171.09 813.57 248.97 1.51 1.6 3.54 3.06 1.5 15.93 -1.63 0.9068646348987958
Car 0.0 2 -1.82 680.69 169.38 759.94 226.06 1.53 1.5 3.34 3.15 1.46 21.39 -1.68 0.7927790429665234
Car 0.0 2 1.76 431.52 177.46 488.1 219.33 1.46 1.43 3.52 -5.62 1.65 27.13 1.56 0.24971170038514712
Pedestrian 0.0 2 -1.74 728.9 154.69 744.36 203.27 1.96 0.68 0.8 5.13 1.23 29.64 -1.57 0.5517164009051222
Pedestrian 0.0 2 -1.76 745.88 155.07 759.43 203.65 1.94 0.65 0.74 5.76 1.23 29.27 -1.57 0.8181650645501098
Car -1.0 -1 -10.0 113.03 169.53 348.14 206.7 -1.0 -1.0 -1.0 -1000.0 -1000.0 -1000.0 -10.0 0.5305116651701582
Car -1.0 -1 -10.0 834.29 155.3 871.46 168.53 -1.0 -1.0 -1.0 -1000.0 -1000.0 -1000.0 -10.0 0.4001102631640979
