Car 0.39 0 -2.01 812.41 176.28 1241.0 374.0 1.56 1.57 3.78 2.91 1.61 5.83 -1.57 0.524170627614675
Car 0.6 0 2.12 0.0 201.02 298.56 374.0 1.47 1.71 3.85 -4.49 1.79 6.5 1.53 0.8749469018743712
Car 0.0 1 1.91 234.77 171.41 421.84 297.14 1.73 1.65 3.7 -4.44 1.74 11.87 1.56 0.7370319177800202
Car 0.0 0 -1.77 705.25 172.5 831.87 262.78 1.54 1.66 3.79 2.94 1.56 14.34 -1.57 0.9213144260616046
Car 0.0 1 1.79 376.76 175.04 483.04 254.45 1.68 1.63 3.94 -4.25 1.76 17.42 1.56 0.4364463189997101
Car 0.0 2 -1.78 678.23 172.44 767.81 230.71 1.48 1.64 4.15 3.06 1.5 20.59 -1.64 0.6473973318627021
Car 0.0 1 -1.67 650.75 135.35 730.9 217.05 2.85 2.46 5.85 2.98 1.57 28.31 -1.57 0.06062826921542919
Car 0.0 1 -1.66 625.1 172.71 652.77 194.76 1.45 1.61 3.34 1.94 1.47 49.66 -1.62 0.7212363646545821
Car 0.0 0 -1.68 513.82 176.83 542.79 196.35 1.34 1.69 3.6 -5.96 1.65 52.17 -1.79 0.15998705812658265
Car 0.0 1 -1.85 605.47 170.31 638.63 192.74 1.69 1.59 3.77 0.89 1.52 56.64 -1.84 0.27085218091736185
Car 0.0 0 -1.78 581.96 174.06 607.32 190.27 1.49 1.71 3.58 -1.5 1.63 68.86 -1.8 0.815771320166846
Car -1.0 -1 -10.0 490.8 173.42 509.21 190.53 -1.0 -1.0 -1.0 -1000.0 -1000.0 -1000.0 -10.0 0.13444596747483162
Car -1.0 -1 -10.0 547.73 167.59 570.66 189.88 -1.0 -1.0 -1.0 -1000.0 -1000.0 -1000.0 -10.0 0.9818987610762141
Car -1.0 -1 -10.0 1088.5 60.21 1171.59 180.18 -1.0 -1.0 -1.0 -1000.0 -1000.0 -1000.0 -10.0 0.6751204638231748
