Car 0.0 0 1.77 372.44 200.99 481.02 285.44 1.51 1.55 3.92 -3.96 2.2 16.01 1.53 0.5074258663425177
Car 0.92 0 -2.26 909.32 211.35 1241.0 374.0 1.5 1.53 3.37 3.03 1.78 3.71 -1.62 0.23796074038166137
Car 0.0 0 -1.87 731.47 197.18 914.77 326.38 1.47 1.56 3.16 2.82 1.87 10.34 -1.61 0.17703471582248453
Car 0.0 1 -1.8 672.56 195.76 789.86 282.09 1.48 1.56 3.62 2.33 2.0 14.97 -1.65 0.7757578516237055
Car 0.0 2 -1.73 648.04 198.24 727.74 256.76 1.39 1.54 4.6 2.11 2.19 21.04 -1.63 0.6365253605084735
Car 0.0 2 1.74 428.12 202.34 507.41 259.54 1.4 1.62 4.26 -4.2 2.36 21.69 1.55 0.022898035307835407
Car 0.0 2 1.68 457.29 198.99 508.74 243.14 1.46 1.52 3.48 -4.78 2.5 27.31 1.51 0.9677032082759225
Car 0.0 2 1.68 480.58 199.26 526.96 235.39 1.39 1.6 3.8 -4.68 2.62 31.99 1.54 0.4112680648944119
Car 0.0 2 2.99 781.16 178.38 859.84 216.52 2.05 1.8 3.95 11.63 2.38 40.14 -3.01 0.39500139601286643
Car -1.0 -1 -10.0 540.61 190.23 638.58 216.4 -1.0 -1.0 -1.0 -1000.0 -1000.0 -1000.0 -10.0 0.5603906688241389
