Car 0.39 0 2.21 0.0 207.03 279.09 374.0 1.43 1.61 4.13 -5.74 1.91 8.38 1.63 0.404571412742291
Car 1.0 0 -2.47 1038.66 186.38 1241.0 374.0 1.47 1.6 3.87 3.29 1.54 2.31 -1.57 0.5248183290210426
Car 0.0 1 -1.94 788.09 178.9 1104.23 372.58 1.57 1.57 4.04 3.21 1.65 7.93 -1.57 0.9701071448984863
Car 0.0 1 1.96 232.29 192.84 386.57 284.17 1.48 1.5 3.58 -5.73 1.91 14.1 1.58 0.8631202837152936
Car 0.0 1 1.33 703.74 181.12 806.8 248.21 1.46 1.61 3.61 3.4 1.67 17.69 1.52 0.5244509638498712
Car 0.0 1 1.89 390.46 185.83 480.13 237.83 1.48 1.56 4.09 -5.55 1.93 23.26 1.66 0.02619929046258651
Car 0.0 2 -1.77 677.88 181.88 753.62 231.62 1.46 1.67 3.89 3.31 1.77 23.54 -1.63 0.7813069894475083
Car 0.0 1 1.7 482.12 179.2 522.45 210.47 1.56 1.63 3.62 -5.69 1.91 38.24 1.56 0.6657344791680038
Car 0.0 1 -1.73 658.32 178.81 707.47 215.2 1.51 1.6 3.54 3.15 1.79 32.07 -1.63 0.8905134538696764
Car 0.0 1 -2.64 519.05 175.73 572.71 193.55 1.5 1.71 4.35 -5.6 1.78 62.79 -2.73 0.54157448903689
Car -1.0 -1 -10.0 190.0 172.12 331.96 199.58 -1.0 -1.0 -1.0 -1000.0 -1000.0 -1000.0 -10.0 0.1508089849616795
