Car 0.71 0 -2.43 0.0 196.22 148.32 358.84 1.42 1.55 3.35 -6.85 1.69 7.22 3.12 0.6857301202082228
Car 0.0 3 0.54 12.47 190.49 335.59 306.93 1.43 1.49 3.56 -5.9 1.7 9.94 0.01 0.41772928026977474
Car 0.0 2 0.44 144.84 184.01 403.84 283.8 1.53 1.6 3.62 -5.57 1.74 12.17 0.02 0.3348238696952488
Car 0.0 2 0.44 224.28 178.48 409.87 266.21 1.66 1.57 3.11 -5.91 1.8 14.65 0.06 0.14406479466193
Car 0.0 2 0.39 243.01 178.74 454.03 254.5 1.66 1.71 4.34 -6.08 1.82 16.97 0.05 0.5979077695336501
Car 0.0 2 -2.79 287.08 178.54 429.75 240.81 1.58 1.62 3.26 -6.75 1.75 19.46 -3.12 0.1771889023528469
Car 0.0 2 -2.92 335.08 180.73 472.98 234.06 1.51 1.66 3.73 -6.19 1.77 21.86 3.09 0.6460375095645348
Car 0.0 2 -2.84 340.41 180.07 482.96 229.08 1.56 1.57 4.37 -6.67 1.83 24.39 -3.11 0.7496624736572707
Car 0.0 2 -2.99 395.17 176.32 500.24 219.93 1.65 1.68 3.88 -6.47 1.81 28.9 3.08 0.0658802572865409
Car 0.0 2 0.19 403.71 166.88 512.5 217.04 2.08 1.8 4.37 -6.59 1.86 31.48 -0.01 0.9714700308040924
Cyclist 0.0 0 1.6 565.79 177.36 575.6 201.97 1.59 0.58 1.69 -2.62 1.9 47.69 1.55 0.06249398420931951
Car 0.0 0 -1.75 704.97 186.78 813.02 267.24 1.38 1.49 3.38 2.82 1.69 14.49 -1.56 0.8796084747487705
Car 0.0 1 -0.25 768.19 175.21 932.9 240.62 1.67 1.6 3.94 6.39 1.76 19.6 0.06 0.4170444049300136
Car 0.0 2 -0.19 696.69 174.94 782.33 213.07 1.77 1.69 3.82 6.22 1.89 35.05 -0.02 0.3727491922791428
Car 0.0 0 -1.67 636.66 181.02 666.08 203.31 1.41 1.56 4.08 2.71 1.97 48.43 -1.61 0.17349198614429628
Car -1.0 -1 -10.0 516.03 174.71 564.84 207.99 -1.0 -1.0 -1.0 -1000.0 -1000.0 -1000.0 -10.0 0.8928458026154035
Car -1.0 -1 -10.0 578.13 169.53 632.76 190.52 -1.0 -1.0 -1.0 -1000.0 -1000.0 -1000.0 -10.0 0.024227847412434
