Car 0.0 0 -1.62 619.58 183.96 643.38 203.94 1.37 1.54 3.56 1.69 1.3 52.36 -1.59 0.7569749738614141
Car 0.0 0 -1.17 131.56 186.47 382.28 333.39 1.52 1.58 3.56 -4.34 1.56 9.44 -1.59 0.5404499644982586
Car 0.9 0 -0.81 0.0 192.97 74.51 308.84 1.41 1.52 3.8 -8.35 1.55 8.27 -1.58 0.5885578295278059
Car 0.0 2 -1.03 71.76 168.3 251.36 271.97 1.8 1.52 3.18 -8.6 1.5 14.12 -1.57 0.8334258301409918
Car 0.0 0 -1.93 761.17 181.84 1056.23 362.64 1.6 1.76 3.84 3.08 1.58 8.4 -1.59 0.6644395367188769
Car 0.0 0 -1.36 394.31 188.15 482.34 244.48 1.36 1.61 3.76 -4.62 1.47 19.92 -1.59 0.6666143625278402
Car 0.0 1 -1.24 263.74 170.23 381.25 237.05 1.88 1.86 5.13 -8.95 1.45 22.99 -1.61 0.8140712158165195
Car 0.0 1 -1.43 454.52 185.54 513.25 226.73 1.37 1.59 3.89 -4.54 1.4 26.62 -1.6 0.40615058794224
Car 0.0 0 -1.59 577.17 180.97 618.33 219.74 1.58 1.68 3.95 -0.5 1.4 31.6 -1.6 0.6663790720180162
Car 0.0 2 -1.34 376.04 184.09 437.96 219.62 1.42 1.7 4.13 -8.73 1.39 31.46 -1.61 0.8854541514656865
Car 0.0 1 -1.52 508.92 184.09 535.89 207.44 1.42 1.53 4.2 -5.56 1.37 47.03 -1.64 0.07542376719828436
Car 0.0 2 -1.36 412.4 174.32 461.11 209.93 1.99 1.89 4.59 -10.1 1.37 42.7 -1.6 0.17355070106200876
Car 0.0 1 -1.56 530.48 171.49 550.7 198.48 2.58 1.91 6.53 -6.73 1.25 72.37 -1.66 0.11582380160202499
Car 0.0 1 -1.6 568.08 163.85 597.99 198.75 2.64 2.22 5.52 -2.04 1.01 57.6 -1.63 0.031205253933936916
Car -1.0 -1 -10.0 0.0 232.74 71.39 302.84 -1.0 -1.0 -1.0 -1000.0 -1000.0 -1000.0 -10.0 0.6121608888052645
