Car 0.82 0 2.14 0.0 211.91 332.91 374.0 1.51 1.55 3.92 -3.46 1.88 4.95 1.55 0.8705057359071786
Car 0.91 0 -2.21 866.47 196.31 1241.0 374.0 1.48 1.56 3.62 2.72 1.64 3.59 -1.6 0.06857605934620792
Car 0.0 1 -1.89 724.92 196.3 969.98 345.15 1.39 1.54 4.6 2.74 1.76 9.62 -1.62 0.8281724905682366
Car 0.0 1 1.93 235.72 204.49 460.84 337.07 1.4 1.62 4.26 -3.57 1.95 10.6 1.61 0.9256885397148606
Car 0.0 2 1.77 385.08 199.55 486.72 278.34 1.46 1.52 3.48 -3.8 2.11 16.1 1.54 0.8818553068140732
Car 0.0 1 1.74 441.87 198.09 520.85 255.46 1.39 1.6 3.8 -3.64 2.17 20.76 1.57 0.057911875265818646
Car 0.0 2 -1.78 698.06 190.06 817.46 271.31 1.46 1.6 4.52 3.03 1.87 15.89 -1.59 0.9588292173712609
Car 0.0 2 -1.73 683.92 188.7 757.27 245.68 1.48 1.56 3.46 3.12 1.97 21.14 -1.58 0.2990458268793893
Car 0.0 2 2.88 881.77 166.94 1002.28 221.31 2.05 1.8 3.95 12.95 1.85 28.42 -2.98 0.8104051340038929
Car 0.0 0 -1.81 640.97 189.28 679.93 216.89 1.51 1.53 3.38 2.92 2.51 42.74 -1.74 0.33659552349701205
Car 0.0 0 -1.87 597.82 191.29 629.3 210.14 1.39 1.54 3.42 0.23 2.88 57.34 -1.87 0.34917686006807025
Car 0.0 1 2.46 563.6 189.77 601.31 206.36 1.56 1.39 3.73 -2.76 3.29 72.44 2.42 0.8560065557304427
Cyclist 0.0 0 2.03 526.76 188.89 540.83 207.67 1.65 0.64 1.51 -6.86 3.1 64.91 1.92 0.763923758713129
Car -1.0 -1 -10.0 822.65 181.18 866.93 191.82 -1.0 -1.0 -1.0 -1000.0 -1000.0 -1000.0 -10.0 0.5402971215649202
