Car 0.99 0 2.46 0.0 218.55 88.24 374.0 1.43 1.68 3.76 -4.84 1.77 3.58 1.57 0.06586951480130432
Car 0.02 1 2.07 0.0 199.92 346.09 363.66 1.38 1.68 4.34 -4.93 1.78 8.85 1.57 0.11571982279602055
Car 0.95 1 -2.3 935.38 195.62 1241.0 374.0 1.5 1.64 4.14 3.43 1.67 3.72 -1.59 0.6616766203894076
Car 0.0 0 1.77 435.37 179.83 501.85 225.9 1.45 1.6 3.2 -4.79 1.7 24.62 1.58 0.14513861965718955
Car 0.0 1 -1.93 787.5 182.75 1050.04 341.36 1.51 1.66 3.5 3.38 1.64 8.74 -1.57 0.9613195733593692
Car 0.0 2 -1.81 738.63 179.34 867.61 267.32 1.51 1.61 3.51 3.62 1.65 14.26 -1.56 0.7601904494251781
Car 0.0 2 -1.77 705.42 178.83 795.81 239.49 1.49 1.68 3.8 3.71 1.67 19.85 -1.58 0.9210305895851114
Car 0.0 2 1.78 466.4 178.08 525.45 217.71 1.49 1.63 3.68 -4.6 1.72 29.31 1.62 0.004343882609909588
Car 0.0 2 -1.72 697.86 177.23 760.28 223.39 1.49 1.61 3.55 4.07 1.66 25.35 -1.57 0.9628428250793818
Car -1.0 -1 -10.0 584.6 167.59 696.8 195.05 -1.0 -1.0 -1.0 -1000.0 -1000.0 -1000.0 -10.0 0.1500610699106223
