Pedestrian 0.0 0 -1.62 632.86 161.19 678.19 292.54 1.73 0.84 0.86 0.61 1.47 9.93 -1.57 0.16251381374335416
Pedestrian 0.0 0 -1.75 691.78 156.72 742.45 291.31 1.81 0.9 0.95 1.52 1.48 10.18 -1.61 0.13594405294646306
Pedestrian 0.0 0 -1.32 286.98 157.26 343.64 299.97 1.78 0.92 1.01 -3.82 1.48 9.53 -1.7 0.3840166831330306
Cyclist 0.0 0 1.8 397.01 162.33 468.56 292.98 1.81 0.65 1.7 -2.54 1.55 10.84 1.57 0.04390420891616165
Cyclist 0.0 0 1.76 494.37 166.32 543.91 244.23 1.7 0.81 1.72 -1.9 1.37 16.59 1.64 0.08643398549641657
Cyclist 0.0 1 1.73 479.26 165.32 512.92 232.96 1.79 0.62 1.9 -2.94 1.36 20.07 1.58 0.349625637920275
Pedestrian 0.0 1 -1.55 734.76 162.44 749.76 221.63 1.63 0.61 0.82 3.83 1.11 20.22 -1.37 0.8689895201454468
Car 0.0 1 1.65 497.35 166.67 536.71 202.57 2.11 2.04 4.62 -5.2 1.23 44.96 1.54 0.5910265567804611
Car -1.0 -1 -10.0 114.6 169.09 183.88 255.14 -1.0 -1.0 -1.0 -1000.0 -1000.0 -1000.0 -10.0 0.47048549656719496
Car -1.0 -1 -10.0 556.28 164.58 579.14 186.15 -1.0 -1.0 -1.0 -1000.0 -1000.0 -1000.0 -10.0 0.07943257169743068
