Car 0.0 0 -1.9 796.15 197.98 1057.39 345.25 1.38 1.73 3.97 3.67 1.76 9.28 -1.53 0.9642588227442311
Car 0.0 1 -1.78 743.81 189.41 870.05 276.73 1.5 1.62 4.11 3.86 1.88 14.96 -1.53 0.5853775002891077
Car 0.0 0 1.81 455.17 190.34 528.81 241.6 1.58 1.68 3.76 -4.04 2.22 25.06 1.65 0.509976187935991
Car 0.44 3 -3.13 1058.52 177.15 1241.0 258.64 1.49 1.53 4.38 11.49 1.58 14.23 -2.46 0.6118410364444319
Car 0.0 2 1.75 489.99 187.48 549.32 230.17 1.61 1.74 4.06 -3.74 2.25 30.22 1.63 0.7204804142412056
Car 0.0 0 -1.6 694.61 180.15 727.38 211.5 1.77 1.77 5.1 6.05 2.23 43.78 -1.47 0.7439000226654121
Car 0.0 2 1.75 518.21 192.91 563.38 224.75 1.39 1.55 3.65 -3.35 2.41 35.12 1.66 0.49300891983409534
Car 0.0 2 1.74 535.3 189.72 576.28 218.7 1.46 1.63 3.92 -2.99 2.44 40.07 1.66 0.8145403616569042
Car 0.0 2 0.4 197.47 189.99 321.34 229.25 1.5 1.87 4.23 -14.53 2.25 30.0 -0.05 0.6684297447612876
Car -1.0 -1 -10.0 334.9 185.71 405.06 206.7 -1.0 -1.0 -1.0 -1000.0 -1000.0 -1000.0 -10.0 0.15425654247875464
Car -1.0 -1 -10.0 598.18 179.88 675.45 203.46 -1.0 -1.0 -1.0 -1000.0 -1000.0 -1000.0 -10.0 0.6103155628298917
