Car 0.0 2 2.75 809.35 147.8 893.87 176.32 1.52 1.76 4.1 13.8 -0.26 39.7 3.09 0.11682098232923288
Car 0.0 0 -1.52 545.18 164.32 571.55 185.01 1.5 1.78 3.69 -3.5 0.31 53.89 -1.58 0.8921996179877769
Cyclist 0.0 0 0.01 585.62 163.56 607.47 184.76 1.74 0.6 1.79 -0.68 0.34 59.06 -0.0 0.6072921201498452
Pedestrian 0.0 1 3.12 612.66 161.75 620.14 183.25 1.8 0.68 1.44 1.24 0.22 60.13 -3.14 0.36244890449760736
Pedestrian 0.0 2 0.24 472.5 167.51 483.11 190.95 1.92 0.57 1.32 -10.39 0.85 58.62 0.07 0.642390618980996
Car -1.0 -1 -10.0 419.29 168.56 443.15 198.8 -1.0 -1.0 -1.0 -1000.0 -1000.0 -1000.0 -10.0 0.06986598656092702
Car -1.0 -1 -10.0 80.14 182.59 132.06 205.81 -1.0 -1.0 -1.0 -1000.0 -1000.0 -1000.0 -10.0 0.9633862629699126
Car -1.0 -1 -10.0 780.12 151.99 802.71 173.94 -1.0 -1.0 -1.0 -1000.0 -1000.0 -1000.0 -10.0 0.7653744795448085
Car -1.0 -1 -10.0 623.29 160.27 640.78 169.47 -1.0 -1.0 -1.0 -1000.0 -1000.0 -1000.0 -10.0 0.0009682609399764841
Car -1.0 -1 -10.0 503.44 162.82 539.41 182.86 -1.0 -1.0 -1.0 -1000.0 -1000.0 -1000.0 -10.0 0.2740563711077949
Car -1.0 -1 -10.0 704.26 155.81 716.01 175.21 -1.0 -1.0 -1.0 -1000.0 -1000.0 -1000.0 -10.0 0.6418154297668874
Car -1.0 -1 -10.0 687.04 155.17 693.69 170.11 -1.0 -1.0 -1.0 -1000.0 -1000.0 -1000.0 -10.0 0.8171263934596372
