Car 0.0 0 -1.58 589.66 176.96 616.81 203.8 1.65 1.67 3.64 -0.48 1.93 46.64 -1.59 0.8238753147139594
Car 0.0 0 -1.34 354.99 178.26 511.4 296.39 1.61 1.51 4.5 -2.79 1.72 12.2 -1.57 0.23917220519054094
Car 0.0 1 2.11 67.12 194.83 215.51 264.32 1.61 1.72 3.65 -12.53 2.25 19.52 1.54 0.26700932781000963
Cyclist 0.0 0 -2.48 681.57 161.92 747.04 233.81 1.72 0.47 1.65 2.54 1.47 17.98 -2.35 0.7312698894252537
Pedestrian 0.0 1 2.95 689.35 172.31 706.18 232.16 1.6 0.39 0.4 2.35 1.59 19.55 3.07 0.29694522464258166
Pedestrian 0.0 1 2.47 666.9 173.17 683.08 224.62 1.5 0.4 0.35 1.89 1.51 21.29 2.56 0.8521228325544847
Pedestrian 0.0 2 0.26 387.06 175.51 398.68 236.92 1.6 0.38 0.3 -5.73 1.67 18.99 -0.03 0.8315525721437167
Car -1.0 -1 -10.0 259.87 183.77 304.15 222.88 -1.0 -1.0 -1.0 -1000.0 -1000.0 -1000.0 -10.0 0.6344591779707734
Car -1.0 -1 -10.0 228.82 181.83 258.87 198.94 -1.0 -1.0 -1.0 -1000.0 -1000.0 -1000.0 -10.0 0.6853013914934829
Car -1.0 -1 -10.0 521.2 177.3 546.72 191.18 -1.0 -1.0 -1.0 -1000.0 -1000.0 -1000.0 -10.0 0.48149661525424436
