Car 0.76 0 0.77 0.0 198.75 169.66 374.0 1.43 1.49 3.56 -5.98 1.69 6.06 0.01 0.6105305091066092
Car 0.25 3 0.6 0.0 184.39 309.73 335.32 1.53 1.6 3.62 -5.64 1.69 8.28 0.02 0.740741872480287
Car 0.0 2 0.55 68.89 177.37 337.63 299.87 1.66 1.57 3.11 -5.95 1.75 10.69 0.06 0.9945991465029071
Car 0.0 2 0.48 122.05 177.31 406.32 277.37 1.66 1.71 4.34 -6.15 1.76 13.04 0.04 0.17517481519916844
Car 0.0 2 -2.72 203.64 177.09 388.61 256.03 1.58 1.62 3.26 -6.7 1.69 15.52 -3.12 0.5337951571003681
Car 0.0 2 -2.87 270.37 182.58 443.15 248.42 1.51 1.66 3.73 -6.23 1.77 17.94 3.09 0.9225436227834386
Car 0.0 2 -2.79 284.59 177.09 457.4 235.92 1.56 1.57 4.37 -6.73 1.71 20.45 -3.11 0.5453646206357512
Car 0.0 2 -2.96 356.55 173.25 480.3 223.97 1.65 1.68 3.88 -6.59 1.69 24.97 3.07 0.442401914249656
Car 0.0 2 0.22 372.34 164.86 498.2 222.47 2.08 1.8 4.37 -6.62 1.82 27.53 -0.02 0.5988492186276957
Cyclist 0.0 0 1.61 556.99 178.35 568.32 206.27 1.59 0.58 1.69 -2.78 1.92 42.14 1.55 0.6856823902576481
Car 0.0 0 -1.81 733.19 190.2 899.31 306.54 1.38 1.49 3.38 2.8 1.67 10.64 -1.56 0.15835871494867382
Car 0.0 1 -0.32 801.53 173.95 1014.0 256.41 1.67 1.6 3.94 6.3 1.72 15.69 0.06 0.01348216062192309
Car 0.0 2 -0.25 703.25 181.7 819.22 219.94 1.44 1.65 4.26 5.98 1.82 28.95 -0.05 0.29301647748903503
Car 0.0 2 -0.21 705.79 172.79 802.84 215.76 1.77 1.69 3.82 6.16 1.79 31.2 -0.02 0.45095348939959057
Car 0.0 2 -2.98 442.37 178.95 530.01 208.18 1.49 1.59 4.44 -6.64 1.85 38.8 3.13 0.15045560663480684
Car 0.0 0 -1.67 636.47 178.96 668.76 203.26 1.41 1.56 4.08 2.56 1.8 44.53 -1.62 0.0011186278720382026
Car -1.0 -1 -10.0 577.48 165.65 633.4 195.05 -1.0 -1.0 -1.0 -1000.0 -1000.0 -1000.0 -10.0 0.5678650078105612
