Car 0.96 0 2.33 0.0 222.33 248.54 374.0 1.39 1.6 3.8 -3.69 1.77 3.73 1.58 0.7115324814521915
Car 0.84 0 -2.17 896.0 186.77 1241.0 374.0 1.48 1.56 3.46 3.06 1.58 4.13 -1.56 0.7101919987840486
Car 0.0 0 -1.86 653.18 172.58 723.26 218.9 1.51 1.53 3.38 2.66 1.53 25.56 -1.76 0.6377582293198483
Car 0.0 0 -1.94 582.0 174.14 630.24 200.39 1.39 1.54 3.42 -0.29 1.48 40.29 -1.95 0.28173814635614636
Car 0.0 1 3.02 816.64 170.82 978.82 236.56 1.53 1.54 3.54 6.97 1.51 17.9 -2.9 0.027252162444949102
Car 0.0 2 2.73 1011.89 168.02 1225.84 236.69 1.5 1.7 3.72 11.75 1.43 16.95 -2.96 0.17587966987505432
Car 0.0 1 2.47 542.29 171.25 591.66 192.18 1.56 1.39 3.73 -3.31 1.45 55.53 2.41 0.3727715371544691
Cyclist 0.0 0 1.4 470.03 172.69 488.02 205.69 1.65 0.64 1.51 -6.73 1.65 36.87 1.22 0.3765231773243939
Car -1.0 -1 -10.0 726.91 160.48 799.65 184.71 -1.0 -1.0 -1.0 -1000.0 -1000.0 -1000.0 -10.0 0.9503390124133806
Car -1.0 -1 -10.0 292.86 170.18 314.5 180.82 -1.0 -1.0 -1.0 -1000.0 -1000.0 -1000.0 -10.0 0.29631339357966757
