Car 0.0 0 -1.58 536.7 176.44 589.9 224.93 1.6 1.76 3.84 -1.66 1.3 25.93 -1.64 0.2712454835396573
Car 0.0 0 -1.4 361.29 179.7 479.29 267.88 1.58 1.68 3.95 -3.79 1.47 15.01 -1.64 0.3705627064496315
Car 0.93 0 -0.87 0.0 195.06 81.87 320.18 1.42 1.69 4.53 -7.84 1.57 7.45 -1.66 0.8087523384269437
Car 0.0 0 -1.21 201.92 185.72 330.36 250.38 1.42 1.53 4.2 -8.62 1.46 18.46 -1.64 0.17215999324431852
Car 0.0 0 -1.06 30.5 163.92 203.92 246.4 1.99 1.89 4.59 -13.24 1.46 19.77 -1.65 0.7637463026069637
Car 0.0 2 -1.43 418.98 184.61 480.72 231.42 1.39 1.5 3.4 -5.14 1.39 23.59 -1.65 0.36915099110617
Car 0.0 1 -1.33 324.61 184.39 395.08 225.46 1.43 1.62 4.08 -9.51 1.42 27.8 -1.66 0.5112741814053879
Car 0.0 1 -1.22 231.89 184.53 304.17 219.93 1.39 1.5 4.04 -14.58 1.38 31.01 -1.66 0.7204542484948785
Car 0.0 1 -1.45 402.99 162.71 449.19 208.89 2.58 1.91 6.53 -10.94 1.3 43.65 -1.7 0.2838035400312465
Car 0.0 1 -1.51 462.88 155.66 510.45 207.59 2.64 2.22 5.52 -6.6 1.12 39.62 -1.67 0.9866079827091828
Car 0.0 1 -1.57 493.01 154.15 518.86 195.21 4.05 2.5 16.44 -11.25 0.93 79.37 -1.71 0.09276298417549445
Car -1.0 -1 -10.0 0.0 232.1 68.16 310.6 -1.0 -1.0 -1.0 -1000.0 -1000.0 -1000.0 -10.0 0.24444993217509547
