Car 0.88 0 2.05 0.0 50.52 361.48 374.0 2.01 1.89 4.91 -3.11 1.67 4.37 1.46 0.4898421828344425
Car 0.0 0 -1.46 445.69 179.26 512.4 236.18 1.65 1.67 3.81 -4.13 1.86 23.04 -1.64 0.8165601904442102
Car 0.0 2 -1.74 669.2 178.58 745.34 240.45 1.52 1.51 3.1 2.51 1.69 19.53 -1.61 0.37410469255387235
Car 0.0 2 -1.73 640.55 183.08 704.48 233.1 1.53 1.58 3.53 1.99 1.88 24.23 -1.65 0.5491575292179999
Car 0.0 2 1.63 481.54 148.78 534.91 211.91 2.6 2.06 5.42 -4.53 1.64 32.67 1.49 0.09370604218915357
Car 0.0 1 -1.6 620.87 180.53 654.81 210.49 1.46 1.6 3.71 1.37 1.87 37.39 -1.57 0.7418808012352134
Car 0.0 0 -1.68 594.63 172.84 620.99 196.49 1.97 1.82 4.41 -0.24 2.0 62.86 -1.68 0.10591097298456686
Car 0.0 0 -1.79 694.02 180.95 835.27 280.61 1.57 1.72 3.52 2.63 1.73 13.26 -1.6 0.49126845701976973
Car -1.0 -1 -10.0 537.38 175.36 566.78 193.12 -1.0 -1.0 -1.0 -1000.0 -1000.0 -1000.0 -10.0 0.6581365545023112
Car -1.0 -1 -10.0 578.31 173.98 601.27 187.56 -1.0 -1.0 -1.0 -1000.0 -1000.0 -1000.0 -10.0 0.04239274005170268
