Car 1.0 0 -2.74 1118.49 195.57 1241.0 374.0 1.48 1.64 4.15 3.13 1.55 1.17 -1.61 0.40931834563415537
Car 0.0 0 -1.88 717.5 4.13 1133.41 358.85 2.85 2.46 5.85 2.95 1.52 8.76 -1.57 0.4242344998803359
Car 0.0 2 -1.73 687.32 161.2 792.59 252.31 1.78 1.59 4.33 2.75 1.58 16.39 -1.57 0.31851331165082897
Car 0.0 2 1.4 670.61 171.71 745.97 228.26 1.53 1.57 3.87 2.82 1.53 21.72 1.53 0.9271654048387866
Car 0.0 1 -1.71 634.48 176.26 684.14 213.04 1.45 1.61 3.34 1.99 1.61 30.48 -1.65 0.7296947776632043
Car 0.0 0 -1.56 270.28 194.42 297.9 235.83 1.28 0.8 1.93 -10.87 2.02 24.01 -1.98 0.8874620637593387
Car 0.0 0 -1.61 459.24 184.21 500.42 216.12 1.34 1.69 3.6 -6.03 1.88 32.98 -1.79 0.2990382348376629
Car 0.0 1 -1.83 602.17 173.57 651.07 208.28 1.69 1.59 3.77 0.78 1.75 37.37 -1.81 0.23631686032127097
Car 0.0 0 -1.76 571.77 179.54 606.48 202.38 1.49 1.71 3.58 -1.49 1.96 49.51 -1.79 0.03683647833795589
Cyclist 0.0 0 1.54 518.05 175.35 530.9 205.58 1.69 0.66 2.0 -4.96 1.85 41.59 1.42 0.7338382325588303
Car -1.0 -1 -10.0 459.75 175.36 486.57 182.12 -1.0 -1.0 -1.0 -1000.0 -1000.0 -1000.0 -10.0 0.6753767980408427
Car -1.0 -1 -10.0 186.12 191.53 201.94 232.58 -1.0 -1.0 -1.0 -1000.0 -1000.0 -1000.0 -10.0 0.6426519456415628
Car -1.0 -1 -10.0 536.65 171.9 576.27 197.98 -1.0 -1.0 -1.0 -1000.0 -1000.0 -1000.0 -10.0 0.48322957236402897
