Car 0.0 0 -0.32 708.38 177.31 878.93 249.53 1.55 1.57 3.51 4.16 1.68 16.81 -0.08 0.5908666797532639
Car 0.5 0 -0.7 886.46 182.35 1241.0 374.0 1.47 1.74 3.88 4.55 1.57 6.02 -0.08 0.012829395481560257
Car 0.46 3 -2.54 0.0 190.5 223.21 308.81 1.43 1.6 4.04 -7.75 1.7 9.77 3.08 0.7313279767006303
Car 0.0 3 0.55 2.56 178.66 301.75 275.05 1.53 1.72 4.15 -7.9 1.66 12.65 -0.0 0.16218401123223025
Car 0.0 1 -2.8 184.6 177.36 377.84 244.74 1.52 1.57 4.01 -7.98 1.66 17.68 3.07 0.9516174914962816
Car 0.0 2 -0.32 683.85 179.94 829.07 239.9 1.48 1.63 3.43 3.8 1.68 19.21 -0.12 0.28018543662850415
Car 0.0 2 -2.99 248.25 173.11 393.36 231.65 1.7 1.62 4.01 -8.99 1.74 22.62 2.92 0.07749345439842648
Car 0.0 2 -3.08 308.58 171.86 402.54 215.27 1.78 1.65 3.75 -11.0 1.76 31.34 2.86 0.581333439464672
Car 0.0 0 -1.85 456.13 176.8 492.1 199.37 1.66 1.66 3.98 -10.5 1.98 55.48 -2.04 0.4520367692113564
Car -1.0 -1 -10.0 430.0 173.42 455.52 194.41 -1.0 -1.0 -1.0 -1000.0 -1000.0 -1000.0 -10.0 0.01415694967469816
