Car 0.68 0 -2.51 0.0 177.17 182.95 352.66 1.65 1.68 3.88 -6.98 1.72 7.55 3.05 0.06559933650054028
Car 0.31 3 0.56 0.0 145.61 285.94 310.16 2.08 1.8 4.37 -7.2 1.76 10.15 -0.04 0.6866791298065379
Cyclist 0.0 0 1.71 453.56 179.79 488.32 249.49 1.59 0.58 1.69 -3.38 1.76 17.4 1.52 0.25402686233696414
Car 0.69 0 -0.81 1071.48 188.7 1241.0 374.0 1.5 1.58 2.81 5.87 1.65 6.26 -0.08 0.06915430959660929
Car 0.18 3 2.51 896.84 183.95 1241.0 333.85 1.57 1.68 3.97 5.77 1.73 8.76 3.08 0.5709449413346038
Car 0.0 2 -0.5 805.85 186.87 1117.59 288.13 1.44 1.65 4.26 5.5 1.7 11.66 -0.07 0.27667265797787344
Car 0.0 2 -0.42 791.64 168.84 1024.7 267.91 1.77 1.69 3.82 5.65 1.72 14.06 -0.04 0.3450362944997474
Car 0.0 2 -2.85 276.27 182.83 445.33 237.38 1.49 1.59 4.44 -7.3 1.81 21.29 3.11 0.17537201831436888
Car 0.0 2 -2.86 327.68 181.62 466.09 229.4 1.48 1.63 4.1 -7.03 1.8 23.92 3.14 0.09335248196443069
Car 0.0 0 -1.7 631.12 180.94 687.04 222.08 1.41 1.56 4.08 1.74 1.73 27.17 -1.64 0.9462719263766202
Car 0.0 2 -1.62 617.38 177.39 647.84 203.12 1.43 1.58 3.37 1.26 1.71 42.25 -1.6 0.9901113999836789
Car 0.0 2 -1.57 601.45 167.33 618.27 187.27 2.33 1.96 6.11 -0.02 1.72 88.23 -1.57 0.9707580021273238
Car -1.0 -1 -10.0 490.8 166.95 590.07 202.17 -1.0 -1.0 -1.0 -1000.0 -1000.0 -1000.0 -10.0 0.16613265418034961
