Car 1.0 0 2.39 0.0 186.59 319.96 374.0 1.45 1.67 4.43 -2.92 1.53 2.67 1.61 0.6961164899297698
Car 0.99 0 -2.4 949.76 216.7 1241.0 374.0 1.47 1.59 3.62 2.81 1.72 2.45 -1.6 0.7587537677599686
Car 0.0 1 1.95 163.93 174.08 442.86 343.45 1.56 1.68 3.69 -3.33 1.6 8.54 1.59 0.7212468083958518
Car 0.09 1 1.25 746.81 196.73 1060.64 374.0 1.44 1.64 4.5 2.75 1.77 8.05 1.57 0.644231003509718
Car 0.0 1 1.73 429.73 170.1 516.15 238.41 1.46 1.51 3.24 -3.21 1.42 17.2 1.55 0.12967493336796831
Car 0.0 0 1.44 678.54 176.83 750.15 227.25 1.38 1.59 4.19 3.04 1.52 22.02 1.58 0.2209076194369961
Car 0.0 2 1.67 487.54 173.02 549.18 217.68 1.38 1.69 3.74 -3.06 1.41 24.41 1.54 0.35106870280439817
Car 0.0 0 -1.63 651.79 171.93 682.57 199.2 1.51 1.56 3.81 3.28 1.48 42.23 -1.55 0.8683211583682116
Car 0.0 2 -1.61 642.4 157.62 671.65 190.96 2.38 1.98 5.62 3.5 1.32 54.75 -1.54 0.8734077194416363
Car -1.0 -1 -10.0 562.6 164.36 597.83 187.29 -1.0 -1.0 -1.0 -1000.0 -1000.0 -1000.0 -10.0 0.4221780403954337
Car -1.0 -1 -10.0 624.15 164.6 646.07 184.43 -1.0 -1.0 -1.0 -1000.0 -1000.0 -1000.0 -10.0 0.07666123474775555
