Car 0.0 1 2.54 19.3 173.9 160.83 227.87 1.78 1.67 3.85 -18.58 1.84 25.93 1.92 0.33611622880781267
Car 0.28 1 2.53 0.0 186.28 97.3 227.8 1.59 1.76 4.18 -24.37 2.19 30.47 1.86 0.746039620706255
Car 0.0 1 2.94 298.41 173.43 397.62 204.78 1.66 1.57 5.04 -14.78 1.72 40.76 2.59 0.9793839250227846
Car 0.0 0 1.99 233.3 162.3 295.59 199.57 2.93 2.3 6.29 -28.81 2.14 60.41 1.55 0.08712635071949537
Car 0.0 0 2.84 776.33 169.99 844.6 194.91 1.49 1.46 3.84 12.49 1.34 45.13 3.11 0.23705877329316893
Pedestrian 0.0 1 2.78 873.48 165.35 884.82 190.73 1.86 0.57 1.08 19.88 1.32 53.57 3.13 0.0797431610310485
Car 0.0 1 -1.94 832.72 166.0 871.18 188.36 1.75 1.57 4.07 19.69 1.24 58.92 -1.62 0.4217369499684659
Car -1.0 -1 -10.0 887.98 157.24 1240.0 190.52 -1.0 -1.0 -1.0 -1000.0 -1000.0 -1000.0 -10.0 0.0427512640764921
Car -1.0 -1 -10.0 404.12 163.07 427.7 184.06 -1.0 -1.0 -1.0 -1000.0 -1000.0 -1000.0 -10.0 0.856467665092494
Car -1.0 -1 -10.0 547.08 165.65 562.9 177.59 -1.0 -1.0 -1.0 -1000.0 -1000.0 -1000.0 -10.0 0.5935419462481483
Car -1.0 -1 -10.0 503.74 161.77 535.08 173.71 -1.0 -1.0 -1.0 -1000.0 -1000.0 -1000.0 -10.0 0.21105504455889468
