Pedestrian 0.0 0 -1.7 764.56 171.51 826.22 331.14 1.76 0.76 1.02 2.17 1.65 8.47 -1.47 0.6263984088397846
Pedestrian 0.0 0 2.73 337.41 175.67 393.41 317.28 1.78 0.82 0.8 -3.21 1.71 9.64 2.41 0.2451372155895042
Pedestrian 0.0 1 1.69 250.94 178.45 294.94 313.04 1.75 0.71 0.89 -4.61 1.71 9.88 1.26 0.2971288413314509
Pedestrian 0.0 0 1.08 984.09 161.47 1049.09 314.51 1.67 0.78 0.95 4.66 1.45 8.33 1.57 0.2518362765290948
Pedestrian 0.0 0 1.26 921.71 160.61 984.37 310.71 1.74 0.72 0.77 4.15 1.5 8.74 1.69 0.43944323843232314
Pedestrian 0.0 0 -1.88 645.2 172.08 679.2 249.49 1.89 0.96 0.95 1.37 1.66 18.14 -1.81 0.7533467165950605
Pedestrian 0.0 2 -1.69 761.78 177.95 823.3 313.74 1.68 0.64 0.91 2.44 1.64 9.39 -1.45 0.9572056977333714
Pedestrian 0.0 0 -1.72 717.3 179.69 758.3 296.01 1.71 0.68 0.93 2.03 1.68 11.04 -1.55 0.1782210890519612
Pedestrian 0.0 1 -1.69 701.01 182.18 730.68 285.84 1.71 0.8 0.94 1.91 1.73 12.42 -1.54 0.45937522772192774
Pedestrian 0.0 2 -1.79 768.7 170.7 826.31 271.41 1.8 0.83 0.92 3.59 1.61 13.34 -1.54 0.6936495373598313
Pedestrian 0.0 2 -1.84 785.75 166.48 831.83 248.49 1.83 0.78 0.94 4.75 1.5 16.58 -1.57 0.2981836065991942
Car 0.0 0 1.7 545.34 182.84 596.21 222.56 1.57 1.67 4.14 -1.26 1.65 31.1 1.65 0.9003753212467596
Car -1.0 -1 -10.0 608.51 176.18 632.66 195.81 -1.0 -1.0 -1.0 -1000.0 -1000.0 -1000.0 -10.0 0.861972809586925
