Car 0.99 0 -2.36 928.32 215.06 1241.0 374.0 1.36 1.55 3.87 2.78 1.61 2.59 -1.6 0.11993136354280598
Car 0.0 0 -1.83 714.09 168.57 863.95 286.66 1.62 1.48 3.36 2.69 1.59 11.71 -1.61 0.8167796154643783
Car 0.03 3 0.59 0.0 179.6 345.44 300.25 1.55 1.7 4.09 -6.18 1.67 10.28 0.06 0.5694700230658606
Car 0.0 2 0.42 138.8 174.95 391.66 272.32 1.59 1.63 3.75 -6.08 1.66 12.93 -0.01 0.07452995199097923
Car 0.0 2 -2.74 191.98 160.96 384.51 259.45 1.95 1.67 3.35 -6.78 1.73 15.35 3.13 0.9573814097973244
Car 0.0 2 -2.8 249.37 181.78 408.57 243.36 1.42 1.55 3.35 -6.93 1.66 17.91 3.12 0.9139017545018278
Car 0.0 2 0.28 334.46 179.75 473.62 232.73 1.43 1.49 3.56 -5.88 1.65 20.71 0.01 0.22989800221504553
Car 0.0 2 0.25 368.48 178.52 495.52 229.63 1.53 1.6 3.62 -5.63 1.73 22.93 0.02 0.0702659393552919
Car 0.0 2 0.29 383.19 171.01 484.2 220.79 1.66 1.57 3.11 -6.18 1.63 25.32 0.05 0.9223314675296
Car 0.0 2 0.26 384.76 172.33 508.49 217.9 1.66 1.71 4.34 -6.25 1.67 27.74 0.04 0.6266897749865927
Car 0.0 2 0.14 451.1 161.68 530.48 198.68 2.08 1.8 4.37 -6.97 1.47 42.34 -0.02 0.6593021725180468
Cyclist 0.0 0 1.59 573.92 170.47 581.09 189.07 1.59 0.58 1.69 -2.84 1.4 62.83 1.54 0.8407520703177733
Car 0.0 0 -1.68 662.11 181.01 715.85 223.77 1.38 1.49 3.38 2.67 1.68 25.33 -1.57 0.13211259424939825
Car 0.0 0 -1.66 628.04 175.37 651.47 193.42 1.41 1.56 4.08 2.39 1.64 59.21 -1.62 0.9943570834249047
Car -1.0 -1 -10.0 532.2 170.18 570.66 187.94 -1.0 -1.0 -1.0 -1000.0 -1000.0 -1000.0 -10.0 0.21030374607112878
Car -1.0 -1 -10.0 673.87 168.24 708.45 179.53 -1.0 -1.0 -1.0 -1000.0 -1000.0 -1000.0 -10.0 0.06160379674929095
Car -1.0 -1 -10.0 600.77 163.71 626.94 186.64 -1.0 -1.0 -1.0 -1000.0 -1000.0 -1000.0 -10.0 0.9289491877876923
