Car 0.09 0 -0.57 854.35 181.66 1241.0 352.21 1.55 1.57 3.51 4.57 1.67 7.6 -0.04 0.2888625959575807
Car 0.52 0 -2.51 0.0 181.73 212.83 316.34 1.52 1.57 4.01 -7.48 1.66 9.04 3.1 0.5282746179273904
Car 0.0 2 -0.45 783.18 185.52 1082.46 305.48 1.48 1.63 3.43 4.32 1.68 10.08 -0.05 0.7666425043751246
Car 0.13 3 -2.67 0.0 174.44 247.66 280.45 1.54 1.69 3.34 -7.97 1.59 11.62 3.03 0.033933941520101985
Car 0.0 2 -2.77 35.78 169.85 297.99 267.42 1.7 1.62 4.01 -8.42 1.67 13.96 2.98 0.18523291852312007
Car 0.0 2 0.34 153.98 160.04 340.84 250.09 1.91 1.51 3.49 -8.19 1.65 16.44 -0.11 0.518867449067335
Car 0.0 2 -2.97 216.12 168.06 355.21 228.77 1.78 1.65 3.75 -10.12 1.66 22.69 2.9 0.24090143209981751
Car 0.0 0 -1.82 458.67 177.6 499.56 204.52 1.66 1.66 3.98 -8.57 1.99 46.9 -2.0 0.6367050351568939
Car -1.0 -1 -10.0 439.05 176.0 458.1 192.47 -1.0 -1.0 -1.0 -1000.0 -1000.0 -1000.0 -10.0 0.7608091232607516
Car -1.0 -1 -10.0 389.89 176.0 408.94 190.53 -1.0 -1.0 -1.0 -1000.0 -1000.0 -1000.0 -10.0 0.9791125795742907
Car -1.0 -1 -10.0 357.55 182.47 377.25 213.17 -1.0 -1.0 -1.0 -1000.0 -1000.0 -1000.0 -10.0 0.1837260969146164
