Car 0.0 0 -1.73 682.79 177.62 778.36 248.0 1.55 1.66 4.15 2.85 1.68 18.1 -1.58 0.8971305707360063
Car 0.34 0 2.51 974.23 159.93 1241.0 268.01 1.47 1.7 4.65 8.22 1.31 10.88 -3.14 0.1345388141833418
Car 0.0 2 2.62 905.52 132.77 1185.39 239.87 1.91 1.81 4.33 8.27 1.21 14.06 -3.14 0.36162592141743355
Car 0.0 0 -1.25 322.45 211.24 406.91 254.32 0.91 1.32 2.41 -6.21 1.94 18.34 -1.57 0.9205361050622273
Car 0.0 2 -1.3 368.01 183.11 454.92 241.49 1.63 1.61 3.81 -6.11 1.97 22.46 -1.56 0.13220008714912057
Car 0.0 0 2.05 99.0 201.52 319.56 316.98 1.43 1.57 3.48 -6.13 1.94 11.42 1.57 0.605240309069289
Car 0.0 0 2.77 817.57 158.49 997.37 220.94 1.63 1.67 4.32 8.18 1.28 20.19 -3.13 0.14907647157193182
Car 0.0 1 1.75 454.03 182.54 505.1 217.96 1.53 1.68 3.86 -6.06 2.0 33.7 1.57 0.8739066861490049
Car 0.45 3 -0.74 1151.73 142.38 1241.0 192.16 1.74 1.8 4.37 22.61 0.67 26.36 -0.04 0.8715925748137364
Car -1.0 -1 -10.0 604.0 172.12 663.16 196.35 -1.0 -1.0 -1.0 -1000.0 -1000.0 -1000.0 -10.0 0.8760793658025573
Car -1.0 -1 -10.0 505.68 174.71 575.19 207.35 -1.0 -1.0 -1.0 -1000.0 -1000.0 -1000.0 -10.0 0.0777485021930644
Car -1.0 -1 -10.0 701.04 165.01 786.72 179.53 -1.0 -1.0 -1.0 -1000.0 -1000.0 -1000.0 -10.0 0.6434688897510893
Car -1.0 -1 -10.0 662.87 167.59 675.45 180.82 -1.0 -1.0 -1.0 -1000.0 -1000.0 -1000.0 -10.0 0.5067823159563809
