Pedestrian 0.0 0 -1.65 615.18 163.21 669.85 324.97 1.73 0.84 0.86 0.39 1.54 8.16 -1.61 0.3305542756187918
Pedestrian 0.0 0 -1.73 670.95 155.82 734.62 321.17 1.81 0.9 0.95 1.04 1.53 8.38 -1.62 0.56038327018847
Pedestrian 0.0 0 -1.2 196.14 162.91 264.47 336.86 1.78 0.92 1.01 -4.08 1.59 7.91 -1.67 0.3745718611149983
Cyclist 0.85 0 2.22 0.0 137.68 195.72 373.0 1.81 0.65 1.7 -2.61 1.65 3.11 1.56 0.06940916306039757
Cyclist 0.0 0 1.87 321.55 169.71 440.71 335.58 1.7 0.81 1.72 -2.5 1.58 8.25 1.58 0.3514354432733736
Cyclist 0.0 0 1.77 407.96 164.76 465.08 272.14 1.79 0.62 1.9 -2.98 1.52 13.0 1.55 0.46215596364319267
Pedestrian 0.0 2 -1.99 727.05 161.55 754.05 229.91 1.79 0.86 1.02 3.58 1.27 19.47 -1.81 0.8327304694047625
Pedestrian 0.0 0 -1.52 753.97 165.52 774.97 238.82 1.63 0.61 0.82 3.56 1.28 16.42 -1.32 0.22522665144414744
Car 0.0 0 1.66 479.84 169.01 523.37 208.34 2.11 2.04 4.62 -5.65 1.44 41.26 1.52 0.1256861725580054
Car -1.0 -1 -10.0 0.0 214.23 78.95 372.0 -1.0 -1.0 -1.0 -1000.0 -1000.0 -1000.0 -10.0 0.29016872235216085
Car -1.0 -1 -10.0 530.49 171.02 564.31 201.62 -1.0 -1.0 -1.0 -1000.0 -1000.0 -1000.0 -10.0 0.9366911765266419
Car -1.0 -1 -10.0 277.73 184.57 296.72 212.59 -1.0 -1.0 -1.0 -1000.0 -1000.0 -1000.0 -10.0 0.1158298468767146
