Car 0.03 1 -1.96 827.25 188.69 1167.29 374.0 1.5 1.62 4.11 3.71 1.7 7.9 -1.53 0.1319034050660538
Car 0.0 0 1.88 371.24 186.66 486.85 260.6 1.58 1.68 3.76 -4.35 1.95 17.75 1.64 0.061290979235092746
Car 0.0 2 1.76 439.44 184.1 518.61 240.73 1.61 1.74 4.06 -4.11 1.99 23.05 1.58 0.8398429686314958
Car 0.0 0 -1.65 695.52 174.96 739.35 212.73 1.77 1.77 5.1 5.36 1.91 36.73 -1.5 0.09503388986037908
Car 0.0 2 1.78 480.15 186.96 539.94 227.02 1.39 1.55 3.65 -3.81 1.96 27.77 1.64 0.08996373086373732
Car 0.0 2 1.75 505.54 184.68 556.85 220.17 1.46 1.63 3.92 -3.52 2.02 32.55 1.64 0.7067329314129182
Car 0.0 1 0.52 40.46 190.62 217.73 243.7 1.5 1.87 4.23 -14.92 2.1 22.51 -0.06 0.6072643215024124
Car -1.0 -1 -10.0 274.75 178.59 352.67 208.64 -1.0 -1.0 -1.0 -1000.0 -1000.0 -1000.0 -10.0 0.9820306309271718
Car -1.0 -1 -10.0 583.3 174.71 649.57 195.06 -1.0 -1.0 -1.0 -1000.0 -1000.0 -1000.0 -10.0 0.23585300049787117
Car -1.0 -1 -10.0 659.64 173.42 667.7 186.65 -1.0 -1.0 -1.0 -1000.0 -1000.0 -1000.0 -10.0 0.9805899184545321
