Car 0.95 1 -2.26 926.43 180.24 1241.0 374.0 1.57 1.57 4.04 3.18 1.62 3.51 -1.57 0.00030345228276107417
Car 0.0 0 2.11 22.88 198.77 302.66 342.69 1.48 1.5 3.58 -5.75 1.89 9.74 1.59 0.4237866130685587
Car 0.0 1 1.29 731.86 178.52 879.88 270.61 1.46 1.61 3.61 3.41 1.57 13.37 1.53 0.8015484058300443
Car 0.0 1 1.97 329.25 184.56 451.56 249.59 1.48 1.56 4.09 -5.63 1.81 18.9 1.68 0.13727888871815586
Car 0.0 2 -1.8 691.27 178.36 789.54 240.64 1.46 1.67 3.89 3.29 1.62 19.13 -1.63 0.7584193105594592
Car 0.0 1 1.72 464.9 177.76 511.95 213.39 1.56 1.63 3.62 -5.67 1.81 33.79 1.56 0.02837209627701409
Car 0.0 1 -1.74 664.35 175.78 722.73 218.31 1.51 1.6 3.54 3.1 1.64 27.69 -1.64 0.9125575900568916
Car 0.0 2 -1.77 657.37 176.1 704.51 211.44 1.53 1.5 3.34 3.19 1.7 33.29 -1.68 0.8281989346681774
Car 0.0 2 1.7 487.7 177.79 523.18 206.42 1.46 1.43 3.52 -5.62 1.74 38.85 1.56 0.40098046933987863
Car 0.0 2 -2.77 486.92 173.31 544.89 192.47 1.5 1.71 4.35 -7.68 1.57 58.84 -2.9 0.9339267616259155
Car -1.0 -1 -10.0 0.0 284.03 19.7 373.0 -1.0 -1.0 -1.0 -1000.0 -1000.0 -1000.0 -10.0 0.2986640281959131
Car -1.0 -1 -10.0 27.64 182.47 260.16 198.94 -1.0 -1.0 -1.0 -1000.0 -1000.0 -1000.0 -10.0 0.25872176347276676
