Car 0.28 0 0.6 0.0 170.3 319.99 312.8 1.54 1.78 4.2 -6.07 1.55 8.84 0.01 0.37672894442490135
Car 0.0 2 -2.58 17.84 178.76 284.63 281.03 1.46 1.42 3.25 -7.05 1.57 11.21 -3.13 0.8381054754338888
Car 0.0 2 0.52 109.73 172.7 374.91 261.9 1.54 1.64 4.15 -6.79 1.56 13.48 0.06 0.17321716295486633
Car 0.0 2 -2.8 230.44 168.66 364.7 247.19 1.61 1.46 2.33 -6.81 1.54 15.78 3.08 0.49455498995387537
Car 0.0 2 0.26 275.25 176.02 471.18 240.78 1.5 1.66 4.4 -5.88 1.61 18.16 -0.05 0.5737346744443149
Car 0.0 2 0.31 270.86 124.81 493.78 231.06 2.86 1.88 5.81 -6.45 1.58 20.77 0.01 0.31483346012152347
Car 0.0 0 -1.73 681.74 183.84 783.56 255.1 1.41 1.62 4.19 2.66 1.69 16.76 -1.57 0.18947975957027374
Car 0.0 1 -0.21 763.12 181.0 884.16 230.92 1.42 1.59 3.21 6.33 1.69 21.76 0.07 0.9089459498991375
Car 0.0 0 -1.62 630.12 178.7 652.36 195.3 1.32 1.63 4.1 2.56 1.82 60.13 -1.58 0.8217599108937054
Car 0.0 0 1.18 822.19 196.26 929.69 331.23 1.45 0.51 1.9 3.18 1.76 8.95 1.51 0.08933796837376151
Car -1.0 -1 -10.0 495.33 167.59 625.0 207.34 -1.0 -1.0 -1.0 -1000.0 -1000.0 -1000.0 -10.0 0.13662761951609492
Car -1.0 -1 -10.0 1166.8 313.14 1240.0 373.0 -1.0 -1.0 -1.0 -1000.0 -1000.0 -1000.0 -10.0 0.4611825608552673
Car -1.0 -1 -10.0 666.75 173.42 684.51 198.29 -1.0 -1.0 -1.0 -1000.0 -1000.0 -1000.0 -10.0 0.06627217917847628
