Car 0.95 0 2.43 0.0 195.82 183.2 374.0 1.58 1.68 3.76 -4.58 1.76 4.19 1.64 0.815862251526287
Car 0.0 1 2.01 83.58 184.35 382.09 347.18 1.61 1.74 4.06 -4.52 1.78 9.35 1.57 0.36387256202818763
Car 0.0 0 -1.7 718.06 168.42 797.13 231.01 1.77 1.77 5.1 4.56 1.68 23.16 -1.51 0.999562517036424
Car 0.0 1 1.9 308.06 191.58 452.08 276.83 1.39 1.55 3.65 -4.39 1.8 14.2 1.61 0.1004774453874363
Car 0.0 2 1.83 394.95 183.78 497.22 247.75 1.46 1.63 3.92 -4.19 1.77 18.86 1.61 0.5106515955322727
Car 0.0 0 1.73 557.76 176.37 593.05 200.74 1.47 1.66 3.76 -2.17 1.71 45.74 1.68 0.7273848837775342
Car 0.0 0 1.69 609.59 174.09 629.42 189.07 1.45 1.6 3.2 0.97 1.6 72.37 1.7 0.07176853875709743
Car -1.0 -1 -10.0 15.35 172.77 121.73 193.12 -1.0 -1.0 -1.0 -1000.0 -1000.0 -1000.0 -10.0 0.5653707761317085
Car -1.0 -1 -10.0 691.98 171.48 712.97 204.76 -1.0 -1.0 -1.0 -1000.0 -1000.0 -1000.0 -10.0 0.35420415705347497
Car -1.0 -1 -10.0 818.77 168.24 892.16 192.47 -1.0 -1.0 -1.0 -1000.0 -1000.0 -1000.0 -10.0 0.15547772778147817
