Car 0.0 0 1.84 307.68 191.33 473.41 287.6 1.41 1.76 4.4 -3.87 1.79 13.39 1.56 0.7530541753127924
Car 0.0 1 2.04 102.23 199.62 314.46 302.79 1.43 1.7 3.74 -6.85 1.96 12.72 1.56 0.09947245759315226
Car 0.0 1 -1.64 637.85 178.31 679.61 213.32 1.55 1.66 4.15 2.23 1.82 34.3 -1.58 0.7479965712277505
Car 0.0 2 1.76 430.56 188.23 508.03 241.43 1.41 1.66 3.35 -4.16 1.9 21.59 1.57 0.35357758467884526
Car 0.0 1 2.87 749.74 163.72 886.36 205.36 1.47 1.7 4.65 7.74 1.17 27.23 -3.14 0.03415356682272219
Car 0.0 2 2.9 739.85 154.26 854.7 202.22 1.91 1.81 4.33 7.76 1.18 30.3 -3.14 0.3838754833314254
Car 0.0 2 -0.56 979.54 137.81 1101.37 180.52 2.06 2.07 4.94 21.74 0.36 36.61 -0.03 0.7688579587573384
Car -1.0 -1 -10.0 508.91 174.06 630.82 206.7 -1.0 -1.0 -1.0 -1000.0 -1000.0 -1000.0 -10.0 0.37699086450458974
Car -1.0 -1 -10.0 684.22 166.95 738.85 198.29 -1.0 -1.0 -1.0 -1000.0 -1000.0 -1000.0 -10.0 0.6588514702028798
Car -1.0 -1 -10.0 893.16 147.54 974.31 181.47 -1.0 -1.0 -1.0 -1000.0 -1000.0 -1000.0 -10.0 0.5602622834910628
