Car 0.87 0 0.94 866.26 182.39 1241.0 374.0 1.53 1.57 3.87 2.96 1.6 4.09 1.53 0.1293350896957811
Car 0.0 0 -1.87 674.75 183.23 819.37 277.22 1.45 1.61 3.34 2.29 1.65 13.08 -1.7 0.029253740606795975
Cyclist 0.0 0 1.74 393.46 177.18 435.15 261.74 1.76 0.57 1.83 -4.35 1.86 15.96 1.48 0.8202932540016014
Car 0.0 0 -1.38 289.91 195.62 404.78 269.78 1.34 1.69 3.6 -5.67 1.89 15.87 -1.72 0.9559529275219821
Car 0.0 1 -1.82 616.79 172.82 707.21 240.54 1.69 1.59 3.77 1.3 1.72 20.12 -1.76 0.9730819773633854
Car 0.0 0 -1.71 564.13 182.09 614.18 218.19 1.49 1.71 3.58 -1.02 1.91 32.08 -1.75 0.9838601572228319
Car 0.0 2 -1.56 411.48 189.13 449.75 218.78 1.39 1.81 3.46 -9.24 2.26 37.11 -1.81 0.8552865419514326
Car 0.0 1 -1.69 542.24 184.17 576.15 211.09 1.47 1.55 3.37 -3.02 2.15 42.01 -1.77 0.25399572819723915
Pedestrian 0.0 2 1.61 406.06 177.78 416.65 206.34 1.8 0.68 0.72 -12.65 2.12 46.07 1.35 0.6869285071774254
Pedestrian 0.0 2 1.68 398.53 179.46 409.8 208.08 1.8 0.65 0.67 -13.17 2.22 45.92 1.41 0.03930092831833587
Cyclist 0.0 0 1.69 435.64 180.31 472.88 252.04 1.69 0.66 2.0 -3.93 1.88 18.12 1.48 0.5980836107043331
Car -1.0 -1 -10.0 477.86 179.24 538.96 199.59 -1.0 -1.0 -1.0 -1000.0 -1000.0 -1000.0 -10.0 0.5224915484136134
