Car 0.0 0 -1.57 570.07 178.33 602.65 208.03 1.6 1.76 3.84 -1.24 1.22 41.07 -1.6 0.6368162544824615
Car 0.88 0 -0.82 0.0 195.71 94.67 326.15 1.45 1.64 3.86 -7.79 1.61 7.79 -1.59 0.5576353580025081
Car 0.0 0 -1.05 89.19 191.9 264.16 270.93 1.37 1.54 3.4 -8.68 1.54 14.75 -1.57 0.04639971659910658
Car 0.0 0 -1.24 247.37 192.05 425.08 283.85 1.38 1.71 4.49 -4.95 1.55 13.73 -1.58 0.22448298098081343
Car 0.0 2 -1.29 320.85 182.25 403.82 231.7 1.54 1.65 3.82 -8.33 1.45 24.64 -1.61 0.7926338517471447
Car 0.0 1 -1.32 374.26 182.53 438.7 220.83 1.49 1.67 4.05 -8.49 1.39 30.56 -1.59 0.43944589869540396
Car 0.0 0 -1.42 435.51 145.48 517.05 228.1 2.74 2.09 5.96 -4.79 1.4 27.01 -1.6 0.9874398558979745
Car 0.0 1 -1.47 497.93 183.67 535.35 212.37 1.41 1.58 3.99 -4.82 1.35 38.22 -1.6 0.7564767082704573
Car 0.0 1 -1.13 203.1 181.54 309.7 234.09 1.59 1.71 3.74 -11.56 1.48 23.87 -1.58 0.24658873655357705
Car -1.0 -1 -10.0 537.59 170.69 565.68 200.72 -1.0 -1.0 -1.0 -1000.0 -1000.0 -1000.0 -10.0 0.7881077064634823
