Car 0.11 0 -2.03 777.65 197.94 1110.58 374.0 1.41 1.51 3.45 2.95 1.71 7.29 -1.67 0.8837530418791709
Car 0.53 3 -2.45 0.0 198.32 220.75 348.02 1.43 1.6 3.78 -6.67 1.75 7.96 -3.13 0.7861100483294322
Car 0.02 3 -2.55 0.0 188.28 318.21 304.53 1.48 1.59 3.64 -6.34 1.73 10.25 -3.09 0.7491675327329123
Car 0.0 2 -2.64 98.92 186.52 357.94 278.4 1.48 1.56 3.78 -6.68 1.75 12.77 -3.11 0.5253746697677883
Car 0.0 2 0.53 188.24 175.97 394.95 258.4 1.63 1.52 3.74 -6.7 1.72 15.24 0.12 0.4161679165572998
Car 0.0 0 -1.77 674.89 182.13 780.61 251.77 1.42 1.63 4.15 2.6 1.66 17.11 -1.62 0.9970519338768276
Car 0.0 1 0.34 322.9 184.63 483.77 238.91 1.47 1.65 4.15 -5.94 1.83 20.87 0.06 0.8810250713698231
Car 0.0 2 -1.73 657.89 180.81 716.21 219.16 1.35 1.58 4.05 2.86 1.67 27.86 -1.63 0.09146464695483614
Car 0.0 2 -2.89 345.99 178.44 470.15 228.55 1.53 1.5 3.61 -6.53 1.74 23.41 3.13 0.3881237121451542
Car 0.0 2 -2.9 376.96 171.4 478.09 221.24 1.7 1.61 3.21 -6.52 1.67 25.86 3.14 0.15449137651199574
Car 0.0 1 -1.66 639.01 172.57 671.63 200.96 1.76 1.71 4.35 2.9 1.77 47.33 -1.6 0.6494164737568467
Car -1.0 -1 -10.0 487.57 168.24 632.76 213.17 -1.0 -1.0 -1.0 -1000.0 -1000.0 -1000.0 -10.0 0.6536859537531896
