Car 0.41 0 -2.22 606.09 205.57 1050.45 374.0 1.47 1.58 3.55 1.38 1.81 6.02 -2.0 0.7377704462712577
Car 0.0 1 -1.93 483.73 205.82 709.94 343.72 1.37 1.7 4.38 -0.5 1.93 10.39 -1.98 0.8837676814008463
Car 0.0 2 -1.83 419.61 207.08 551.12 299.25 1.4 1.56 3.91 -2.64 2.16 14.29 -2.02 0.24842219436810065
Car 0.0 1 -1.75 369.6 201.81 459.54 274.11 1.6 1.65 3.77 -5.33 2.43 19.2 -2.02 0.06583124210453972
Car 0.0 1 1.71 126.44 207.56 205.7 274.91 1.86 1.63 4.2 -14.66 3.1 23.96 1.17 0.8293284016405463
Car 0.0 1 1.68 28.31 221.86 147.85 321.42 1.45 1.46 3.41 -9.92 2.49 13.85 1.06 0.8397259241260928
Car 0.81 3 1.81 0.0 225.16 93.66 374.0 1.46 1.55 4.21 -7.06 2.17 7.93 1.1 0.5703358419094317
Car 0.0 2 -1.65 324.66 210.13 374.42 250.03 1.37 1.61 4.26 -11.06 3.03 30.38 -2.0 0.12041918045895661
Car 0.0 1 1.6 195.81 213.05 227.98 242.88 1.51 1.55 3.92 -23.82 4.01 43.19 1.1 0.6023509904714247
Car -1.0 -1 -10.0 230.76 206.41 324.85 237.75 -1.0 -1.0 -1.0 -1000.0 -1000.0 -1000.0 -10.0 0.14501516404662607
