Car 0.99 0 2.53 0.0 223.65 79.65 374.0 1.48 1.56 4.09 -5.56 1.91 4.24 1.65 0.9036353419674445
Car 0.84 0 -2.22 881.33 182.02 1241.0 374.0 1.46 1.67 3.89 3.23 1.53 4.35 -1.61 0.9401704604576816
Car 0.0 0 1.88 335.06 186.14 442.1 253.64 1.56 1.63 3.62 -5.74 1.93 18.98 1.59 0.8086302465004269
Car 0.0 0 -1.84 719.18 175.38 867.75 275.2 1.51 1.6 3.54 3.04 1.58 12.82 -1.61 0.8336175655944728
Car 0.0 2 -1.84 691.02 175.37 786.4 242.67 1.53 1.5 3.34 3.12 1.62 18.31 -1.67 0.10116433002560321
Car 0.0 2 1.79 406.53 185.88 473.22 234.36 1.46 1.43 3.52 -5.63 1.91 24.06 1.56 0.8613783825647251
Pedestrian 0.0 2 -1.76 739.59 157.89 756.25 211.58 1.96 0.68 0.8 5.09 1.42 26.86 -1.57 0.6110238887906481
Pedestrian 0.0 2 -1.78 756.72 157.73 776.05 211.27 1.94 0.65 0.74 5.74 1.4 26.59 -1.57 0.3057107401704684
Car -1.0 -1 -10.0 0.0 263.33 53.34 373.0 -1.0 -1.0 -1.0 -1000.0 -1000.0 -1000.0 -10.0 0.71895251781091
Car -1.0 -1 -10.0 0.0 186.35 237.05 245.51 -1.0 -1.0 -1.0 -1000.0 -1000.0 -1000.0 -10.0 0.4060254785556634
Car -1.0 -1 -10.0 839.47 161.77 898.63 175.65 -1.0 -1.0 -1.0 -1000.0 -1000.0 -1000.0 -10.0 0.548022456009519
