Car 0.72 0 2.96 0.0 165.63 59.45 211.25 1.66 1.57 5.04 -23.38 1.41 26.23 2.24 0.12791528027345778
Car 0.0 1 2.02 17.68 155.25 110.32 203.91 2.93 2.3 6.29 -35.33 1.91 46.92 1.37 0.09847162283478594
Car 0.0 1 3.03 521.74 169.23 599.58 199.75 1.49 1.46 3.84 -2.58 1.33 37.05 2.96 0.41867314508659925
Pedestrian 0.0 2 2.85 793.68 161.85 806.35 190.45 1.86 0.57 1.08 12.42 1.15 47.55 3.1 0.023722313717621013
Car 0.0 0 1.22 730.93 156.26 774.96 188.6 2.21 1.76 4.11 10.17 1.1 51.68 1.41 0.5573188742334156
Car 0.0 1 -2.02 760.62 161.22 805.65 186.09 1.75 1.57 4.07 12.66 0.95 53.04 -1.79 0.24706409431911602
Car 0.0 1 -2.05 798.57 161.94 853.43 184.12 1.54 1.71 5.03 15.77 0.81 53.01 -1.76 0.9530555085045175
Car -1.0 -1 -10.0 128.55 164.36 222.64 193.12 -1.0 -1.0 -1.0 -1000.0 -1000.0 -1000.0 -10.0 0.3320677608416861
Car -1.0 -1 -10.0 419.0 159.18 482.69 192.46 -1.0 -1.0 -1.0 -1000.0 -1000.0 -1000.0 -10.0 0.426173956654363
Car -1.0 -1 -10.0 267.63 156.6 345.55 180.18 -1.0 -1.0 -1.0 -1000.0 -1000.0 -1000.0 -10.0 0.40729636126441415
Car -1.0 -1 -10.0 882.81 150.78 1214.95 182.77 -1.0 -1.0 -1.0 -1000.0 -1000.0 -1000.0 -10.0 0.009923409614425172
Car -1.0 -1 -10.0 662.69 148.98 862.73 159.44 -1.0 -1.0 -1.0 -1000.0 -1000.0 -1000.0 -10.0 0.052380292078763935
