Car 0.0 0 -1.59 565.33 176.74 604.55 212.51 1.6 1.76 3.84 -1.16 1.21 34.44 -1.62 0.22594198215418282
Car 0.0 0 -1.15 110.18 197.92 386.13 358.68 1.39 1.5 3.4 -3.9 1.59 8.35 -1.58 0.17156081051644634
Car 0.93 1 -0.79 0.0 196.83 71.66 322.74 1.43 1.62 4.08 -7.89 1.61 7.41 -1.58 0.8078704651161315
Car 0.0 2 -1.03 58.01 188.61 252.55 276.86 1.45 1.54 3.59 -8.64 1.54 14.05 -1.57 0.25963451637614066
Car 0.0 1 -1.28 279.61 142.7 409.01 239.94 2.58 1.91 6.53 -7.96 1.43 22.45 -1.62 0.6513387730924864
Car 0.0 2 -1.05 80.09 186.15 225.1 244.45 1.45 1.8 3.73 -12.71 1.5 20.32 -1.6 0.7387532846852113
Car 0.0 1 -1.32 367.51 181.91 431.89 220.53 1.48 1.64 3.82 -8.61 1.36 29.95 -1.59 0.9266377077477015
Car 0.0 1 -1.46 494.05 163.73 541.16 210.36 2.41 2.03 5.13 -4.94 1.28 39.95 -1.59 0.9586622389115309
Car 0.0 0 -1.43 436.02 145.12 523.33 230.75 2.64 2.22 5.52 -4.33 1.39 25.12 -1.6 0.02765840675139508
Car 0.0 1 -1.53 522.58 146.57 557.53 197.52 4.05 2.5 16.44 -5.97 0.92 65.63 -1.63 0.7162661726804017
Car 0.0 2 -1.15 245.89 180.29 323.6 221.03 1.5 1.51 3.42 -12.7 1.31 28.41 -1.57 0.9332795051823839
Car -1.0 -1 -10.0 0.0 235.98 61.05 314.48 -1.0 -1.0 -1.0 -1000.0 -1000.0 -1000.0 -10.0 0.7465931760250786
