Car 0.0 1 -3.13 263.27 168.12 364.99 205.93 1.49 1.46 3.84 -12.33 1.32 30.13 2.76 0.13960514872842933
Pedestrian 0.0 0 2.84 694.36 162.71 707.25 193.52 1.86 0.57 1.08 5.51 1.25 44.15 2.97 0.5731497942108009
Car 0.0 0 1.27 639.86 156.95 684.0 191.9 2.21 1.76 4.11 3.38 1.23 47.93 1.34 0.04513021546675677
Car 0.0 1 -2.02 671.2 163.51 718.02 190.14 1.75 1.57 4.07 5.74 1.16 49.59 -1.9 0.3830257917244638
Car 0.0 1 -2.06 709.79 164.43 766.91 187.97 1.54 1.71 5.03 8.79 1.02 50.0 -1.89 0.4394074067396846
Car 0.0 1 0.94 845.94 156.61 907.35 188.43 2.14 1.77 4.44 18.75 1.07 51.0 1.3 0.13097353794000033
Car 0.0 2 -2.2 880.79 162.96 928.02 184.87 1.53 1.41 3.4 21.35 0.86 52.48 -1.82 0.7924579682158427
Car 0.0 1 -2.37 920.81 161.29 973.85 184.95 1.69 1.61 3.36 24.92 0.88 53.44 -1.93 0.1361068431158724
Car -1.0 -1 -10.0 977.25 153.36 1240.0 186.0 -1.0 -1.0 -1.0 -1000.0 -1000.0 -1000.0 -10.0 0.5640065636198832
Car -1.0 -1 -10.0 800.65 157.24 824.23 169.82 -1.0 -1.0 -1.0 -1000.0 -1000.0 -1000.0 -10.0 0.44905837190291154
Car -1.0 -1 -10.0 558.72 152.07 637.29 163.36 -1.0 -1.0 -1.0 -1000.0 -1000.0 -1000.0 -10.0 0.3054981938042711
