Cyclist 0.0 3 -1.81 831.02 143.99 911.33 269.1 1.9 0.77 1.93 4.23 1.47 11.95 -1.48 0.9283866495703216
Cyclist 0.0 3 -1.66 740.26 165.9 759.81 216.63 1.8 0.52 1.75 5.1 1.56 26.51 -1.47 0.14976435021464296
Pedestrian 0.0 1 -1.81 761.42 170.63 776.65 208.79 1.7 0.69 0.68 7.13 1.61 32.64 -1.6 0.45158749719923763
Pedestrian 0.0 1 -1.82 780.17 169.85 792.53 207.97 1.7 0.48 0.87 7.86 1.57 32.67 -1.58 0.16641999406369468
Car 0.0 2 -1.77 776.89 184.95 791.58 207.11 1.0 0.5 0.77 7.97 1.56 33.17 -1.54 0.5418097924200646
Cyclist 0.0 3 -1.65 711.14 173.42 721.3 201.89 1.64 0.44 1.56 6.2 1.68 42.34 -1.51 0.8937471973453905
Car -1.0 -1 -10.0 478.51 170.83 495.62 187.94 -1.0 -1.0 -1.0 -1000.0 -1000.0 -1000.0 -10.0 0.566333240954209
Car -1.0 -1 -10.0 915.15 150.78 1239.53 234.52 -1.0 -1.0 -1.0 -1000.0 -1000.0 -1000.0 -10.0 0.3840042269743592
Car -1.0 -1 -10.0 793.54 161.77 830.06 187.94 -1.0 -1.0 -1.0 -1000.0 -1000.0 -1000.0 -10.0 0.6279269068665506
Car -1.0 -1 -10.0 591.07 166.95 704.57 185.36 -1.0 -1.0 -1.0 -1000.0 -1000.0 -1000.0 -10.0 0.19877085609104317
