Car 0.6 0 -1.07 0.0 189.33 383.1 369.0 1.5 1.78 3.69 -3.26 1.61 5.53 -1.57 0.25716560574301905
Pedestrian 0.0 0 0.27 672.45 150.56 738.78 262.07 1.83 0.69 1.03 1.84 1.34 12.13 0.42 0.005180201387420591
Cyclist 0.0 1 -0.72 1085.97 142.05 1147.19 191.97 1.72 0.6 1.79 17.98 0.39 24.89 -0.1 0.7857699004327318
Pedestrian 0.0 2 0.24 399.99 157.26 479.26 273.85 1.75 0.57 1.07 -2.59 1.41 10.99 0.02 0.7252155877464218
Pedestrian 0.0 0 0.23 410.04 151.47 470.04 281.73 1.8 0.61 1.04 -2.4 1.4 10.14 0.01 0.6484316406451208
Cyclist 0.0 1 -1.53 947.63 148.32 980.23 209.95 1.72 0.78 1.71 10.5 0.82 20.71 -1.07 0.3851135302772538
Pedestrian 0.0 2 0.74 105.43 175.7 137.76 262.28 1.72 0.55 0.93 -9.78 1.63 14.4 0.16 0.8827751563984406
Pedestrian 0.0 2 0.72 90.43 182.07 126.1 266.51 1.62 0.48 0.96 -9.86 1.66 13.89 0.11 0.15814318285546858
Cyclist 0.0 1 -0.06 367.09 163.08 475.73 267.65 1.7 0.64 1.74 -3.18 1.42 12.13 -0.3 0.9735975862773623
Pedestrian 0.0 2 -2.44 51.26 165.06 93.93 274.26 1.95 0.56 0.82 -9.72 1.68 12.93 -3.07 0.27081547895130875
Car 0.7 3 -0.71 1166.6 152.9 1223.0 196.52 1.28 1.7 3.95 19.84 0.44 21.65 0.02 0.8146424632928209
Car 0.0 0 1.64 454.42 168.74 486.36 192.16 1.45 1.75 4.23 -8.78 0.71 46.45 1.46 0.5809839422734578
Car -1.0 -1 -10.0 792.87 155.81 809.72 187.32 -1.0 -1.0 -1.0 -1000.0 -1000.0 -1000.0 -10.0 0.34909728117071726
Car -1.0 -1 -10.0 625.21 161.55 661.19 177.76 -1.0 -1.0 -1.0 -1000.0 -1000.0 -1000.0 -10.0 0.3871516239668248
