Cyclist 0.66 0 1.91 0.0 152.06 263.36 373.0 1.67 0.93 1.69 -2.44 1.56 3.59 1.34 0.8948619221095154
Pedestrian 0.0 0 -1.88 858.71 141.72 913.04 281.24 1.75 0.82 1.14 3.65 1.25 9.59 -1.53 0.6153573904395632
Pedestrian 0.0 0 -1.02 568.46 158.95 610.13 257.62 1.77 0.94 0.93 -0.37 1.37 13.51 -1.06 0.6376017124701184
Pedestrian 0.0 2 -3.1 361.77 156.62 398.43 259.97 1.73 0.67 0.83 -3.91 1.31 12.46 2.88 0.7883472952227256
Pedestrian 0.0 0 1.77 492.8 157.95 528.13 250.17 1.82 0.8 0.86 -1.99 1.36 14.62 1.63 0.10732073130751962
Pedestrian 0.0 1 1.35 743.02 143.44 782.02 247.21 1.88 0.78 1.03 2.89 1.19 13.57 1.55 0.31200322613471687
Cyclist 0.0 0 1.64 519.53 165.66 550.92 235.73 1.69 0.66 1.75 -1.69 1.31 18.3 1.54 0.44709390051672226
Pedestrian 0.0 0 -1.57 541.46 161.63 557.12 211.32 1.81 0.73 0.84 -1.81 1.09 26.67 -1.64 0.6458922091661915
Car -1.0 -1 -10.0 405.4 178.12 481.13 249.34 -1.0 -1.0 -1.0 -1000.0 -1000.0 -1000.0 -10.0 0.38970072267880473
Car -1.0 -1 -10.0 614.31 156.84 684.88 197.75 -1.0 -1.0 -1.0 -1000.0 -1000.0 -1000.0 -10.0 0.016299519335241652
