Pedestrian 0.1 0 -1.92 871.38 144.64 961.38 373.0 1.76 0.76 1.02 2.28 1.51 5.5 -1.55 0.7726922004653407
Pedestrian 0.73 0 2.46 0.0 132.32 143.91 373.0 1.78 0.82 0.8 -2.96 1.58 3.51 1.79 0.018202144466424874
Pedestrian 0.0 0 -2.5 580.63 147.06 613.3 240.78 1.89 0.96 0.95 -0.27 1.19 15.12 -2.52 0.8774354841632085
Pedestrian 0.0 1 -1.77 844.15 157.57 895.82 346.31 1.68 0.64 0.91 2.37 1.47 6.89 -1.46 0.9176699402281784
Pedestrian 0.0 0 -1.79 743.87 155.33 796.54 312.3 1.71 0.68 0.93 1.85 1.42 8.31 -1.58 0.045165262436276055
Pedestrian 0.0 1 -1.81 713.63 156.33 753.97 287.99 1.71 0.8 0.94 1.79 1.39 9.88 -1.64 0.5671523513308296
Pedestrian 0.0 2 -1.98 804.94 145.5 885.5 271.23 1.8 0.83 0.92 3.61 1.28 10.81 -1.67 0.8059421019564861
Pedestrian 0.0 1 -1.79 778.46 160.61 829.8 289.87 1.63 0.71 0.88 2.65 1.37 9.52 -1.53 0.8457541786122157
Pedestrian 0.0 2 -2.05 791.08 144.56 826.41 242.98 1.83 0.78 0.94 4.24 1.14 13.91 -1.76 0.3645298167419754
Car 0.0 1 1.71 529.2 157.83 591.18 205.32 1.57 1.67 4.14 -1.42 0.78 26.06 1.65 0.5648181374283278
Car -1.0 -1 -10.0 0.0 142.01 80.89 372.0 -1.0 -1.0 -1.0 -1000.0 -1000.0 -1000.0 -10.0 0.9192421677227754
Car -1.0 -1 -10.0 660.73 154.91 691.97 206.78 -1.0 -1.0 -1.0 -1000.0 -1000.0 -1000.0 -10.0 0.3892823873515312
Car -1.0 -1 -10.0 638.81 155.55 648.13 173.89 -1.0 -1.0 -1.0 -1000.0 -1000.0 -1000.0 -10.0 0.8882533075517614
