Pedestrian 0.0 0 2.69 568.15 172.03 592.63 224.98 1.61 0.87 1.03 -0.89 1.32 22.57 2.64 0.8708443137673573
Car 0.0 2 -0.1 327.25 127.8 483.11 213.61 3.68 2.81 6.69 -9.11 1.34 33.34 -0.37 0.5165452640310427
Car 0.0 1 -0.24 471.76 126.94 549.26 205.78 3.65 2.8 3.14 -4.47 1.11 35.12 -0.37 0.0752636956907925
Car 0.0 2 -0.44 534.11 122.14 775.56 198.97 3.68 2.79 12.71 3.0 0.77 37.97 -0.37 0.04173256929217517
Car 0.98 1 -2.93 1220.49 239.72 1237.0 373.0 1.18 0.56 0.85 3.41 1.47 3.26 -2.17 0.26001632372281935
Car 0.33 3 1.48 1067.51 217.41 1214.33 373.0 1.26 0.64 0.79 3.33 1.52 4.56 2.08 0.8672743695412997
Car 0.0 2 -1.87 800.47 203.69 881.37 318.77 1.24 0.68 0.72 2.7 1.51 8.28 -1.57 0.20635034071811986
Car 0.0 2 -2.69 848.03 200.94 928.83 315.54 1.23 0.57 0.68 3.28 1.47 8.31 -2.33 0.08382189862680056
Car 0.0 1 1.03 768.26 206.5 842.49 301.63 1.15 0.63 0.75 2.62 1.5 9.42 1.29 0.7699731058672041
Car 0.0 2 1.59 827.45 196.89 882.18 297.97 1.25 0.64 0.65 3.29 1.47 9.44 1.91 0.5245768577367496
