Pedestrian 0.0 0 -1.84 818.03 161.11 879.03 355.01 1.76 0.76 1.02 2.28 1.58 7.05 -1.54 0.2571910458378739
Pedestrian 0.0 0 2.59 244.87 161.29 339.87 362.63 1.78 0.82 0.8 -3.13 1.61 6.93 2.17 0.32221905230629133
Pedestrian 0.0 1 1.91 115.23 163.95 183.23 349.33 1.75 0.71 0.89 -4.68 1.58 7.29 1.35 0.26158505266492504
Pedestrian 0.6 0 0.88 1134.23 152.12 1237.0 373.0 1.67 0.78 0.95 4.6 1.47 5.24 1.57 0.41411705889312334
Pedestrian 0.07 0 1.08 1096.42 143.26 1194.75 373.0 1.74 0.72 0.77 4.02 1.47 5.46 1.69 0.04997153452487568
Pedestrian 0.0 0 -2.25 623.64 159.1 652.64 242.64 1.89 0.96 0.95 0.86 1.38 16.88 -2.2 0.04820672840873408
Pedestrian 0.0 2 -1.72 782.37 168.5 855.67 324.61 1.68 0.64 0.91 2.43 1.55 8.23 -1.45 0.5892010710991775
Pedestrian 0.0 0 -1.74 738.39 167.36 777.39 299.31 1.71 0.68 0.93 1.98 1.53 9.78 -1.55 0.4933071445153774
Pedestrian 0.0 2 -1.7 712.87 167.43 748.53 281.61 1.71 0.8 0.94 1.89 1.51 11.3 -1.54 0.9861400740811135
Pedestrian 0.0 2 -1.86 773.39 158.64 838.77 268.47 1.8 0.83 0.92 3.45 1.43 12.29 -1.59 0.951191377047463
Pedestrian 0.0 2 -1.67 741.15 172.49 780.48 283.89 1.63 0.71 0.88 2.53 1.5 10.98 -1.45 0.19851810714070595
Pedestrian 0.0 2 -1.85 794.32 155.68 844.92 244.77 1.83 0.78 0.94 4.6 1.3 15.3 -1.57 0.5871740494669244
Car 0.0 0 1.7 540.57 168.42 595.77 211.09 1.57 1.67 4.14 -1.26 1.09 28.74 1.65 0.03648920688532342
Car -1.0 -1 -10.0 672.34 164.58 707.45 215.81 -1.0 -1.0 -1.0 -1000.0 -1000.0 -1000.0 -10.0 0.6826051051542452
