Car 1.0 3 -2.53 1023.64 231.36 1241.0 374.0 1.39 1.44 3.08 2.3 1.61 1.29 -1.56 0.02870164330854308
Car 0.0 0 -1.24 227.03 188.46 483.5 355.96 1.47 1.6 3.66 -2.69 1.68 8.38 -1.54 0.09323458965246101
Car 0.0 0 1.76 522.04 173.69 583.53 221.04 1.7 1.63 4.08 -2.18 1.76 28.15 1.68 0.9767695441400526
Car 0.0 0 -1.7 700.96 177.9 791.38 257.72 1.59 1.59 2.47 2.84 1.71 15.71 -1.52 0.7367824204993906
Cyclist 0.0 3 1.6 616.21 174.73 627.07 208.09 1.81 0.55 1.19 0.62 1.92 39.9 1.61 0.23386446828387952
Car 0.0 1 -1.64 691.29 186.98 756.44 240.76 1.37 1.59 3.22 3.13 1.8 20.57 -1.49 0.0788472837843206
Car 0.0 0 1.53 653.75 178.49 678.18 199.76 1.49 1.61 3.74 4.04 1.91 52.8 1.61 0.2770667362822228
Car -1.0 -1 -10.0 0.0 255.57 77.27 373.0 -1.0 -1.0 -1.0 -1000.0 -1000.0 -1000.0 -10.0 0.013918495661585317
Car -1.0 -1 -10.0 590.42 168.24 614.0 187.94 -1.0 -1.0 -1.0 -1000.0 -1000.0 -1000.0 -10.0 0.7483874975838781
Car -1.0 -1 -10.0 373.72 173.42 444.52 185.36 -1.0 -1.0 -1.0 -1000.0 -1000.0 -1000.0 -10.0 0.5308199423704671
