Car 0.18 1 2.17 0.0 208.91 279.11 367.44 1.42 1.55 3.85 -5.95 1.96 9.12 1.6 0.6084521039139555
Car 0.0 1 1.96 216.37 198.26 374.94 289.47 1.43 1.48 3.71 -5.94 1.98 14.0 1.56 0.6867095451373796
Car 0.0 1 1.86 336.01 193.97 439.96 254.01 1.4 1.65 4.02 -6.04 2.03 19.97 1.57 0.3768344957136883
Car 0.0 0 2.63 917.95 141.51 1145.16 222.84 1.64 1.59 3.99 9.01 1.02 15.7 -3.14 0.11525850794715053
Car 0.0 2 2.67 893.95 141.82 1037.53 214.03 1.72 1.68 2.78 8.91 0.99 18.3 3.12 0.5873881783745227
Car 0.0 2 2.73 843.01 146.8 988.67 209.16 1.67 1.67 3.43 8.62 0.99 20.61 3.12 0.9713187022166505
Car 0.0 2 2.81 792.57 156.02 924.12 207.29 1.57 1.62 3.69 7.96 1.07 23.43 3.13 0.4000322312760909
Car 0.0 1 1.83 418.39 188.31 489.16 230.65 1.43 1.61 4.13 -5.87 2.05 27.41 1.62 0.78220106701299
Car 0.0 2 -1.75 679.39 175.22 756.73 229.59 1.47 1.6 3.87 3.11 1.57 21.7 -1.61 0.12125083892178667
Car 0.0 2 -1.68 667.57 173.74 722.31 219.15 1.57 1.57 4.04 3.1 1.63 27.25 -1.57 0.05166109059261048
Car -1.0 -1 -10.0 490.8 172.77 658.63 216.4 -1.0 -1.0 -1.0 -1000.0 -1000.0 -1000.0 -10.0 0.2548316948828312
