Car 0.62 3 -2.42 0.0 184.92 168.53 348.31 1.58 1.62 3.26 -6.99 1.73 7.86 -3.13 0.5095413616202045
Car 0.09 3 -2.66 0.0 190.74 316.77 313.75 1.51 1.66 3.73 -6.37 1.79 10.13 3.08 0.3911089011212703
Car 0.0 2 -2.63 63.69 181.27 361.23 278.84 1.56 1.57 4.37 -6.87 1.73 12.65 -3.12 0.3314267651726258
Car 0.0 2 -2.85 225.42 181.68 416.01 257.07 1.65 1.68 3.88 -6.8 1.88 17.18 3.06 0.2353113928620444
Car 0.0 2 0.31 261.2 169.4 444.33 250.99 2.08 1.8 4.37 -6.96 2.02 19.74 -0.03 0.23984228623808845
Cyclist 0.0 0 1.64 528.37 186.25 544.82 224.8 1.59 0.58 1.69 -3.18 2.18 31.01 1.54 0.3564645733763293
Car 0.98 0 -2.29 936.35 228.74 1241.0 374.0 1.38 1.49 3.38 2.74 1.72 2.78 -1.57 0.3283004660368575
Car 0.44 3 -0.6 964.89 176.94 1241.0 346.32 1.67 1.6 3.94 6.26 1.73 7.95 0.05 0.5156592551343638
Car 0.0 2 -0.47 892.35 188.82 1200.53 308.44 1.54 1.75 3.36 6.05 1.8 10.41 0.05 0.5566245150806967
Car 0.0 2 -0.39 828.88 191.55 1048.96 280.09 1.48 1.52 3.33 5.87 1.85 13.24 0.02 0.8542989776450893
Car 0.0 2 -0.43 811.26 186.35 969.43 260.87 1.5 1.58 2.81 6.04 1.82 15.83 -0.07 0.14152824217985405
Car 0.0 2 2.78 757.23 187.41 936.54 255.1 1.57 1.68 3.97 5.89 1.97 18.33 3.08 0.17875851608672078
Car 0.0 2 -0.32 728.64 189.22 889.8 242.65 1.44 1.65 4.26 5.76 1.95 21.27 -0.06 0.278525275467042
Car 0.0 2 -0.27 727.11 179.35 858.34 236.81 1.77 1.69 3.82 5.87 2.0 23.58 -0.03 0.6588884371189049
Car 0.0 1 -2.94 391.47 188.17 503.49 225.57 1.49 1.59 4.44 -6.92 2.18 30.87 3.12 0.6373086723686854
Car 0.0 2 -2.94 421.29 188.38 516.5 222.32 1.48 1.63 4.1 -6.56 2.24 33.64 -3.13 0.8933047781719125
Car 0.0 0 -1.68 634.0 187.69 674.05 218.28 1.41 1.56 4.08 2.16 2.2 36.74 -1.63 0.2879191765923126
Car 0.0 2 -1.62 623.63 184.32 648.09 205.42 1.43 1.58 3.37 1.81 2.27 51.79 -1.58 0.30002288459380033
Car 0.0 2 -1.58 609.96 175.1 625.24 193.03 2.33 1.96 6.11 1.01 2.67 97.82 -1.57 0.5811054261717175
Car -1.0 -1 -10.0 550.96 172.77 609.47 198.29 -1.0 -1.0 -1.0 -1000.0 -1000.0 -1000.0 -10.0 0.14469696344989114
Car -1.0 -1 -10.0 0.0 346.13 107.67 373.0 -1.0 -1.0 -1.0 -1000.0 -1000.0 -1000.0 -10.0 0.011253573418466778
