Car 0.0 1 3.12 380.17 170.39 468.41 204.67 1.49 1.46 3.84 -8.55 1.4 33.16 2.87 0.4781282092934477
Pedestrian 0.0 1 2.84 738.15 163.54 750.04 193.43 1.86 0.57 1.08 8.4 1.29 45.51 3.02 0.36586228507185525
Car 0.0 0 1.21 682.64 159.13 728.43 192.93 2.21 1.76 4.11 6.48 1.34 49.52 1.34 0.5152145558826116
Car 0.0 1 -2.01 711.53 165.59 757.22 191.46 1.75 1.57 4.07 8.73 1.28 51.09 -1.84 0.03660842247014662
Car 0.0 0 -2.05 750.47 166.08 806.36 189.05 1.54 1.71 5.03 11.87 1.12 51.28 -1.82 0.8590032826099379
Car 0.0 1 0.96 886.08 157.48 947.34 188.92 2.14 1.77 4.44 21.87 1.12 51.67 1.36 0.6461774348026159
Car 0.0 2 -2.19 922.97 163.51 970.47 185.27 1.53 1.41 3.4 24.62 0.89 52.89 -1.76 0.20175310553445758
Car 0.0 1 -2.35 962.93 160.64 1016.78 184.23 1.69 1.61 3.36 28.2 0.83 53.68 -1.87 0.5056182494014074
Car -1.0 -1 -10.0 331.02 161.77 363.01 198.94 -1.0 -1.0 -1.0 -1000.0 -1000.0 -1000.0 -10.0 0.4306462369884908
Car -1.0 -1 -10.0 0.0 170.18 116.08 202.17 -1.0 -1.0 -1.0 -1000.0 -1000.0 -1000.0 -10.0 0.00578862523632373
Car -1.0 -1 -10.0 821.35 157.24 869.51 180.17 -1.0 -1.0 -1.0 -1000.0 -1000.0 -1000.0 -10.0 0.9222918117923374
Car -1.0 -1 -10.0 1019.9 154.66 1239.95 188.59 -1.0 -1.0 -1.0 -1000.0 -1000.0 -1000.0 -10.0 0.38300715663555496
Car -1.0 -1 -10.0 603.31 153.15 809.6 169.86 -1.0 -1.0 -1.0 -1000.0 -1000.0 -1000.0 -10.0 0.9628280016703119
