Pedestrian 0.0 0 0.32 673.57 146.69 690.91 204.21 1.76 0.53 0.64 2.55 0.73 22.03 0.43 0.3744694405244725
Pedestrian 0.0 1 0.26 277.45 137.77 311.45 258.52 1.92 0.66 0.67 -5.14 1.24 11.62 -0.14 0.16753003472583894
Pedestrian 0.0 0 0.86 786.84 141.95 846.84 330.99 1.87 0.7 0.73 2.21 1.49 7.48 1.14 0.028173671632565456
Pedestrian 0.0 0 1.02 784.79 135.37 850.12 295.75 1.81 0.57 0.96 2.28 1.3 8.52 1.27 0.8973624962112092
Pedestrian 0.0 2 0.71 696.64 138.55 809.25 320.47 1.82 0.66 0.97 1.55 1.4 7.65 0.9 0.5316912280492232
Pedestrian 0.0 0 0.92 709.04 143.33 779.37 341.19 1.78 0.6 1.15 1.32 1.45 7.01 1.1 0.6653048671709157
Pedestrian 0.0 0 1.32 548.87 141.53 583.54 227.16 1.77 0.66 1.0 -0.86 0.96 15.21 1.27 0.21930041120714372
Pedestrian 0.0 0 1.35 586.75 136.04 621.42 225.55 1.88 0.62 1.0 -0.15 0.94 15.43 1.35 0.6930981651864923
Pedestrian 0.0 2 1.3 549.38 140.75 580.05 217.78 1.81 0.75 0.96 -1.19 0.87 17.18 1.24 0.9643602195499708
Pedestrian 0.0 0 1.43 508.96 142.87 539.29 223.19 1.81 0.82 0.89 -1.89 0.96 16.48 1.32 0.6737540296347935
Pedestrian 0.0 1 1.2 572.04 145.51 588.71 209.9 1.69 0.46 1.07 -0.61 0.77 19.17 1.17 0.3307502879926292
Pedestrian 0.0 1 1.44 433.69 141.52 458.69 222.27 1.8 0.58 0.92 -3.77 0.93 16.31 1.21 0.22547718389085736
Pedestrian 0.0 1 1.34 456.42 147.44 478.75 217.32 1.62 0.52 0.87 -3.28 0.85 16.91 1.16 0.038178772081472356
Pedestrian 0.0 0 1.3 483.0 137.39 504.66 215.81 1.85 0.55 0.95 -2.78 0.83 17.19 1.15 0.4980535143508539
Car 0.97 3 -1.26 0.0 0.0 267.69 369.0 2.13 1.99 5.19 -3.17 1.66 3.69 -1.93 0.7011489855929858
Car -1.0 -1 -10.0 322.39 155.81 360.91 189.24 -1.0 -1.0 -1.0 -1000.0 -1000.0 -1000.0 -10.0 0.9050430650518644
Car -1.0 -1 -10.0 924.83 122.66 1210.71 137.6 -1.0 -1.0 -1.0 -1000.0 -1000.0 -1000.0 -10.0 0.7233835698285607
Car -1.0 -1 -10.0 406.54 146.89 425.94 183.5 -1.0 -1.0 -1.0 -1000.0 -1000.0 -1000.0 -10.0 0.9822739361384776
