Pedestrian 0.0 1 -2.72 651.24 145.73 675.25 202.49 1.76 0.53 0.64 1.83 0.68 22.33 -2.64 0.7456771179746511
Pedestrian 0.0 1 0.83 255.96 139.6 298.93 260.59 1.92 0.66 0.67 -5.55 1.27 11.63 0.4 0.7399484449356739
Pedestrian 0.03 0 1.07 878.42 136.32 967.12 369.0 1.81 0.75 0.96 2.55 1.47 5.87 1.46 0.2993904218376513
Pedestrian 0.05 0 0.9 790.39 145.5 885.92 369.0 1.81 0.82 0.89 1.89 1.54 5.99 1.19 0.29407793287140993
Pedestrian 0.21 0 0.16 1050.0 140.45 1223.0 369.0 1.79 0.57 0.96 3.8 1.53 5.1 0.77 0.365717250376173
Pedestrian 0.62 0 0.46 1126.63 148.57 1223.0 369.0 1.69 0.46 1.07 4.5 1.47 5.17 1.15 0.15443235488317908
Pedestrian 0.0 2 3.13 809.74 153.22 845.89 229.0 1.89 0.52 1.08 5.76 1.21 18.01 -2.85 0.8591274792671373
Pedestrian 0.0 0 1.24 532.67 148.59 601.78 366.78 1.8 0.58 0.92 -0.33 1.54 6.37 1.19 0.8221862481553366
Pedestrian 0.0 1 1.26 577.98 159.45 628.05 330.45 1.62 0.52 0.87 0.01 1.42 7.21 1.26 0.5070642017401044
Pedestrian 0.0 0 1.16 625.2 142.02 683.32 330.82 1.85 0.55 0.95 0.47 1.47 7.45 1.22 0.4139118889499279
Pedestrian 0.0 0 1.06 680.07 168.91 730.6 319.75 1.56 0.56 0.77 0.99 1.44 7.79 1.19 0.9944774997806759
Pedestrian 0.0 1 1.08 712.67 144.79 773.33 309.95 1.77 0.64 0.89 1.5 1.38 8.09 1.26 0.8477747092646878
Pedestrian 0.0 1 0.91 780.76 157.4 844.66 315.51 1.63 0.64 0.88 2.06 1.39 7.81 1.16 0.6514318627357343
Pedestrian 0.0 1 1.34 520.62 142.04 556.61 250.64 1.78 0.61 0.88 -1.25 1.15 12.11 1.24 0.37361101066068325
Pedestrian 0.0 2 1.29 581.71 147.4 633.02 248.71 1.67 0.64 0.89 -0.01 1.12 12.18 1.29 0.5511502870847388
Pedestrian 0.0 2 1.27 618.03 137.88 673.49 247.25 1.82 0.67 0.99 0.66 1.11 12.33 1.32 0.897334460313294
Pedestrian 0.0 1 1.09 677.58 141.51 734.22 245.14 1.75 0.58 0.96 1.74 1.09 12.49 1.22 0.7200411940329008
Car 0.97 3 -1.26 0.0 0.0 267.32 369.0 2.13 1.99 5.19 -3.17 1.67 3.69 -1.93 0.5619805093588416
Car -1.0 -1 -10.0 488.78 139.87 509.45 179.67 -1.0 -1.0 -1.0 -1000.0 -1000.0 -1000.0 -10.0 0.33668994419700926
Car -1.0 -1 -10.0 304.54 139.87 371.12 210.91 -1.0 -1.0 -1.0 -1000.0 -1000.0 -1000.0 -10.0 0.5951654216593383
Car -1.0 -1 -10.0 786.49 127.76 798.24 137.6 -1.0 -1.0 -1.0 -1000.0 -1000.0 -1000.0 -10.0 0.29593328309608635
Car -1.0 -1 -10.0 952.24 113.74 1208.79 136.97 -1.0 -1.0 -1.0 -1000.0 -1000.0 -1000.0 -10.0 0.886864219700304
