Car 0.0 0 2.01 127.84 187.91 343.09 305.17 1.45 1.6 3.2 -5.45 1.71 10.86 1.56 0.8189480510944809
Car 0.29 1 -2.08 811.13 184.7 1241.0 374.0 1.49 1.68 3.8 3.23 1.62 6.42 -1.63 0.41864592141971824
Car 0.0 1 1.91 279.8 183.87 418.75 264.4 1.49 1.63 3.68 -5.48 1.75 15.54 1.58 0.739231978837801
Car 0.0 1 -1.86 744.12 179.27 912.45 287.41 1.49 1.61 3.55 3.34 1.61 11.86 -1.59 0.37057098625037543
Car 0.0 0 0.91 475.99 177.09 531.45 200.72 1.41 1.57 3.53 -6.7 1.7 45.14 0.76 0.5092091462313355
Pedestrian 0.0 0 0.79 670.68 170.25 686.68 201.99 1.69 0.69 0.83 3.66 1.55 38.89 0.88 0.5520755286981451
Car 0.0 1 3.07 635.05 151.25 711.28 190.54 3.58 2.43 7.0 5.91 1.62 68.32 -3.12 0.8509131193254232
Car -1.0 -1 -10.0 418.35 176.0 444.52 193.11 -1.0 -1.0 -1.0 -1000.0 -1000.0 -1000.0 -10.0 0.2937067456708913
Car -1.0 -1 -10.0 582.66 169.53 630.18 192.46 -1.0 -1.0 -1.0 -1000.0 -1000.0 -1000.0 -10.0 0.3301465992863054
Car -1.0 -1 -10.0 721.09 167.59 734.97 198.93 -1.0 -1.0 -1.0 -1000.0 -1000.0 -1000.0 -10.0 0.18175475362388638
