Car 0.0 0 -1.66 663.13 180.63 708.76 214.58 1.41 1.65 4.28 3.33 1.78 32.61 -1.56 0.3252668573485169
Car 0.0 2 0.16 405.79 163.98 536.12 215.94 1.99 1.8 4.96 -5.6 1.68 29.32 -0.03 0.3225108962967067
Car 0.0 2 0.2 397.25 178.46 526.28 219.63 1.44 1.8 4.44 -5.49 1.68 26.95 0.0 0.6185962885544212
Car 0.0 2 0.31 332.99 180.82 493.82 232.21 1.5 1.8 4.5 -6.09 1.77 22.53 0.05 0.3728184605689475
Car 0.0 2 0.37 310.14 179.92 487.51 240.31 1.53 1.8 4.22 -5.66 1.74 19.48 0.09 0.019441351370549587
Car 0.0 2 0.41 282.07 182.4 468.85 249.72 1.5 1.46 3.95 -5.54 1.75 17.1 0.1 0.86388622591863
Car 0.0 2 0.38 216.05 180.46 426.17 262.42 1.53 1.64 3.6 -5.8 1.71 14.66 0.01 0.36096390550106106
Car 0.2 3 -2.54 0.0 184.39 270.58 313.75 1.53 1.51 3.38 -6.55 1.7 9.45 -3.14 0.32519797012930984
Car 0.61 0 -2.46 0.0 197.92 216.48 366.49 1.41 1.63 3.75 -6.23 1.7 7.06 3.12 0.9361130131157887
Car 0.0 2 -1.65 643.21 163.36 688.15 201.7 2.4 2.5 6.54 3.65 1.85 48.88 -1.57 0.5483910184324431
Car -1.0 -1 -10.0 548.37 161.77 634.7 195.05 -1.0 -1.0 -1.0 -1000.0 -1000.0 -1000.0 -10.0 0.7511018709249633
