Pedestrian 0.0 2 -2.77 673.16 146.36 695.66 202.95 1.76 0.53 0.64 2.57 0.7 22.39 -2.65 0.7320178592172814
Pedestrian 0.0 1 1.01 259.45 135.83 295.13 257.23 1.92 0.66 0.67 -5.41 1.21 11.62 0.59 0.8318696123404706
Pedestrian 0.12 0 1.09 785.74 146.22 881.66 369.0 1.77 0.66 1.0 1.77 1.53 5.51 1.38 0.3469157925498092
Pedestrian 0.09 0 1.03 882.23 134.06 974.51 369.0 1.88 0.62 1.0 2.59 1.54 5.72 1.43 0.42486783311136833
Pedestrian 0.0 0 1.15 685.8 142.11 742.44 285.53 1.81 0.75 0.96 1.39 1.32 9.48 1.29 0.254940958651655
Pedestrian 0.0 0 0.79 639.8 141.84 703.84 279.59 1.81 0.82 0.89 0.83 1.3 9.9 0.87 0.25220444047809976
Pedestrian 0.0 1 0.87 773.91 139.95 819.36 276.84 1.79 0.57 0.96 2.56 1.25 9.77 1.12 0.3273314315167357
Pedestrian 0.0 2 0.84 812.29 145.41 895.42 275.54 1.69 0.46 1.07 3.38 1.23 9.78 1.17 0.4949661385914562
Pedestrian 0.0 1 2.72 1033.22 174.43 1069.3 251.91 1.89 0.52 1.08 11.05 1.75 17.55 -3.0 0.9618560116152916
Pedestrian 0.0 0 1.39 487.91 142.29 532.14 278.58 1.8 0.58 0.92 -1.34 1.29 9.87 1.26 0.2524617441729835
Pedestrian 0.0 1 1.1 511.88 152.94 541.81 268.38 1.62 0.52 0.87 -1.07 1.23 10.44 1.0 0.8254165767564455
Pedestrian 0.0 0 1.41 546.8 138.24 586.2 265.71 1.85 0.55 0.95 -0.63 1.23 10.76 1.35 0.7017401649572028
Pedestrian 0.0 0 1.39 596.91 158.62 629.09 262.86 1.56 0.56 0.77 0.1 1.23 11.03 1.4 0.18086506615696296
Pedestrian 0.0 1 1.32 596.94 141.59 635.38 252.78 1.77 0.64 0.89 0.27 1.15 11.75 1.34 0.9762826754356648
Pedestrian 0.0 1 1.41 462.5 143.07 493.95 227.79 1.78 0.61 0.88 -2.78 0.99 15.38 1.24 0.5821184639917351
Pedestrian 0.0 2 1.41 538.93 146.77 574.99 224.56 1.67 0.64 0.89 -1.11 0.94 15.71 1.34 0.2465588129340226
Pedestrian 0.0 1 1.34 580.82 142.64 605.92 226.57 1.82 0.67 0.99 -0.4 1.0 15.89 1.32 0.6582066117581669
Pedestrian 0.0 1 1.23 625.49 141.47 652.94 221.36 1.75 0.58 0.96 0.77 0.89 16.03 1.28 0.9380950073519513
Car 0.97 3 -1.26 0.0 0.0 267.44 369.0 2.13 1.99 5.19 -3.17 1.67 3.69 -1.93 0.7084902936098675
Car -1.0 -1 -10.0 297.53 139.24 430.4 233.23 -1.0 -1.0 -1.0 -1000.0 -1000.0 -1000.0 -10.0 0.93897142035781
Car -1.0 -1 -10.0 1014.7 123.94 1221.98 136.97 -1.0 -1.0 -1.0 -1000.0 -1000.0 -1000.0 -10.0 0.15845171384748902
