Car 0.18 0 -1.98 773.5 202.29 1141.75 374.0 1.35 1.58 4.05 2.91 1.72 7.19 -1.61 0.7678545352331744
Car 0.0 0 -1.71 653.27 176.91 717.34 229.21 1.76 1.71 4.35 2.66 1.93 26.71 -1.62 0.46146660330088796
Car 0.0 2 -2.78 317.56 183.93 457.23 238.58 1.52 1.58 3.61 -6.56 1.87 21.32 -3.07 0.1458024811428782
Car 0.0 2 0.23 338.04 180.37 489.05 230.1 1.52 1.71 4.49 -6.38 1.79 23.65 -0.03 0.2610655821021167
Car 0.0 2 0.2 416.46 172.96 522.91 217.36 1.95 1.64 4.57 -6.44 1.98 33.23 0.01 0.7010873005287813
Car 0.0 2 -1.64 644.9 183.45 682.79 215.2 1.54 1.67 3.72 2.73 2.11 37.59 -1.57 0.5835952960604582
Pedestrian 0.0 2 2.09 209.34 169.08 227.68 229.35 1.81 0.54 0.41 -11.92 1.7 21.93 1.6 0.031820501038606896
Car 0.0 2 -2.83 331.09 205.26 430.69 262.68 1.13 0.52 1.9 -4.79 1.83 14.98 -3.14 0.6973971547283334
Car 0.0 0 -1.23 312.41 198.53 379.93 275.75 1.19 0.55 1.65 -4.54 1.66 12.4 -1.57 0.6834313098291175
Car 0.0 2 -3.06 359.63 193.87 446.18 249.36 1.17 0.51 1.81 -4.63 1.65 16.05 2.95 0.11964532964527397
Car 0.0 2 -2.99 385.85 195.56 457.91 245.81 1.19 0.55 1.66 -4.68 1.77 17.86 3.04 0.2597085498023092
Car 0.0 2 -2.37 728.98 200.42 862.87 285.77 1.18 0.84 2.06 2.88 1.66 11.59 -2.13 0.8532966826869954
Car -1.0 -1 -10.0 525.09 172.12 640.53 203.46 -1.0 -1.0 -1.0 -1000.0 -1000.0 -1000.0 -10.0 0.7543174878186057
Car -1.0 -1 -10.0 756.67 168.24 769.25 186.0 -1.0 -1.0 -1.0 -1000.0 -1000.0 -1000.0 -10.0 0.28812978279925894
