Car 0.0 0 -1.59 562.78 176.86 602.47 213.05 1.6 1.76 3.84 -1.25 1.22 34.06 -1.62 0.8861136961542783
Car 0.0 0 -1.19 178.71 195.78 405.7 332.41 1.39 1.5 3.4 -3.93 1.57 9.47 -1.58 0.05015658973040016
Car 0.72 1 -0.88 0.0 193.94 147.01 321.61 1.43 1.62 4.08 -7.95 1.59 9.05 -1.59 0.11559422961419619
Car 0.91 3 -0.83 0.0 191.22 35.41 261.22 1.39 1.5 4.04 -12.97 1.54 13.29 -1.59 0.00163542680998785
Car 0.0 2 -1.08 119.73 186.86 282.48 264.26 1.45 1.54 3.59 -8.71 1.51 15.69 -1.58 0.3216028184208112
Car 0.0 1 -1.3 301.28 145.56 417.49 235.42 2.58 1.91 6.53 -8.06 1.42 24.02 -1.62 0.37267762479541033
Car 0.0 2 -1.08 118.36 185.78 247.55 239.51 1.45 1.8 3.73 -12.79 1.49 21.87 -1.6 0.0190179864573361
Car 0.0 1 -1.33 377.88 181.84 437.62 218.31 1.48 1.64 3.82 -8.74 1.35 31.59 -1.6 0.06782377862380373
Car 0.0 1 -1.46 494.82 164.31 540.53 209.59 2.41 2.03 5.13 -5.08 1.28 41.06 -1.59 0.5437055762145353
Car 0.0 0 -1.44 441.71 146.56 523.77 227.89 2.64 2.22 5.52 -4.44 1.37 26.31 -1.61 0.31422614792365633
Car 0.0 1 -1.54 521.92 147.36 555.83 197.22 4.05 2.5 16.44 -6.2 0.91 66.89 -1.63 0.08362272420608385
Car 0.0 2 -1.17 263.11 180.31 334.8 218.74 1.5 1.51 3.42 -12.84 1.3 30.01 -1.57 0.5388689695892522
Car -1.0 -1 -10.0 0.0 330.99 101.77 374.0 -1.0 -1.0 -1.0 -1000.0 -1000.0 -1000.0 -10.0 0.10611705974562513
