Car 0.34 0 2.12 0.0 199.94 309.41 374.0 1.43 1.68 3.76 -4.8 1.77 7.52 1.57 0.775749313520391
Car 1.0 1 -2.46 1094.39 209.15 1241.0 374.0 1.49 1.64 3.52 3.64 1.69 2.53 -1.55 0.6819163067256622
Car 0.0 1 1.94 226.79 191.9 420.22 290.83 1.38 1.68 4.34 -4.87 1.77 12.88 1.58 0.47172979602100795
Car 0.04 1 -1.99 804.9 185.34 1165.33 374.0 1.5 1.64 4.14 3.47 1.66 7.74 -1.59 0.34519443809579
Car 0.0 0 1.76 466.29 179.98 522.2 219.14 1.45 1.6 3.2 -4.57 1.75 28.66 1.6 0.22557756152934583
Car 0.0 1 -1.84 744.13 182.08 897.96 282.62 1.51 1.66 3.5 3.5 1.68 12.75 -1.58 0.0771656368270458
Car 0.0 2 -1.75 717.31 180.4 809.33 247.0 1.51 1.61 3.51 3.73 1.71 18.28 -1.56 0.8552616550720497
Car 0.0 2 -1.74 695.3 180.1 767.1 229.66 1.49 1.68 3.8 3.88 1.74 23.87 -1.58 0.6372004877848223
Car 0.0 2 1.75 489.65 178.37 539.7 212.92 1.49 1.63 3.68 -4.38 1.76 33.35 1.62 0.16643732440582826
Car 0.0 2 -1.71 691.71 177.8 744.11 217.27 1.49 1.61 3.55 4.29 1.71 29.35 -1.56 0.27280871288026
Car -1.0 -1 -10.0 541.9 174.06 562.89 188.59 -1.0 -1.0 -1.0 -1000.0 -1000.0 -1000.0 -10.0 0.22838021206482462
Car -1.0 -1 -10.0 117.55 183.12 181.24 199.59 -1.0 -1.0 -1.0 -1000.0 -1000.0 -1000.0 -10.0 0.5291396190036007
Car -1.0 -1 -10.0 626.65 173.42 679.34 189.89 -1.0 -1.0 -1.0 -1000.0 -1000.0 -1000.0 -10.0 0.9087332713242011
