Pedestrian 0.0 2 -0.24 660.45 145.86 680.34 203.19 1.76 0.53 0.64 1.95 0.7 22.08 -0.16 0.5754859970207534
Pedestrian 0.0 1 -1.55 278.08 138.75 316.92 260.02 1.92 0.66 0.67 -5.04 1.25 11.61 -1.95 0.3259958122072767
Pedestrian 0.47 3 0.57 1001.11 183.47 1212.55 369.0 1.52 0.53 0.68 2.42 1.54 3.51 1.13 0.9695173118714957
Pedestrian 0.71 1 0.45 1062.39 174.69 1223.0 369.0 1.64 0.68 1.0 3.11 1.61 3.76 1.1 0.07539901425614337
Pedestrian 0.0 2 -1.91 585.25 148.92 608.86 211.43 1.64 0.59 0.9 -0.17 0.81 19.03 -1.91 0.31290907289228376
Pedestrian 0.0 0 1.11 657.5 141.35 703.83 279.21 1.87 0.7 0.73 1.04 1.34 10.06 1.21 0.7084476525311302
Pedestrian 0.0 2 1.12 640.49 137.4 700.76 257.26 1.81 0.57 0.96 0.99 1.16 11.22 1.21 0.07503690658785378
Pedestrian 0.0 1 0.92 594.61 142.71 640.09 278.89 1.82 0.66 0.97 0.34 1.31 10.02 0.96 0.3004877560486978
Pedestrian 0.0 0 1.11 585.91 139.25 632.67 280.05 1.78 0.6 1.15 -0.03 1.26 9.59 1.1 0.5423670270383973
Pedestrian 0.0 0 1.38 525.74 141.69 556.9 213.17 1.77 0.66 1.0 -1.7 0.81 18.11 1.29 0.8867333690422976
Pedestrian 0.0 1 1.41 550.75 138.24 577.03 213.26 1.88 0.62 1.0 -1.12 0.82 18.3 1.35 0.35210636028657905
Pedestrian 0.0 1 1.29 517.58 142.76 542.43 210.11 1.81 0.75 0.96 -2.24 0.79 19.58 1.18 0.17438060062514738
Pedestrian 0.0 0 1.45 488.18 143.86 513.32 215.23 1.81 0.82 0.89 -2.79 0.88 18.48 1.3 0.008061413182224975
Pedestrian 0.0 1 1.36 404.52 142.75 430.15 213.97 1.8 0.58 0.92 -4.92 0.85 18.43 1.1 0.8745357432575016
Pedestrian 0.0 1 1.37 438.03 148.8 459.68 211.36 1.62 0.52 0.87 -4.23 0.8 18.83 1.16 0.5846431678876546
Pedestrian 0.0 0 1.32 466.77 140.37 489.85 211.02 1.85 0.55 0.95 -3.52 0.8 19.02 1.15 0.16749801944654585
Car 0.97 3 -1.26 0.0 0.0 267.77 369.0 2.13 1.99 5.19 -3.17 1.66 3.69 -1.93 0.6924252204267769
Car -1.0 -1 -10.0 324.31 153.26 372.4 185.41 -1.0 -1.0 -1.0 -1000.0 -1000.0 -1000.0 -10.0 0.003216439228699519
Car -1.0 -1 -10.0 926.74 124.57 1222.0 134.41 -1.0 -1.0 -1.0 -1000.0 -1000.0 -1000.0 -10.0 0.8462522014971002
