Car 0.52 1 2.06 0.0 212.96 252.57 374.0 1.43 1.74 3.63 -5.36 1.94 7.49 1.45 0.7100127964145033
Car 0.0 0 -1.71 635.65 187.26 709.87 237.95 1.38 1.73 3.97 1.82 1.86 22.48 -1.63 0.9874890118289157
Car 0.0 1 -2.96 869.11 166.84 1019.88 229.37 1.74 1.58 3.9 10.04 1.6 21.83 -2.53 0.22985624610438815
Car 0.0 2 -1.68 626.29 183.66 679.35 225.76 1.5 1.62 4.11 1.57 1.94 28.32 -1.62 0.36454867071586994
Car 0.0 0 1.77 446.73 186.34 493.93 219.46 1.58 1.68 3.76 -7.21 2.3 37.38 1.58 0.4260546316382161
Car 0.0 2 -2.86 787.91 176.08 913.85 217.11 1.49 1.53 4.38 9.28 1.64 28.06 -2.54 0.5461281147206308
Car 0.0 2 -2.93 832.94 176.08 966.83 224.72 1.55 1.8 3.98 9.92 1.69 24.85 -2.56 0.5483658048308392
Car 0.0 1 -1.58 613.03 178.47 636.74 202.18 1.77 1.77 5.1 1.13 2.23 57.09 -1.56 0.1874202075226129
Car 0.17 0 -2.03 792.27 203.83 1172.6 374.0 1.35 1.64 3.76 3.16 1.72 7.13 -1.63 0.13017231472594082
Car -1.0 -1 -10.0 250.81 188.94 334.55 214.46 -1.0 -1.0 -1.0 -1000.0 -1000.0 -1000.0 -10.0 0.08042831339396128
Car -1.0 -1 -10.0 498.56 177.94 590.06 211.22 -1.0 -1.0 -1.0 -1000.0 -1000.0 -1000.0 -10.0 0.88917251228592
