Car 0.92 1 -2.22 949.16 193.82 1241.0 374.0 1.5 1.62 4.11 3.66 1.67 4.18 -1.54 0.05654233202658687
Car 0.0 0 1.94 291.29 188.62 452.93 286.15 1.58 1.68 3.76 -4.45 1.92 13.97 1.64 0.5416791137832299
Car 0.0 2 1.79 395.98 185.24 496.47 254.88 1.61 1.74 4.06 -4.26 1.96 19.2 1.57 0.9042507216081755
Car 0.0 0 -1.66 699.37 175.42 749.34 217.9 1.77 1.77 5.1 5.1 1.92 32.94 -1.5 0.5120247792468287
Car 0.0 2 1.8 452.65 190.39 524.36 237.69 1.39 1.55 3.65 -4.0 2.01 24.04 1.64 0.4980305395840767
Car 0.0 2 1.74 486.44 186.49 544.39 227.22 1.46 1.63 3.92 -3.73 2.04 28.78 1.61 0.9485897395907357
Car 0.42 3 0.6 0.0 194.94 135.18 258.56 1.5 1.87 4.23 -15.11 2.12 18.7 -0.07 0.8560861108722776
Car -1.0 -1 -10.0 215.23 181.83 287.97 220.29 -1.0 -1.0 -1.0 -1000.0 -1000.0 -1000.0 -10.0 0.3951010981734925
Car -1.0 -1 -10.0 576.84 176.65 645.7 202.82 -1.0 -1.0 -1.0 -1000.0 -1000.0 -1000.0 -10.0 0.060118294553168306
Car -1.0 -1 -10.0 659.56 172.94 674.18 188.61 -1.0 -1.0 -1.0 -1000.0 -1000.0 -1000.0 -10.0 0.8226313734284083
