Car 0.0 1 1.82 378.88 194.87 454.8 245.01 1.42 1.54 3.5 -6.21 2.18 23.4 1.56 0.03425860499417177
Car 0.0 1 -1.67 660.5 176.51 718.74 220.45 1.51 1.75 3.78 2.87 1.67 27.02 -1.57 0.23107439871225766
Car 0.0 2 1.79 424.29 191.91 485.48 230.78 1.36 1.51 4.02 -6.13 2.16 28.75 1.58 0.9638699247389465
Car 0.0 1 1.73 468.65 182.4 513.81 218.53 1.74 1.65 4.11 -6.11 2.25 37.31 1.57 0.20968707259163488
Car 0.0 2 1.73 486.77 183.01 524.1 211.22 1.61 1.64 4.0 -6.35 2.24 43.98 1.58 0.7421441349051978
Car 0.0 0 0.91 1043.83 132.11 1151.65 180.79 2.3 2.02 4.73 24.61 0.39 36.68 1.5 0.729354856574802
Car 0.46 3 -0.88 0.0 211.22 66.36 249.94 1.43 1.8 3.96 -25.9 3.18 31.14 -1.57 0.9904104801343206
Car 0.0 2 -0.93 10.37 209.64 117.1 248.65 1.4 1.6 3.97 -23.48 3.08 31.15 -1.57 0.4094305522011463
Car 0.0 1 -0.97 58.25 205.12 171.9 247.63 1.49 1.7 4.51 -20.82 2.95 30.56 -1.56 0.27698213422744933
Car -1.0 -1 -10.0 525.73 171.48 645.05 206.06 -1.0 -1.0 -1.0 -1000.0 -1000.0 -1000.0 -10.0 0.8420251210049697
Car -1.0 -1 -10.0 1132.5 117.14 1240.0 176.95 -1.0 -1.0 -1.0 -1000.0 -1000.0 -1000.0 -10.0 0.5750559554487854
Car -1.0 -1 -10.0 859.52 161.13 883.1 180.18 -1.0 -1.0 -1.0 -1000.0 -1000.0 -1000.0 -10.0 0.9713454481451892
