Car 0.22 3 -2.56 0.0 195.2 313.08 316.88 1.49 1.59 4.44 -6.73 1.84 10.04 -3.14 0.18460577577471304
Car 0.0 2 -2.65 103.37 193.25 384.85 287.95 1.48 1.63 4.1 -6.29 1.88 12.59 -3.11 0.570824186376347
Car 0.0 2 0.47 153.87 193.65 394.79 266.31 1.39 1.6 4.35 -7.0 1.86 15.18 0.05 0.9117173369950126
Car 0.0 2 0.41 264.67 187.79 418.94 254.0 1.52 1.48 3.23 -6.58 1.92 17.77 0.06 0.9428024427072668
Car 0.0 0 -1.75 677.93 184.81 788.43 262.4 1.41 1.56 4.08 2.46 1.69 15.58 -1.6 0.6562493786609618
Car 0.0 2 0.32 388.9 182.66 498.17 225.2 1.52 1.64 3.65 -6.24 1.91 27.09 0.1 0.8968526054665428
Car 0.0 1 -1.64 651.25 178.57 695.07 214.69 1.43 1.58 3.37 2.59 1.68 30.57 -1.56 0.5477569136722111
Car 0.0 2 -2.98 411.14 183.26 504.84 215.01 1.41 1.53 4.11 -7.13 1.92 33.94 3.1 0.7273245838353444
Car 0.0 2 -1.59 626.98 167.81 647.15 190.87 2.33 1.96 6.11 2.83 1.86 76.72 -1.56 0.7810049444451999
Car -1.0 -1 -10.0 510.21 171.48 621.12 207.35 -1.0 -1.0 -1.0 -1000.0 -1000.0 -1000.0 -10.0 0.8955540184802602
