Pedestrian 0.0 1 1.43 692.54 175.28 700.85 200.69 1.74 0.75 0.64 5.99 1.92 50.06 1.55 0.5680757515741355
Car 0.0 0 2.12 100.14 171.65 210.47 216.93 1.94 1.88 5.3 -21.18 1.92 33.86 1.56 0.5956320171192739
Car 0.0 1 2.04 206.45 179.76 249.07 209.03 1.54 0.85 2.84 -20.92 1.92 39.5 1.56 0.36350322336125207
Car 0.0 1 1.97 265.55 181.29 333.72 216.73 1.48 1.61 3.39 -13.87 1.87 32.34 1.56 0.3007038008060102
Car 0.0 1 2.03 213.79 183.27 296.8 216.44 1.44 1.79 4.32 -16.75 1.95 34.25 1.58 0.0005533825246119006
Car 0.0 0 1.88 377.03 176.64 422.16 201.88 1.6 1.78 3.86 -13.98 1.87 48.05 1.6 0.7206688317867705
Car 0.0 1 1.91 346.24 176.66 391.17 201.61 1.65 1.77 3.85 -16.72 1.93 50.1 1.59 0.15600377652848763
Car 0.0 0 1.8 452.01 176.4 479.81 193.2 1.58 1.82 3.87 -14.06 1.95 70.54 1.6 0.28063155033807385
Car -1.0 -1 -10.0 658.99 168.89 670.93 191.18 -1.0 -1.0 -1.0 -1000.0 -1000.0 -1000.0 -10.0 0.832140107694966
Car -1.0 -1 -10.0 788.36 188.94 848.17 205.41 -1.0 -1.0 -1.0 -1000.0 -1000.0 -1000.0 -10.0 0.21719201990190606
Car -1.0 -1 -10.0 730.15 170.83 748.56 189.88 -1.0 -1.0 -1.0 -1000.0 -1000.0 -1000.0 -10.0 0.6204056598867002
Car -1.0 -1 -10.0 591.07 174.06 610.77 180.18 -1.0 -1.0 -1.0 -1000.0 -1000.0 -1000.0 -10.0 0.19754455955369887
Car -1.0 -1 -10.0 552.25 173.42 564.83 183.42 -1.0 -1.0 -1.0 -1000.0 -1000.0 -1000.0 -10.0 0.35369878787153664
Car -1.0 -1 -10.0 764.43 179.88 805.48 189.23 -1.0 -1.0 -1.0 -1000.0 -1000.0 -1000.0 -10.0 0.5830407898064274
