Car 0.0 1 -0.29 688.68 155.9 830.9 216.12 1.55 1.57 3.51 4.03 1.13 19.88 -0.09 0.6229569277603074
Car 0.0 0 -0.53 796.26 158.92 1173.49 292.85 1.47 1.74 3.88 4.51 1.33 9.11 -0.09 0.5275169374504376
Car 0.38 0 0.51 0.0 131.44 233.48 261.12 1.68 1.67 3.79 -7.72 1.15 10.23 -0.13 0.747346968105158
Car 0.0 2 -2.66 14.85 159.99 302.78 249.21 1.43 1.6 4.04 -7.84 1.24 12.76 3.08 0.8627245521536487
Car 0.0 2 0.46 116.27 151.57 349.98 228.57 1.53 1.72 4.15 -8.06 1.13 15.62 -0.01 0.1903053920985197
Car 0.0 1 -2.86 243.43 149.21 404.98 206.03 1.52 1.57 4.01 -8.11 0.9 20.64 3.06 0.43415234280606263
Car 0.0 2 -0.29 668.69 158.87 792.65 209.74 1.48 1.63 3.43 3.64 1.08 22.29 -0.13 0.8102815486100589
Car 0.0 0 -1.86 459.99 151.92 494.53 173.79 1.66 1.66 3.98 -10.81 0.05 58.49 -2.05 0.7169216227998086
Car -1.0 -1 -10.0 407.35 144.31 425.76 188.59 -1.0 -1.0 -1.0 -1000.0 -1000.0 -1000.0 -10.0 0.7402695761840201
Car -1.0 -1 -10.0 433.23 150.13 456.16 166.6 -1.0 -1.0 -1.0 -1000.0 -1000.0 -1000.0 -10.0 0.39770770742607053
