Car 0.0 0 -1.74 688.27 176.82 792.77 252.66 1.55 1.66 4.15 2.88 1.66 16.95 -1.58 0.0023204291877124694
Car 0.52 0 2.46 1015.63 157.65 1241.0 279.36 1.47 1.7 4.65 8.22 1.29 9.69 -3.14 0.6393219713525043
Car 0.01 2 2.58 931.44 127.38 1241.0 245.0 1.91 1.81 4.33 8.29 1.19 12.89 -3.14 0.6371244735063615
Car 0.0 0 -1.23 304.54 213.29 396.46 259.69 0.91 1.32 2.41 -6.16 1.93 17.22 -1.57 0.7994492144512486
Car 0.0 1 -1.28 354.68 182.64 448.4 244.35 1.63 1.61 3.81 -6.08 1.94 21.33 -1.56 0.04138419279682526
Car 0.0 0 2.09 33.67 204.03 293.87 335.84 1.43 1.57 3.48 -6.1 1.94 10.29 1.57 0.3037422350914799
Car 0.0 0 2.75 831.61 156.97 1024.3 223.43 1.63 1.67 4.32 8.23 1.26 19.02 -3.13 0.6523723770180309
Car 0.0 1 1.75 449.59 181.52 502.78 218.08 1.53 1.68 3.86 -6.01 1.93 32.61 1.57 0.6163120471760172
Car -1.0 -1 -10.0 504.39 170.18 664.46 209.93 -1.0 -1.0 -1.0 -1000.0 -1000.0 -1000.0 -10.0 0.671233303559871
Car -1.0 -1 -10.0 713.33 163.07 787.37 175.65 -1.0 -1.0 -1.0 -1000.0 -1000.0 -1000.0 -10.0 0.10087475251912448
