Car 0.0 0 -1.57 574.56 173.74 610.84 206.81 1.6 1.76 3.84 -0.79 1.04 37.07 -1.59 0.5758844378719933
Car 0.93 0 -0.81 0.0 209.0 55.2 311.8 1.22 1.65 3.65 -8.31 1.57 7.88 -1.6 0.3319226784045528
Car 0.0 0 -1.17 168.99 190.57 398.93 318.4 1.42 1.61 3.56 -4.32 1.53 10.11 -1.57 0.9995689492409181
Car 0.0 2 -1.15 201.4 176.85 332.23 247.97 1.61 1.61 3.68 -8.55 1.42 18.3 -1.59 0.9342830317672929
Car 0.0 0 -1.34 382.81 182.49 477.75 240.62 1.43 1.64 3.99 -4.84 1.37 19.99 -1.57 0.6493959343170405
Car 0.0 1 -1.41 462.69 182.22 516.56 218.0 1.35 1.57 3.72 -4.79 1.24 29.37 -1.57 0.688537908632475
Car 0.0 0 -1.48 512.85 167.19 547.29 204.67 2.23 1.88 2.54 -4.78 1.15 44.35 -1.59 0.7814980347799412
Car 0.44 1 -0.91 0.0 160.4 144.14 265.02 1.95 1.83 4.37 -12.32 1.48 15.43 -1.58 0.8825450870764093
Car -1.0 -1 -10.0 0.0 265.06 37.13 308.66 -1.0 -1.0 -1.0 -1000.0 -1000.0 -1000.0 -10.0 0.5420557643132726
Car -1.0 -1 -10.0 147.19 158.41 215.35 186.5 -1.0 -1.0 -1.0 -1000.0 -1000.0 -1000.0 -10.0 0.4776822857488794
Car -1.0 -1 -10.0 456.8 165.52 508.16 180.03 -1.0 -1.0 -1.0 -1000.0 -1000.0 -1000.0 -10.0 0.07914430871408218
Car -1.0 -1 -10.0 551.81 166.82 563.74 187.15 -1.0 -1.0 -1.0 -1000.0 -1000.0 -1000.0 -10.0 0.6119717360518145
