Cyclist 0.0 0 1.82 349.58 184.27 421.38 304.62 1.59 0.58 1.69 -3.27 1.77 10.49 1.53 0.8900044982586397
Car 0.5 1 -0.73 939.87 189.23 1241.0 374.0 1.44 1.65 4.26 5.54 1.61 6.74 -0.07 0.8574147311104043
Car 0.09 2 -0.58 885.64 158.88 1241.0 317.0 1.77 1.69 3.82 5.69 1.63 9.12 -0.04 0.5711208664249074
Car 0.0 1 -2.76 179.79 182.65 404.7 253.75 1.49 1.59 4.44 -7.19 1.74 16.52 3.11 0.8000152022449619
Car 0.0 2 -2.8 261.01 183.04 438.69 243.67 1.48 1.63 4.1 -6.82 1.78 19.06 -3.14 0.6798314740590854
Car 0.0 2 0.32 336.91 179.38 446.84 227.01 1.52 1.48 3.23 -7.33 1.76 24.29 0.03 0.5552148718306379
Car 0.0 0 -1.71 637.81 179.48 707.99 230.34 1.41 1.56 4.08 1.82 1.63 22.37 -1.63 0.6016162981630825
Car 0.0 2 0.28 409.81 177.11 497.07 211.13 1.52 1.64 3.65 -7.3 1.74 33.68 0.07 0.5604454662188014
Car 0.0 1 -1.63 620.41 174.35 655.0 203.57 1.43 1.58 3.37 1.37 1.53 37.41 -1.59 0.9199081690336988
Car 0.0 2 -1.57 601.04 163.7 618.88 184.83 2.33 1.96 6.11 -0.01 1.36 83.43 -1.57 0.507404489335139
Car -1.0 -1 -10.0 501.8 165.65 591.36 197.64 -1.0 -1.0 -1.0 -1000.0 -1000.0 -1000.0 -10.0 0.7523213122505272
Car -1.0 -1 -10.0 0.0 274.98 19.05 373.0 -1.0 -1.0 -1.0 -1000.0 -1000.0 -1000.0 -10.0 0.5979859997324402
