Car 0.83 0 0.93 0.0 180.12 122.64 374.0 1.63 1.52 3.74 -6.45 1.71 6.07 0.14 0.3901080918520655
Car 0.04 0 -1.93 754.18 190.41 1081.11 374.0 1.42 1.63 4.15 2.8 1.65 7.76 -1.6 0.18729172415662731
Car 0.0 0 0.52 94.2 188.54 400.39 288.95 1.47 1.65 4.15 -5.76 1.75 11.64 0.07 0.8565822413575047
Car 0.0 1 -1.78 689.55 183.94 786.73 244.88 1.35 1.58 4.05 3.11 1.66 18.51 -1.62 0.11760537992102948
Car 0.0 2 -2.77 184.71 178.77 402.14 263.62 1.53 1.5 3.61 -6.15 1.67 14.17 3.11 0.5617700312585445
Car 0.0 2 -2.78 252.1 167.54 418.24 246.34 1.7 1.61 3.21 -6.29 1.61 16.65 -3.14 0.8880608916489323
Car 0.0 1 -1.68 654.15 172.74 696.36 208.48 1.76 1.71 4.35 3.35 1.78 38.04 -1.6 0.7031346036242757
Car 0.0 2 -2.87 430.86 177.28 518.16 212.11 1.52 1.58 3.61 -6.17 1.74 32.9 -3.06 0.9241709845758044
Car -1.0 -1 -10.0 0.0 229.05 101.21 373.0 -1.0 -1.0 -1.0 -1000.0 -1000.0 -1000.0 -10.0 0.7442319992034875
Car -1.0 -1 -10.0 523.15 168.89 647.0 206.7 -1.0 -1.0 -1.0 -1000.0 -1000.0 -1000.0 -10.0 0.13150351429317741
Car -1.0 -1 -10.0 484.33 168.24 526.02 173.71 -1.0 -1.0 -1.0 -1000.0 -1000.0 -1000.0 -10.0 0.46651072509346236
