Pedestrian 0.31 0 -2.11 891.04 147.45 1115.72 373.0 1.76 0.76 1.02 2.36 1.58 4.42 -1.65 0.8412831844574459
Pedestrian 0.0 2 -1.78 415.99 157.81 458.24 264.07 1.89 0.96 0.95 -3.24 1.46 13.38 -2.02 0.8839057290345301
Pedestrian 0.06 1 -2.09 894.66 163.36 970.98 373.0 1.68 0.64 0.91 2.65 1.55 5.91 -1.69 0.8591875733398749
Pedestrian 0.0 0 -2.23 744.53 161.1 804.15 348.53 1.71 0.68 0.93 1.6 1.52 7.1 -2.02 0.9330367016256029
Pedestrian 0.0 0 -2.35 557.06 163.86 624.19 315.86 1.71 0.8 0.94 -0.25 1.52 8.71 -2.38 0.6530514773948294
Pedestrian 0.0 2 -2.54 764.49 155.94 863.52 303.56 1.8 0.83 0.92 2.73 1.49 9.37 -2.27 0.05093724043999559
Pedestrian 0.0 0 -2.81 660.59 159.8 708.21 280.19 1.82 0.68 0.99 1.18 1.5 11.39 -2.72 0.8603893819535399
Pedestrian 0.0 1 -2.47 749.02 173.28 820.73 334.07 1.63 0.71 0.88 2.11 1.55 7.84 -2.23 0.10050099128424494
Pedestrian 0.0 1 -2.51 708.21 157.14 754.4 269.11 1.83 0.78 0.94 2.06 1.43 12.35 -2.35 0.0972356976418326
Pedestrian 0.0 2 -2.18 720.58 161.06 804.81 298.85 1.72 0.69 0.88 2.08 1.46 9.51 -1.98 0.5980159889407854
Car 0.0 1 1.72 489.03 171.61 571.72 234.41 1.57 1.67 4.14 -1.9 1.32 20.18 1.63 0.014203864205194483
Car -1.0 -1 -10.0 626.56 163.29 661.02 217.74 -1.0 -1.0 -1.0 -1000.0 -1000.0 -1000.0 -10.0 0.7510423818787001
Car -1.0 -1 -10.0 356.39 178.76 377.96 213.87 -1.0 -1.0 -1.0 -1000.0 -1000.0 -1000.0 -10.0 0.18358610132029962
