Car 0.9 0 -2.19 830.93 204.22 1241.0 374.0 1.42 1.63 4.15 2.73 1.67 4.0 -1.62 0.3864826792982887
Car 0.37 0 0.69 0.0 192.34 303.93 347.87 1.47 1.65 4.15 -5.82 1.71 7.88 0.07 0.5573833182319731
Car 0.0 0 -1.81 704.41 188.39 833.84 268.58 1.35 1.58 4.05 3.04 1.7 14.79 -1.62 0.39261323134434345
Car 0.0 3 -2.65 9.71 180.34 324.66 298.37 1.53 1.5 3.61 -6.27 1.66 10.43 3.1 0.7684728687692024
Car 0.0 2 -2.69 134.32 163.97 360.4 267.72 1.7 1.61 3.21 -6.38 1.57 12.84 3.14 0.05442775751360884
Car 0.0 0 -1.69 654.8 174.53 702.59 214.45 1.76 1.71 4.35 3.17 1.87 34.3 -1.6 0.9527706206768389
Car 0.0 2 -2.85 405.74 178.3 505.12 217.75 1.52 1.58 3.61 -6.23 1.76 29.13 -3.06 0.40756006658061095
Car 0.0 2 -2.94 438.65 190.76 502.45 228.06 1.13 0.52 1.9 -4.42 1.71 22.7 -3.13 0.07109415054174717
Car -1.0 -1 -10.0 506.33 171.48 648.29 209.94 -1.0 -1.0 -1.0 -1000.0 -1000.0 -1000.0 -10.0 0.9595124409499398
Car -1.0 -1 -10.0 465.57 171.48 505.32 175.66 -1.0 -1.0 -1.0 -1000.0 -1000.0 -1000.0 -10.0 0.3151211230516361
