Car 1.0 0 -2.49 1016.39 176.35 1241.0 374.0 1.56 1.57 3.78 2.91 1.56 1.93 -1.57 0.2959264559708976
Car 0.03 0 2.05 4.01 176.39 350.17 374.0 1.73 1.65 3.7 -4.42 1.79 8.02 1.56 0.989188583855533
Car 0.0 0 -1.84 736.94 177.7 934.05 308.24 1.54 1.66 3.79 2.98 1.63 10.5 -1.57 0.6411478323079932
Car 0.0 1 1.86 294.4 187.71 448.27 296.36 1.68 1.63 3.94 -4.31 1.99 13.53 1.56 0.30553671967496376
Car 0.0 1 -1.8 693.17 183.68 809.63 258.85 1.48 1.64 4.15 3.05 1.74 16.61 -1.63 0.5669527183713228
Car 0.0 1 -1.69 654.52 138.81 748.97 234.05 2.85 2.46 5.85 2.92 1.86 24.7 -1.57 0.04047177050211692
Car 0.0 2 -1.66 654.62 176.38 700.52 220.27 1.78 1.59 4.33 2.87 1.96 31.7 -1.57 0.21248538926505067
Car 0.0 2 1.45 648.04 180.08 693.7 216.42 1.53 1.57 3.87 2.67 1.87 32.72 1.53 0.7739125079300206
Car 0.0 1 -1.66 627.36 185.76 657.5 210.17 1.45 1.61 3.34 2.0 2.29 45.76 -1.61 0.15855684698001915
Car 0.0 0 -1.67 506.0 190.3 536.85 212.19 1.34 1.69 3.6 -5.99 2.54 48.28 -1.79 0.9059952416084589
Car 0.0 1 -1.85 604.79 183.33 640.47 207.68 1.69 1.59 3.77 0.86 2.46 52.69 -1.84 0.5537365181084525
Car 0.0 0 -1.78 581.32 187.22 608.22 204.8 1.49 1.71 3.58 -1.41 2.81 64.95 -1.8 0.13032275082323708
Car -1.0 -1 -10.0 543.2 183.77 579.72 202.82 -1.0 -1.0 -1.0 -1000.0 -1000.0 -1000.0 -10.0 0.1292865363861142
Car -1.0 -1 -10.0 483.04 186.35 502.09 207.34 -1.0 -1.0 -1.0 -1000.0 -1000.0 -1000.0 -10.0 0.04477776237596087
