Car 0.35 0 -2.2 561.6 203.48 971.86 374.0 1.47 1.58 3.55 0.98 1.79 6.31 -2.06 0.1506846834597978
Car 0.0 1 -1.94 441.91 206.76 664.11 341.33 1.37 1.7 4.38 -1.13 1.96 10.59 -2.04 0.36105190771353124
Car 0.0 2 -1.84 380.52 207.76 513.09 299.07 1.4 1.56 3.91 -3.43 2.18 14.4 -2.07 0.717212086645496
Car 0.0 1 -1.75 327.73 202.99 419.48 275.44 1.6 1.65 3.77 -6.41 2.46 19.2 -2.07 0.34828645722350005
Car 0.0 1 1.7 74.4 206.66 155.8 275.49 1.86 1.63 4.2 -15.96 3.03 23.38 1.1 0.7560612148436124
Car 0.23 3 1.7 0.0 225.49 101.75 325.2 1.45 1.46 3.41 -10.74 2.56 13.67 1.04 0.29561602839861134
Car 0.9 3 1.8 0.0 227.47 50.61 374.0 1.46 1.55 4.21 -7.53 2.2 7.89 1.05 0.6197418233288944
Car 0.0 2 -1.72 279.22 212.44 337.09 252.93 1.37 1.61 4.26 -12.66 3.11 30.05 -2.11 0.3072868742534961
Car 0.0 1 1.6 146.76 215.15 180.62 245.84 1.51 1.55 3.92 -26.11 4.09 42.23 1.05 0.273921435198341
Car -1.0 -1 -10.0 187.42 207.7 276.34 237.1 -1.0 -1.0 -1.0 -1000.0 -1000.0 -1000.0 -10.0 0.43511232269216216
