Car 0.0 0 -1.9 758.32 176.09 1036.07 346.02 1.55 1.66 4.15 3.03 1.61 8.71 -1.58 0.23171565448393883
Car 0.0 0 -1.01 16.1 244.51 246.59 347.61 0.91 1.32 2.41 -5.93 1.93 9.14 -1.57 0.824462736090699
Car 0.0 1 -1.14 187.75 188.15 374.1 295.34 1.63 1.61 3.81 -5.86 1.94 13.27 -1.55 0.6933583377634184
Car 0.42 0 2.49 1011.85 132.48 1241.0 253.67 1.63 1.67 4.32 8.54 1.09 10.66 -3.13 0.9583327232944736
Car 0.0 0 1.8 403.33 183.66 479.7 233.81 1.53 1.68 3.86 -5.65 1.91 24.46 1.57 0.9504848471817229
Car 0.0 2 1.76 446.94 183.36 502.55 220.6 1.42 1.55 3.85 -5.6 1.87 30.07 1.58 0.7883302357902594
Car 0.0 2 1.73 472.66 182.5 516.15 214.37 1.43 1.48 3.71 -5.55 1.91 34.77 1.57 0.5011901385031586
Car 0.0 1 -0.57 1028.9 149.37 1141.52 182.43 1.53 1.85 4.27 23.17 0.44 35.33 0.0 0.827890344310275
Car 0.0 2 -0.53 996.5 148.46 1102.92 181.5 1.67 1.85 4.49 23.27 0.43 38.33 0.01 0.5541139720483633
Car 0.0 2 -0.53 979.88 151.63 1086.01 180.07 1.53 1.85 4.94 24.02 0.38 41.13 -0.0 0.32694362748633454
Car 0.0 2 -0.52 965.2 149.23 1063.77 176.69 1.57 1.85 4.92 24.4 0.2 43.67 -0.01 0.9705022294918689
Car -1.0 -1 -10.0 517.32 173.42 580.36 206.06 -1.0 -1.0 -1.0 -1000.0 -1000.0 -1000.0 -10.0 0.32321115642829035
Car -1.0 -1 -10.0 717.85 159.18 842.34 190.52 -1.0 -1.0 -1.0 -1000.0 -1000.0 -1000.0 -10.0 0.28548147368033094
Car -1.0 -1 -10.0 617.59 170.18 686.45 198.94 -1.0 -1.0 -1.0 -1000.0 -1000.0 -1000.0 -10.0 0.07919275955134042
