Pedestrian 0.0 0 -2.59 636.73 145.24 660.73 202.41 1.76 0.53 0.64 1.32 0.68 22.18 -2.53 0.46970831122430057
Pedestrian 0.0 1 0.86 243.94 139.35 287.27 259.19 1.92 0.66 0.67 -5.69 1.26 11.75 0.42 0.33449072602486163
Pedestrian 0.0 1 -2.74 597.27 139.17 627.93 209.5 1.89 0.52 1.08 0.19 0.78 19.42 -2.73 0.20929075303237465
Pedestrian 0.62 0 0.85 815.48 114.85 1173.9 369.0 1.8 0.58 0.92 1.2 1.62 2.42 1.27 0.742901742748257
Pedestrian 0.49 1 0.82 758.21 170.96 972.68 369.0 1.62 0.52 0.87 1.21 1.58 3.5 1.12 0.11893520271480229
Pedestrian 0.35 3 0.86 800.5 126.74 1001.08 369.0 1.85 0.55 0.95 1.61 1.58 4.05 1.22 0.8408829768794631
Pedestrian 0.4 3 0.73 901.42 189.68 1083.8 369.0 1.56 0.56 0.77 2.25 1.63 4.24 1.19 0.1638906891525722
Pedestrian 0.3 1 0.69 936.08 146.03 1143.14 369.0 1.77 0.64 0.89 2.66 1.57 4.46 1.19 0.2641344540187094
Pedestrian 0.57 0 0.61 1060.99 161.97 1223.0 369.0 1.63 0.64 0.88 3.25 1.53 4.1 1.25 0.5642037211719253
Pedestrian 0.26 0 0.65 491.73 163.79 584.06 369.0 1.63 0.56 0.84 -0.47 1.53 4.6 0.55 0.008532355189587393
Pedestrian 0.0 0 1.33 568.15 142.89 629.81 309.51 1.78 0.61 0.88 -0.12 1.38 8.06 1.32 0.46474815887715115
Pedestrian 0.0 0 1.01 689.12 153.99 746.12 305.62 1.67 0.64 0.89 1.25 1.38 8.33 1.16 0.84652312394838
Pedestrian 0.0 0 1.1 738.93 138.85 797.93 301.04 1.82 0.67 0.99 1.92 1.35 8.49 1.32 0.6145151438468425
Pedestrian 0.0 1 0.94 800.32 135.48 885.99 287.63 1.75 0.58 0.96 2.88 1.23 8.68 1.25 0.5200022993833354
Car 0.97 3 -1.26 0.0 0.0 267.19 369.0 2.13 1.99 5.19 -3.17 1.67 3.69 -1.93 0.5332237305617303
Car -1.0 -1 -10.0 296.89 142.42 371.12 199.43 -1.0 -1.0 -1.0 -1000.0 -1000.0 -1000.0 -10.0 0.7613263088039884
Car -1.0 -1 -10.0 433.96 144.97 448.9 184.13 -1.0 -1.0 -1.0 -1000.0 -1000.0 -1000.0 -10.0 0.5062782824692412
Car -1.0 -1 -10.0 488.14 141.79 508.18 158.64 -1.0 -1.0 -1.0 -1000.0 -1000.0 -1000.0 -10.0 0.821299692749326
Car -1.0 -1 -10.0 541.06 145.61 560.46 159.27 -1.0 -1.0 -1.0 -1000.0 -1000.0 -1000.0 -10.0 0.9262076041917967
Car -1.0 -1 -10.0 1188.1 121.39 1212.6 137.6 -1.0 -1.0 -1.0 -1000.0 -1000.0 -1000.0 -10.0 0.21411610591208996
