Car 0.0 0 -1.59 569.71 177.7 608.23 212.83 1.6 1.76 3.84 -0.98 1.25 35.03 -1.62 0.8975631969793263
Car 0.54 0 -1.03 0.0 203.83 326.13 375.0 1.39 1.5 3.4 -3.82 1.61 6.0 -1.58 0.3442325518466416
Car 0.48 3 -0.9 0.0 191.63 164.06 309.94 1.45 1.54 3.59 -8.54 1.58 10.7 -1.57 0.18817730906887964
Car 0.0 1 -1.23 215.83 136.39 385.63 254.77 2.58 1.91 6.53 -7.77 1.49 19.02 -1.61 0.9187947633690525
Car 0.17 3 -0.96 0.0 187.23 162.51 258.63 1.45 1.8 3.73 -12.56 1.52 16.92 -1.59 0.27346164937217754
Car 0.0 1 -1.28 340.47 182.8 417.15 227.03 1.48 1.64 3.82 -8.36 1.41 26.47 -1.58 0.8928362638760577
Car 0.0 1 -1.46 492.36 162.45 542.53 212.04 2.41 2.03 5.13 -4.67 1.29 37.71 -1.58 0.742703463487393
Car 0.0 0 -1.42 421.71 141.43 521.64 237.32 2.64 2.22 5.52 -4.14 1.42 22.73 -1.6 0.83688352195797
Car 0.0 1 -1.53 524.0 144.89 561.1 198.18 4.05 2.5 16.44 -5.5 0.92 63.12 -1.62 0.7579987514104235
Car 0.0 0 -1.11 204.56 180.25 297.86 226.79 1.5 1.51 3.42 -12.36 1.33 25.08 -1.56 0.16073014045372658
