Pedestrian 0.77 0 -2.26 1152.79 78.52 1237.0 373.0 1.97 1.04 0.92 4.37 1.34 4.6 -1.54 0.7197288848320998
Car 0.33 1 -2.42 139.7 236.42 319.15 373.0 1.21 0.54 0.95 -2.54 1.6 4.85 -2.88 0.703552639205235
Pedestrian 0.0 0 1.75 461.42 156.05 504.76 320.8 1.77 0.66 0.9 -1.47 1.5 8.19 1.57 0.05084028604961144
Pedestrian 0.0 0 1.84 398.4 163.86 464.74 329.59 1.67 0.73 0.77 -1.94 1.5 7.67 1.59 0.28932157312154305
Pedestrian 0.0 0 -1.5 634.99 156.63 664.33 239.03 1.76 0.76 1.02 0.91 1.23 15.9 -1.45 0.3760466484348316
Pedestrian 0.0 2 -1.56 621.83 156.7 651.72 214.52 1.89 0.96 0.95 1.17 1.08 24.03 -1.52 0.5586358199279334
Pedestrian 0.0 0 -1.59 684.34 159.22 706.01 239.23 1.68 0.64 0.91 1.9 1.22 15.61 -1.48 0.9038921826125752
Pedestrian 0.0 2 -1.7 727.03 153.72 750.03 220.85 1.8 0.83 0.92 3.82 1.06 19.81 -1.52 0.15573019461406257
Pedestrian 0.0 2 -1.58 741.68 152.31 756.68 211.35 1.83 0.78 0.94 4.83 0.93 22.83 -1.37 0.6523781196029987
Car 0.0 0 1.68 563.58 167.5 598.66 194.93 1.57 1.67 4.14 -1.17 0.76 43.61 1.65 0.7285170736971338
Pedestrian 0.0 2 -2.34 385.15 164.29 418.81 246.86 1.81 0.73 0.84 -4.57 1.43 16.25 -2.62 0.7271970926174814
Pedestrian 0.0 0 -1.64 709.05 161.05 733.05 229.05 1.67 0.71 0.95 2.86 1.17 18.23 -1.49 0.4266018027758339
Car -1.0 -1 -10.0 6.92 248.4 132.3 372.0 -1.0 -1.0 -1.0 -1000.0 -1000.0 -1000.0 -10.0 0.977176641989042
Car -1.0 -1 -10.0 324.8 193.59 381.83 286.09 -1.0 -1.0 -1.0 -1000.0 -1000.0 -1000.0 -10.0 0.1339311307561194
Car -1.0 -1 -10.0 244.84 189.72 264.47 229.99 -1.0 -1.0 -1.0 -1000.0 -1000.0 -1000.0 -10.0 0.02440454914969059
