Car 0.03 0 -1.93 767.66 178.12 1048.12 374.0 1.62 1.48 3.36 2.75 1.69 7.56 -1.59 0.49844726405867246
Car 0.72 0 0.81 0.0 189.03 201.55 374.0 1.55 1.7 4.09 -6.19 1.73 6.42 0.07 0.14991444856283465
Car 0.22 3 0.57 0.0 178.19 305.62 320.93 1.59 1.63 3.75 -6.08 1.68 9.02 -0.01 0.643942006614994
Car 0.0 2 -2.63 41.46 161.05 315.94 295.97 1.95 1.67 3.35 -6.72 1.8 11.43 3.14 0.6569219870547461
Car 0.0 2 -2.71 146.6 184.89 358.62 264.94 1.42 1.55 3.35 -6.88 1.68 14.03 3.12 0.6655269881521053
Car 0.0 2 0.34 269.27 184.98 444.92 251.24 1.43 1.49 3.56 -5.85 1.74 16.8 0.01 0.3934571730976958
Car 0.0 2 0.3 318.52 181.12 474.65 243.28 1.53 1.6 3.62 -5.58 1.77 19.0 0.02 0.38963850055095994
Car 0.0 2 0.33 346.93 177.75 467.78 236.67 1.66 1.57 3.11 -6.02 1.83 21.48 0.06 0.026627814590732712
Car 0.0 2 0.29 349.0 173.88 494.72 227.19 1.66 1.71 4.34 -6.17 1.72 23.82 0.04 0.6309418749925028
Car 0.0 2 -2.98 402.0 177.72 503.75 217.86 1.51 1.66 3.73 -6.23 1.72 28.73 3.09 0.7634691767423424
Car 0.0 2 0.15 439.99 168.46 527.99 209.41 2.08 1.8 4.37 -6.67 1.88 38.36 -0.02 0.3686076267349012
Cyclist 0.0 0 1.59 573.89 176.75 581.81 197.2 1.59 0.58 1.69 -2.56 1.91 57.21 1.55 0.3261569243423389
Car 0.0 0 -1.69 674.0 183.84 739.1 235.67 1.38 1.49 3.38 2.75 1.72 21.38 -1.56 0.18888032445112313
Car 0.0 2 -0.17 725.31 171.69 842.5 219.65 1.67 1.6 3.94 6.28 1.66 26.5 0.06 0.2852577234289333
Car 0.0 2 -0.16 682.33 173.03 753.19 204.8 1.77 1.69 3.82 6.19 1.8 41.88 -0.02 0.9363802190043288
Car 0.0 0 -1.66 632.05 179.81 657.44 199.2 1.41 1.56 4.08 2.61 1.96 55.29 -1.62 0.8417827850637603
Car -1.0 -1 -10.0 530.91 173.42 565.49 195.06 -1.0 -1.0 -1.0 -1000.0 -1000.0 -1000.0 -10.0 0.3627850163201798
Car -1.0 -1 -10.0 596.89 170.83 629.53 187.94 -1.0 -1.0 -1.0 -1000.0 -1000.0 -1000.0 -10.0 0.8474798393297409
