Car 0.72 3 -2.42 0.0 184.51 174.74 374.0 1.51 1.55 3.64 -6.2 1.64 6.39 3.12 0.9446655035219833
Car 0.0 1 1.25 747.12 190.0 963.41 331.11 1.47 1.56 3.55 2.96 1.73 9.62 1.54 0.2902177903595443
Car 0.0 2 -1.71 667.88 131.3 776.26 241.06 2.57 1.99 6.64 2.88 1.64 20.36 -1.57 0.5206806113334626
Car 0.0 0 -2.77 275.48 176.8 421.34 239.91 1.58 1.54 3.3 -6.92 1.7 19.17 -3.12 0.710947960955944
Car 0.0 2 0.29 320.33 173.39 472.35 232.83 1.68 1.71 4.07 -6.4 1.73 21.77 0.01 0.5162716997952532
Car 0.0 2 -2.93 343.75 177.49 486.15 226.49 1.53 1.7 4.32 -6.46 1.71 24.08 3.09 0.9736217506411349
Car 0.0 2 0.1 457.5 179.77 542.55 209.05 1.5 1.66 4.4 -5.93 1.9 39.04 -0.05 0.30438884302979463
Car 0.0 2 0.17 442.83 154.51 549.16 206.28 2.86 1.88 5.81 -6.54 1.87 41.66 0.01 0.9560917020615967
Car 0.0 2 -1.64 642.62 180.4 680.01 209.38 1.41 1.62 4.19 2.6 1.81 37.68 -1.57 0.48841333108789564
Car -1.0 -1 -10.0 550.31 168.24 637.93 196.35 -1.0 -1.0 -1.0 -1000.0 -1000.0 -1000.0 -10.0 0.5881885483614397
Car -1.0 -1 -10.0 869.87 0.05 1240.0 373.0 -1.0 -1.0 -1.0 -1000.0 -1000.0 -1000.0 -10.0 0.4886191598269295
