Car 0.0 0 -1.57 555.04 177.82 608.44 226.5 1.6 1.76 3.84 -0.96 1.35 25.82 -1.61 0.47403483030193727
Car 1.0 0 -0.69 0.0 177.49 223.5 375.0 1.65 1.7 3.9 -3.18 1.63 2.33 -1.58 0.24027118163572792
Car 0.0 0 -1.12 157.22 176.59 323.66 263.95 1.66 1.62 3.95 -7.86 1.49 15.75 -1.57 0.7028944405159617
Car 0.0 0 -1.4 418.97 177.8 519.45 252.87 1.64 1.72 4.24 -3.36 1.47 18.0 -1.58 0.0984057278338627
Car 0.0 0 -1.29 351.73 182.78 423.0 224.25 1.45 1.61 3.72 -8.35 1.37 27.44 -1.59 0.3103277565784377
Car 0.0 1 -1.44 484.8 180.99 534.52 217.28 1.48 1.64 3.81 -4.26 1.3 31.49 -1.57 0.14473084226993016
Car 0.0 1 -1.48 519.3 181.91 552.19 205.86 1.37 1.61 4.21 -4.38 1.18 43.99 -1.58 0.5496945877899725
Car 0.0 1 -1.54 540.0 167.55 561.58 194.53 2.74 2.09 5.96 -6.01 0.92 76.52 -1.62 0.5462347007599705
Car 0.0 1 -1.24 317.95 180.69 378.08 213.25 1.5 1.55 3.99 -12.76 1.29 35.47 -1.58 0.6307691898552031
Car 0.9 3 -0.85 0.0 191.15 34.56 267.23 1.42 1.56 3.39 -12.25 1.56 12.66 -1.61 0.6727970731693067
