Car 1.0 3 -0.44 0.0 193.3 184.82 374.0 1.6 1.57 3.23 -3.12 1.7 1.96 -1.39 0.5579414589864772
Car 0.26 0 2.09 117.53 180.32 523.62 374.0 1.57 1.5 3.68 -2.11 1.65 6.28 1.77 0.8245331854761223
Car 0.57 3 -1.89 892.72 204.19 1241.0 374.0 1.39 1.44 3.08 3.04 1.67 5.15 -1.38 0.6605861752064683
Car 0.0 0 -1.32 498.05 175.7 636.59 271.38 1.47 1.6 3.66 -0.66 1.54 13.01 -1.37 0.8610038789178341
Car 0.0 0 1.75 652.82 167.01 705.57 207.57 1.7 1.63 4.08 3.15 1.48 32.45 1.85 0.3800412922556541
Car 0.0 0 -1.66 800.1 174.02 872.54 237.75 1.59 1.59 2.47 5.96 1.64 19.35 -1.37 0.11876623923104301
Car 0.0 1 -1.6 803.66 181.44 858.17 226.3 1.37 1.59 3.22 7.25 1.67 24.02 -1.31 0.038569380025809785
Car -1.0 -1 -10.0 0.0 317.67 114.14 373.0 -1.0 -1.0 -1.0 -1000.0 -1000.0 -1000.0 -10.0 0.4212692887312902
Car -1.0 -1 -10.0 713.33 161.13 792.54 191.18 -1.0 -1.0 -1.0 -1000.0 -1000.0 -1000.0 -10.0 0.11774780570022103
Car -1.0 -1 -10.0 536.08 162.42 584.24 173.06 -1.0 -1.0 -1.0 -1000.0 -1000.0 -1000.0 -10.0 0.5088275559862988
