Car 0.0 1 2.6 908.78 146.77 1044.02 190.49 1.52 1.76 4.1 13.67 0.33 26.19 3.08 0.3956088823260887
Car 0.0 0 -1.49 519.82 174.62 556.78 202.76 1.5 1.78 3.69 -3.73 1.19 40.12 -1.58 0.5041959698498609
Cyclist 0.0 0 -0.07 638.03 169.71 667.05 197.45 1.74 0.6 1.79 3.04 1.06 45.21 0.0 0.4024391482882558
Cyclist 0.0 0 -0.08 582.95 168.69 610.78 196.7 1.86 0.63 1.82 -0.54 1.08 47.91 -0.09 0.45087803693804984
Pedestrian 0.0 1 -2.97 567.36 171.24 581.3 199.28 1.8 0.68 1.44 -1.78 1.21 46.12 -3.01 0.09410021313216654
Pedestrian 0.0 1 0.31 450.72 175.18 465.06 205.9 1.92 0.57 1.32 -9.07 1.59 44.73 0.11 0.20269008567625202
Car -1.0 -1 -10.0 368.93 178.12 408.09 213.46 -1.0 -1.0 -1.0 -1000.0 -1000.0 -1000.0 -10.0 0.5745193157766603
Car -1.0 -1 -10.0 809.44 153.9 899.6 181.59 -1.0 -1.0 -1.0 -1000.0 -1000.0 -1000.0 -10.0 0.7752605224595016
Car -1.0 -1 -10.0 1094.4 137.96 1171.81 154.17 -1.0 -1.0 -1.0 -1000.0 -1000.0 -1000.0 -10.0 0.5532039433485144
Car -1.0 -1 -10.0 726.57 162.19 735.77 186.05 -1.0 -1.0 -1.0 -1000.0 -1000.0 -1000.0 -10.0 0.7996649689749696
Car -1.0 -1 -10.0 687.04 165.49 704.54 181.96 -1.0 -1.0 -1.0 -1000.0 -1000.0 -1000.0 -10.0 0.0039631781700437685
