Car 0.0 1 2.74 821.5 146.64 911.9 176.95 1.52 1.76 4.1 13.78 -0.21 37.37 3.09 0.35371162435280734
Car 0.0 0 -1.51 541.87 165.66 569.57 187.3 1.5 1.78 3.69 -3.54 0.46 51.59 -1.58 0.6996049846470495
Cyclist 0.0 0 -0.01 592.9 164.97 615.66 187.05 1.74 0.6 1.79 -0.04 0.51 56.73 -0.0 0.48837338429970445
Pedestrian 0.0 1 3.13 608.5 163.48 619.08 185.86 1.8 0.68 1.44 0.75 0.43 57.79 3.14 0.4367950642321575
Pedestrian 0.0 1 0.25 469.85 168.95 479.45 193.35 1.92 0.57 1.32 -10.2 1.01 56.32 0.07 0.48563045274046246
Car -1.0 -1 -10.0 417.38 174.3 436.78 200.71 -1.0 -1.0 -1.0 -1000.0 -1000.0 -1000.0 -10.0 0.046075937008762
Car -1.0 -1 -10.0 504.08 166.65 539.42 187.33 -1.0 -1.0 -1.0 -1000.0 -1000.0 -1000.0 -10.0 0.11185632604494855
Car -1.0 -1 -10.0 40.62 189.6 99.54 206.45 -1.0 -1.0 -1.0 -1000.0 -1000.0 -1000.0 -10.0 0.7115781854449217
Car -1.0 -1 -10.0 625.21 160.91 640.15 170.11 -1.0 -1.0 -1.0 -1000.0 -1000.0 -1000.0 -10.0 0.7551518056429007
Car -1.0 -1 -10.0 778.21 156.45 816.74 172.66 -1.0 -1.0 -1.0 -1000.0 -1000.0 -1000.0 -10.0 0.8945846702175632
