Car 0.78 0 -2.12 831.14 197.4 1241.0 374.0 1.36 1.55 3.87 2.77 1.56 4.53 -1.6 0.4671601065934776
Car 0.0 0 -1.8 700.55 171.15 823.23 270.19 1.62 1.48 3.36 2.69 1.62 13.64 -1.61 0.7214423237050949
Car 0.0 2 0.52 95.14 176.19 385.47 276.23 1.55 1.7 4.09 -6.18 1.64 12.25 0.06 0.6713324681918367
Car 0.0 2 0.37 204.57 173.93 419.07 257.74 1.59 1.63 3.75 -6.08 1.64 14.89 -0.01 0.8681480290538166
Car 0.0 2 -2.78 241.04 160.58 408.24 247.35 1.95 1.67 3.35 -6.79 1.69 17.31 3.13 0.1907954468385702
Car 0.0 2 -2.83 286.56 180.37 427.95 235.6 1.42 1.55 3.35 -6.92 1.65 19.85 3.12 0.7225697109227759
Car 0.0 2 0.26 357.64 176.87 483.74 225.14 1.43 1.49 3.56 -5.92 1.58 22.67 0.01 0.506951937013861
Car 0.0 2 0.24 387.6 177.26 503.75 224.21 1.53 1.6 3.62 -5.65 1.71 24.89 0.01 0.5919179168592106
Car 0.0 2 0.27 399.55 170.33 492.65 216.43 1.66 1.57 3.11 -6.19 1.6 27.29 0.05 0.8148785368788166
Car 0.0 2 0.25 399.36 171.83 514.37 214.3 1.66 1.71 4.34 -6.28 1.65 29.71 0.04 0.9161610095771558
Car 0.0 2 0.13 458.34 162.92 533.95 198.23 2.08 1.8 4.37 -6.97 1.51 44.31 -0.02 0.26739226472884847
Cyclist 0.0 0 1.59 576.18 173.06 582.97 190.84 1.59 0.58 1.69 -2.78 1.62 65.66 1.54 0.033797250156433645
Car 0.0 1 -1.67 657.41 179.39 707.08 218.79 1.38 1.49 3.38 2.64 1.64 27.3 -1.58 0.8783180402275549
Car 0.0 0 -1.65 626.77 174.25 649.36 191.71 1.41 1.56 4.08 2.33 1.56 61.17 -1.62 0.8037379870950201
Car -1.0 -1 -10.0 536.08 169.53 573.25 190.52 -1.0 -1.0 -1.0 -1000.0 -1000.0 -1000.0 -10.0 0.15861134454665837
Car -1.0 -1 -10.0 600.77 165.65 624.35 184.06 -1.0 -1.0 -1.0 -1000.0 -1000.0 -1000.0 -10.0 0.9035606783291653
