Car 0.96 0 2.4 0.0 221.35 69.13 374.0 1.42 1.54 3.5 -6.06 1.88 5.24 1.56 0.1235584349348311
Car 0.0 1 -1.89 758.86 175.27 1031.27 339.09 1.51 1.75 3.78 3.01 1.56 8.63 -1.57 0.558396867682881
Car 0.0 0 2.08 59.22 200.1 318.19 320.85 1.36 1.51 4.02 -6.05 1.83 10.88 1.58 0.6671692140226241
Car 0.0 1 1.87 323.46 179.38 435.88 253.63 1.74 1.65 4.11 -5.98 1.92 19.1 1.57 0.9130956921075273
Car 0.0 0 1.66 542.13 178.12 575.06 200.78 1.41 1.76 4.4 -3.36 1.77 47.56 1.59 0.07602867949695746
Car 0.0 2 1.82 396.74 178.79 471.77 228.5 1.61 1.64 4.0 -6.17 1.83 25.6 1.58 0.38257424608068913
Car 0.0 1 1.74 461.92 182.41 508.69 212.9 1.43 1.7 3.74 -6.26 1.93 36.41 1.57 0.3429983734296618
Car 0.0 1 -1.62 637.69 173.66 661.07 193.79 1.55 1.66 4.15 3.12 1.64 58.12 -1.56 0.759252360024599
Car 0.0 1 2.97 696.99 168.0 767.27 189.95 1.47 1.7 4.65 8.55 1.17 50.89 3.14 0.1833960815661928
Car -1.0 -1 -10.0 0.0 241.34 47.52 373.0 -1.0 -1.0 -1.0 -1000.0 -1000.0 -1000.0 -10.0 0.3862284836630103
Car -1.0 -1 -10.0 513.44 177.94 538.96 200.87 -1.0 -1.0 -1.0 -1000.0 -1000.0 -1000.0 -10.0 0.36131027529421267
Car -1.0 -1 -10.0 594.95 170.18 606.89 184.71 -1.0 -1.0 -1.0 -1000.0 -1000.0 -1000.0 -10.0 0.10818760242058234
Car -1.0 -1 -10.0 935.2 158.54 1072.63 187.94 -1.0 -1.0 -1.0 -1000.0 -1000.0 -1000.0 -10.0 0.01864593214978172
Car -1.0 -1 -10.0 675.81 165.65 694.86 185.35 -1.0 -1.0 -1.0 -1000.0 -1000.0 -1000.0 -10.0 0.39409594391406944
Car -1.0 -1 -10.0 772.84 154.66 873.4 166.6 -1.0 -1.0 -1.0 -1000.0 -1000.0 -1000.0 -10.0 0.15014547568428294
