Car 1.0 0 2.4 0.0 235.74 200.1 374.0 1.41 1.76 4.4 -3.57 1.82 2.62 1.51 0.31880622663539016
Car 0.0 1 -1.68 658.73 180.13 721.39 229.5 1.55 1.66 4.15 2.64 1.81 24.93 -1.58 0.8380736904387179
Car 0.0 0 1.95 183.87 199.33 417.45 338.36 1.41 1.66 3.35 -3.88 1.82 9.57 1.57 0.815145088888146
Car 0.0 0 2.73 833.99 167.4 1053.24 231.6 1.47 1.7 4.65 8.13 1.38 17.95 -3.14 0.9365074526279794
Car 0.0 2 2.78 806.87 150.72 980.98 220.85 1.91 1.81 4.33 8.12 1.32 21.01 -3.14 0.5618502311348387
Car 0.0 1 -1.32 395.82 205.33 451.82 235.58 0.91 1.32 2.41 -6.48 2.09 25.13 -1.57 0.4501472839751437
Car 0.0 2 -1.36 420.39 183.71 481.23 227.8 1.63 1.61 3.81 -6.4 2.09 29.19 -1.57 0.7397279347256421
Car 0.0 2 1.91 299.71 193.48 411.01 259.31 1.43 1.57 3.48 -6.37 1.99 18.29 1.58 0.2264114685704144
Car 0.0 0 2.87 758.67 165.51 886.95 211.43 1.63 1.67 4.32 7.9 1.39 27.16 -3.13 0.10080321106760626
Car 0.0 1 1.72 473.2 184.86 513.94 214.17 1.53 1.68 3.86 -6.53 2.23 40.63 1.56 0.8551513426362679
Car 0.3 3 -0.71 1117.62 136.01 1241.0 193.54 2.06 2.07 4.94 22.34 0.74 27.25 -0.03 0.31050994896545536
Car -1.0 -1 -10.0 513.44 176.0 647.64 206.05 -1.0 -1.0 -1.0 -1000.0 -1000.0 -1000.0 -10.0 0.9824293238597499
Car -1.0 -1 -10.0 713.97 169.53 753.08 191.17 -1.0 -1.0 -1.0 -1000.0 -1000.0 -1000.0 -10.0 0.10251721385027979
