Pedestrian 0.0 2 -1.82 686.63 148.52 710.82 205.41 1.76 0.53 0.64 2.91 0.77 22.29 -1.69 0.10033626327069833
Pedestrian 0.0 1 0.69 275.39 133.87 311.4 253.88 1.92 0.66 0.67 -5.27 1.17 11.7 0.28 0.2595267231174253
Pedestrian 0.65 0 0.25 1063.62 128.9 1223.0 369.0 1.82 0.66 0.97 3.08 1.57 3.76 0.9 0.9418539163581593
Pedestrian 0.0 0 1.37 619.07 144.84 664.95 268.55 1.77 0.66 1.0 0.47 1.26 10.69 1.42 0.9133250859146236
Pedestrian 0.0 0 1.29 674.57 132.44 721.87 262.13 1.88 0.62 1.0 1.29 1.18 10.82 1.41 0.7199457864376991
Pedestrian 0.0 1 1.29 588.17 138.72 623.68 236.73 1.81 0.75 0.96 -0.02 1.03 13.62 1.29 0.09850589718534242
Pedestrian 0.0 0 1.27 558.21 139.67 595.65 239.42 1.81 0.82 0.89 -0.62 1.07 13.4 1.22 0.2229710881228053
Pedestrian 0.0 2 1.07 628.45 141.73 663.81 230.5 1.79 0.57 0.96 1.01 1.0 14.77 1.13 0.27209759733770533
Pedestrian 0.0 2 1.07 677.82 146.23 705.26 229.37 1.69 0.46 1.07 1.57 0.99 14.97 1.17 0.31091277513903814
Pedestrian 0.0 1 1.45 453.87 140.33 485.41 242.55 1.8 0.58 0.92 -2.47 1.09 12.99 1.26 0.9589697107087016
Pedestrian 0.0 0 1.26 483.35 149.24 510.99 234.43 1.62 0.52 0.87 -2.19 1.03 13.96 1.11 0.3906754425599277
Pedestrian 0.0 0 1.34 509.06 137.03 539.61 231.68 1.85 0.55 0.95 -1.65 1.0 14.33 1.23 0.4885761868275035
Pedestrian 0.0 1 1.28 542.77 154.19 566.95 232.96 1.56 0.56 0.77 -1.05 1.04 14.46 1.21 0.9972485018717432
Pedestrian 0.0 2 0.7 488.63 142.68 541.0 227.38 1.77 0.64 0.89 -1.98 0.98 15.27 0.57 0.5003007616751299
Car 0.97 3 -1.26 0.0 0.0 267.57 369.0 2.13 1.99 5.19 -3.17 1.66 3.69 -1.93 0.6860880598122243
Car -1.0 -1 -10.0 403.36 138.6 433.6 203.26 -1.0 -1.0 -1.0 -1000.0 -1000.0 -1000.0 -10.0 0.7437659558875788
Car -1.0 -1 -10.0 321.12 146.25 367.93 188.6 -1.0 -1.0 -1.0 -1000.0 -1000.0 -1000.0 -10.0 0.49219724941398957
Car -1.0 -1 -10.0 914.63 122.66 1030.93 137.6 -1.0 -1.0 -1.0 -1000.0 -1000.0 -1000.0 -10.0 0.949132883311986
