Cyclist 0.0 3 -1.76 800.67 159.52 834.42 229.07 1.8 0.52 1.75 5.57 1.46 19.57 -1.49 0.552589093068811
Pedestrian 0.0 2 -1.87 829.0 165.1 850.66 217.53 1.7 0.69 0.68 7.5 1.46 23.85 -1.56 0.12210275701880113
Pedestrian 0.0 0 -1.9 851.63 164.47 870.63 217.03 1.7 0.48 0.87 8.22 1.43 23.8 -1.57 0.7928749131508015
Car 0.0 2 -1.86 846.41 185.72 868.66 216.12 1.0 0.5 0.77 8.29 1.44 24.3 -1.53 0.8688305198387112
Cyclist 0.0 3 -1.66 739.21 170.43 751.72 204.37 1.64 0.44 1.56 6.66 1.53 35.64 -1.48 0.43208381024127007
Car -1.0 -1 -10.0 873.75 158.54 1240.0 202.82 -1.0 -1.0 -1.0 -1000.0 -1000.0 -1000.0 -10.0 0.35894713184066573
Car -1.0 -1 -10.0 1194.6 156.6 1240.0 358.72 -1.0 -1.0 -1.0 -1000.0 -1000.0 -1000.0 -10.0 0.9561118468254172
Car -1.0 -1 -10.0 762.49 168.89 795.13 179.53 -1.0 -1.0 -1.0 -1000.0 -1000.0 -1000.0 -10.0 0.18092416037367254
Car -1.0 -1 -10.0 668.69 170.83 733.02 180.83 -1.0 -1.0 -1.0 -1000.0 -1000.0 -1000.0 -10.0 0.33738982393617456
Car -1.0 -1 -10.0 607.89 173.42 634.71 186.0 -1.0 -1.0 -1.0 -1000.0 -1000.0 -1000.0 -10.0 0.8349467705190083
Car -1.0 -1 -10.0 483.69 175.36 497.57 184.71 -1.0 -1.0 -1.0 -1000.0 -1000.0 -1000.0 -10.0 0.7497405859934425
