Car 0.0 0 2.04 58.56 194.88 358.1 350.94 1.47 1.66 3.76 -4.72 1.79 9.08 1.58 0.9053639314172924
Car 0.91 1 -2.26 967.74 198.09 1241.0 374.0 1.47 1.6 3.7 3.73 1.67 4.15 -1.56 0.2824122914862568
Car 0.0 1 1.89 301.34 188.08 446.6 271.89 1.43 1.68 3.76 -4.66 1.77 14.67 1.58 0.04139996286936509
Car 0.0 1 -1.91 797.5 184.2 1026.73 322.65 1.49 1.64 3.52 3.74 1.66 9.7 -1.55 0.7810383490752019
Car 0.0 2 1.84 387.59 185.71 491.33 243.31 1.38 1.68 4.34 -4.64 1.77 20.09 1.62 0.34378858933288947
Car 0.0 2 -1.81 729.67 177.81 862.27 262.97 1.5 1.64 4.14 3.61 1.62 14.92 -1.57 0.6027048372035465
Car 0.0 0 1.72 506.24 179.23 548.37 210.13 1.45 1.6 3.2 -4.1 1.78 35.9 1.61 0.5980852258155098
Car 0.0 2 -1.73 709.19 177.2 792.0 237.62 1.51 1.66 3.5 3.75 1.64 19.94 -1.55 0.05531359636745392
Car 0.0 2 -1.69 699.19 175.81 758.52 222.24 1.51 1.61 3.51 4.08 1.63 25.45 -1.54 0.31361052586970684
Car 0.0 2 -1.69 685.93 175.76 737.02 213.18 1.49 1.68 3.8 4.26 1.64 30.98 -1.56 0.26567936578647067
Car -1.0 -1 -10.0 571.66 172.77 623.06 189.24 -1.0 -1.0 -1.0 -1000.0 -1000.0 -1000.0 -10.0 0.2282412685868076
Car -1.0 -1 -10.0 654.46 169.53 680.63 187.94 -1.0 -1.0 -1.0 -1000.0 -1000.0 -1000.0 -10.0 0.3563026696147231
