Car 0.0 0 1.97 222.23 187.68 387.83 283.01 1.56 1.63 3.62 -5.77 1.88 14.02 1.59 0.9874921789827495
Car 0.0 0 -1.96 773.48 178.24 1072.28 359.51 1.51 1.6 3.54 3.01 1.58 7.87 -1.61 0.8681407530673866
Car 0.0 2 -1.9 716.49 175.83 860.59 272.88 1.53 1.5 3.34 3.07 1.61 13.23 -1.67 0.1949253591015122
Car 0.0 1 1.85 343.94 186.21 437.61 249.1 1.46 1.43 3.52 -5.69 1.83 18.97 1.56 0.6724591304747108
Pedestrian 0.0 2 -1.79 761.76 155.15 783.56 219.63 1.96 0.68 0.8 5.02 1.43 22.43 -1.57 0.36753479775206577
Pedestrian 0.0 2 -1.81 783.42 154.68 803.83 219.21 1.94 0.65 0.74 5.56 1.4 22.12 -1.57 0.6905939590041366
Car 0.0 2 -1.76 699.21 177.97 782.13 237.6 1.39 1.45 3.44 3.26 1.54 18.77 -1.59 0.42732703193525723
Car -1.0 -1 -10.0 397.0 174.06 461.98 202.17 -1.0 -1.0 -1.0 -1000.0 -1000.0 -1000.0 -10.0 0.8025526850787841
Car -1.0 -1 -10.0 17.29 195.41 124.32 226.75 -1.0 -1.0 -1.0 -1000.0 -1000.0 -1000.0 -10.0 0.24842292693818346
Car -1.0 -1 -10.0 699.74 122.96 953.61 172.42 -1.0 -1.0 -1.0 -1000.0 -1000.0 -1000.0 -10.0 0.5064306048206946
