Car 0.73 0 -2.35 0.0 198.78 130.84 374.0 1.57 1.47 3.23 -6.87 1.86 7.12 -3.1 0.5397353859368167
Car 0.29 3 -2.52 0.0 201.89 260.47 331.66 1.43 1.57 3.46 -6.58 1.84 9.12 -3.13 0.9868506423003646
Car 0.0 2 -2.66 48.43 164.8 376.02 299.0 1.94 1.75 4.27 -6.21 1.85 11.54 3.14 0.6114335592776013
Car 0.0 0 -2.45 821.36 176.48 1005.61 251.12 1.42 1.56 3.48 6.45 1.53 15.77 -2.07 0.40875679604441373
Car 0.0 0 -1.78 641.78 185.2 699.17 224.93 1.41 1.51 3.45 2.24 1.9 27.96 -1.7 0.5396253277892873
Car 0.0 2 -2.79 217.95 194.27 394.09 265.68 1.49 1.57 3.39 -6.94 2.02 16.6 3.11 0.5261074025165217
Car 0.0 2 -2.79 255.1 191.5 417.03 253.16 1.48 1.62 3.63 -7.14 2.0 18.92 3.13 0.8254172342743077
Car 0.0 2 -2.86 333.97 191.15 470.42 238.57 1.44 1.64 4.01 -6.8 2.08 23.74 -3.14 0.2117693817482117
Car 0.0 1 -1.7 621.3 186.34 662.57 216.12 1.42 1.63 4.15 1.59 2.15 37.78 -1.65 0.8802425956585795
Car -1.0 -1 -10.0 473.98 176.0 613.35 222.22 -1.0 -1.0 -1.0 -1000.0 -1000.0 -1000.0 -10.0 0.06551871665935582
