Car 0.25 1 2.42 1056.42 134.37 1223.0 200.79 1.52 1.76 4.1 13.67 0.44 17.41 3.08 0.13885215475244295
Car 0.0 0 -1.47 496.35 173.19 545.5 209.5 1.5 1.78 3.69 -3.69 1.2 31.5 -1.58 0.2827770323230162
Cyclist 0.0 1 -0.11 695.91 159.87 733.0 194.69 1.74 0.6 1.79 5.57 0.71 36.08 0.04 0.2572535077579282
Cyclist 0.0 0 -0.13 635.21 164.89 669.48 198.96 1.86 0.63 1.82 2.64 1.01 39.42 -0.06 0.2161526302478881
Cyclist 0.0 0 -1.02 348.52 175.84 384.76 216.44 1.7 0.64 1.74 -10.3 1.51 30.58 -1.34 0.7401738143472774
Car 0.0 1 -0.47 917.66 147.51 996.09 171.97 1.55 1.81 4.39 23.75 -0.61 47.8 -0.01 0.5247865129955878
Car -1.0 -1 -10.0 440.33 164.74 482.04 205.81 -1.0 -1.0 -1.0 -1000.0 -1000.0 -1000.0 -10.0 0.48322019023480556
Car -1.0 -1 -10.0 561.46 164.74 586.6 194.98 -1.0 -1.0 -1.0 -1000.0 -1000.0 -1000.0 -10.0 0.7754247995205003
Car -1.0 -1 -10.0 609.27 162.19 626.76 178.4 -1.0 -1.0 -1.0 -1000.0 -1000.0 -1000.0 -10.0 0.3945183121626128
Car -1.0 -1 -10.0 743.78 158.36 762.54 185.41 -1.0 -1.0 -1.0 -1000.0 -1000.0 -1000.0 -10.0 0.7536884671590937
Car -1.0 -1 -10.0 848.33 156.45 910.44 181.59 -1.0 -1.0 -1.0 -1000.0 -1000.0 -1000.0 -10.0 0.18432764858795092
