Car 0.81 0 0.83 0.0 172.59 129.82 374.0 1.66 1.57 3.11 -5.99 1.69 5.81 0.05 0.40232795883356065
Car 0.42 3 0.67 0.0 170.85 288.71 336.41 1.66 1.71 4.34 -6.24 1.67 8.17 0.04 0.48845988274991925
Car 0.01 3 -2.57 0.0 174.13 286.56 291.06 1.58 1.62 3.26 -6.86 1.62 10.74 -3.13 0.3392611359991119
Car 0.0 2 -2.76 128.81 187.21 380.87 280.49 1.51 1.66 3.73 -6.3 1.8 13.04 3.08 0.01569659589341943
Car 0.0 2 -2.71 173.12 178.38 407.74 256.69 1.56 1.57 4.37 -6.82 1.71 15.55 -3.11 0.9013852517150662
Car 0.0 2 -2.9 286.63 172.61 445.42 236.34 1.65 1.68 3.88 -6.72 1.67 20.07 3.07 0.1013033660808752
Car 0.0 2 0.27 312.33 162.15 468.91 232.75 2.08 1.8 4.37 -6.82 1.79 22.64 -0.02 0.12242751064722035
Cyclist 0.0 0 1.63 540.89 177.12 555.0 210.75 1.59 0.58 1.69 -3.04 1.81 35.12 1.54 0.19949686864865568
Car 0.35 0 -1.99 808.83 201.91 1234.94 374.0 1.38 1.49 3.38 2.77 1.68 5.8 -1.57 0.2892951818566162
Car 0.0 2 -0.46 876.62 172.42 1206.32 294.28 1.67 1.6 3.94 6.24 1.7 10.85 0.05 0.5506097787848349
Car 0.0 2 -0.37 836.08 182.25 1064.48 273.78 1.54 1.75 3.36 6.05 1.73 13.24 0.05 0.38165330089544913
Car 0.0 2 -0.33 794.06 184.12 969.27 255.4 1.48 1.52 3.33 5.93 1.75 16.1 0.02 0.9120225712221257
Car 0.0 2 -0.38 784.59 179.13 915.35 241.01 1.5 1.58 2.81 6.12 1.68 18.71 -0.07 0.3193728297704137
Car 0.0 2 2.82 739.97 179.71 892.75 237.1 1.57 1.68 3.97 5.95 1.79 21.21 3.09 0.4416142486285608
Car 0.0 2 -0.29 716.18 182.26 856.87 228.5 1.44 1.65 4.26 5.8 1.78 24.13 -0.06 0.3389589340746798
Car 0.0 2 -0.25 717.74 172.96 833.71 223.96 1.77 1.69 3.82 5.98 1.8 26.44 -0.03 0.496369561864378
Car 0.0 2 -2.96 414.48 175.63 515.62 209.17 1.49 1.59 4.44 -6.79 1.65 33.93 3.13 0.7669704812326227
Car 0.0 2 -2.95 439.82 179.11 526.88 209.92 1.48 1.63 4.1 -6.4 1.82 36.56 -3.13 0.9555656349969563
Car 0.0 0 -1.68 634.34 179.37 671.04 206.83 1.41 1.56 4.08 2.27 1.78 39.65 -1.62 0.7066054017023887
Car 0.0 2 -1.62 627.01 178.2 650.18 197.91 1.43 1.58 3.37 2.12 1.85 54.66 -1.58 0.9720470823563989
Car 0.0 2 -1.59 612.87 168.27 627.87 185.67 2.33 1.96 6.11 1.43 1.76 100.72 -1.57 0.8641713449886705
Car -1.0 -1 -10.0 561.31 168.24 607.53 188.59 -1.0 -1.0 -1.0 -1000.0 -1000.0 -1000.0 -10.0 0.6045911368414243
