Car 0.0 1 -3.03 444.52 177.4 532.37 208.17 1.47 1.53 4.21 -6.12 1.73 36.45 3.09 0.7304129427486105
Car 0.0 0 -1.68 656.98 175.37 702.84 213.77 1.64 1.62 4.2 3.13 1.78 33.32 -1.59 0.032320966149120056
Car 0.0 0 1.68 534.98 181.95 579.91 217.5 1.35 1.47 3.43 -2.14 1.74 29.66 1.61 0.10254738172566058
Car 0.0 1 -2.93 310.78 176.63 473.4 232.06 1.48 1.61 4.24 -6.23 1.62 20.84 3.07 0.45443184432936934
Car 0.0 2 0.43 220.48 177.12 433.86 256.91 1.51 1.55 3.72 -5.7 1.62 14.65 0.07 0.30881789811547444
Car 0.0 2 0.42 100.29 176.71 406.27 282.99 1.58 1.66 4.21 -5.74 1.67 11.88 -0.02 0.963711846486573
Car 0.27 3 -2.53 0.0 173.21 256.3 306.47 1.55 1.5 3.4 -6.66 1.58 9.27 -3.14 0.8924919951923669
Car 0.63 3 0.71 0.0 137.68 235.08 371.77 1.87 1.72 4.1 -6.01 1.62 6.65 -0.01 0.4768938258112264
Car 0.0 0 -1.76 708.13 190.78 827.3 267.33 1.27 1.58 4.03 3.0 1.68 14.71 -1.56 0.3916599263950792
Car 0.57 0 -2.02 799.53 206.08 1241.0 374.0 1.32 1.63 4.1 2.79 1.66 5.57 -1.58 0.35152073262228145
Car -1.0 -1 -10.0 607.24 165.65 651.52 191.82 -1.0 -1.0 -1.0 -1000.0 -1000.0 -1000.0 -10.0 0.00010151212985154423
Car -1.0 -1 -10.0 534.79 168.24 568.72 176.94 -1.0 -1.0 -1.0 -1000.0 -1000.0 -1000.0 -10.0 0.6997313261826877
