Pedestrian 0.0 0 3.14 603.33 167.11 623.57 224.71 1.73 0.84 0.86 0.17 1.3 22.1 3.14 0.6163666221353408
Pedestrian 0.0 0 2.74 613.41 164.78 640.5 229.44 1.81 0.9 0.95 0.75 1.34 20.7 2.77 0.32813230480762323
Pedestrian 0.73 3 -2.31 0.0 162.25 105.49 373.0 1.77 0.85 1.15 -4.21 1.66 4.78 -3.01 0.04040015323537227
Pedestrian 0.0 0 -2.87 69.3 175.32 131.78 305.97 1.75 0.87 1.06 -7.17 1.67 10.22 2.81 0.8426619384825063
Pedestrian 0.0 0 2.15 173.78 165.08 246.07 340.73 1.82 0.87 0.91 -4.3 1.65 7.92 1.66 0.8683844170805919
Pedestrian 0.0 0 2.72 798.0 151.08 875.13 317.88 1.78 0.89 1.06 2.58 1.46 8.2 3.01 0.0596645314510208
Pedestrian 0.02 0 -2.96 1015.97 131.83 1147.87 373.0 1.79 0.8 1.02 3.78 1.43 5.85 -2.41 0.6295948697235739
Pedestrian 0.0 2 -1.27 361.87 171.26 400.81 236.38 1.75 0.83 0.72 -6.05 1.47 19.7 -1.57 0.33680160166158335
Pedestrian 0.0 0 1.7 520.24 165.46 542.71 231.01 1.79 0.89 1.04 -2.04 1.36 20.26 1.59 0.17600912690719572
Car 0.0 0 1.8 357.56 150.76 493.85 255.83 2.11 2.04 4.62 -3.93 1.49 16.88 1.57 0.20153209557422813
Car 0.0 2 1.7 448.66 156.91 525.53 228.98 2.09 1.79 4.99 -3.62 1.37 23.49 1.55 0.36213613024594393
Car -1.0 -1 -10.0 0.0 212.29 40.27 372.0 -1.0 -1.0 -1.0 -1000.0 -1000.0 -1000.0 -10.0 0.37907373806229594
Car -1.0 -1 -10.0 735.53 181.99 795.78 263.52 -1.0 -1.0 -1.0 -1000.0 -1000.0 -1000.0 -10.0 0.5541077479026593
Car -1.0 -1 -10.0 548.54 169.09 567.53 190.01 -1.0 -1.0 -1.0 -1000.0 -1000.0 -1000.0 -10.0 0.7590396356177311
Car -1.0 -1 -10.0 676.85 168.45 692.62 191.95 -1.0 -1.0 -1.0 -1000.0 -1000.0 -1000.0 -10.0 0.7673106776484621
