Car 0.92 0 2.22 0.0 217.86 233.04 374.0 1.46 1.52 3.48 -3.83 1.82 4.21 1.51 0.585103478166632
Car 0.0 1 1.97 148.04 200.05 419.88 355.15 1.39 1.6 3.8 -3.72 1.79 8.91 1.58 0.28362680620879666
Car 0.93 0 -2.21 869.59 186.54 1241.0 374.0 1.46 1.6 4.52 3.01 1.56 3.89 -1.59 0.18469928548851144
Car 0.0 1 -1.87 761.8 171.13 981.17 313.3 1.48 1.56 3.46 3.06 1.48 9.3 -1.57 0.4861708271810309
Car 0.24 3 2.66 1056.71 134.15 1241.0 229.11 2.05 1.8 3.95 12.8 1.23 16.57 -2.98 0.48787026725089
Car 0.0 0 -1.82 647.66 172.03 702.72 209.94 1.51 1.53 3.38 2.69 1.51 30.83 -1.73 0.6108188341672416
Car 0.0 0 -1.87 591.13 176.32 630.8 199.36 1.39 1.54 3.42 -0.0 1.63 45.71 -1.87 0.835395139911409
Car 0.0 2 3.08 772.35 168.47 892.2 218.6 1.53 1.54 3.54 6.99 1.42 23.1 -2.91 0.895712128720989
Car 0.0 1 2.46 549.57 173.64 594.66 192.82 1.56 1.39 3.73 -3.18 1.64 60.68 2.41 0.5524493609210175
Cyclist 0.0 0 1.73 482.57 174.26 496.85 200.84 1.65 0.64 1.51 -7.62 1.74 45.59 1.57 0.9535005759090022
Car -1.0 -1 -10.0 706.86 161.13 745.32 181.48 -1.0 -1.0 -1.0 -1000.0 -1000.0 -1000.0 -10.0 0.6819045807125973
