Car 0.98 1 2.43 0.0 215.02 131.75 374.0 1.38 1.68 4.34 -4.95 1.73 3.95 1.57 0.3085330379302348
Car 0.0 0 1.83 378.56 180.19 469.02 238.91 1.45 1.6 3.2 -5.02 1.66 19.65 1.58 0.39845634911168126
Car 0.91 1 -2.24 934.22 192.92 1241.0 374.0 1.51 1.66 3.5 3.31 1.65 3.84 -1.57 0.6664603912749846
Car 0.0 1 -1.92 787.36 181.67 1024.58 327.35 1.51 1.61 3.51 3.5 1.64 9.34 -1.57 0.13252129935288792
Car 0.0 2 -1.83 724.34 178.8 857.17 262.47 1.49 1.68 3.8 3.53 1.63 14.93 -1.6 0.11636241433334937
Car 0.0 2 1.8 426.51 177.09 501.11 225.6 1.49 1.63 3.68 -4.87 1.65 24.29 1.61 0.739092062274713
Car 0.0 2 -1.75 709.72 176.9 791.65 235.33 1.49 1.61 3.55 3.84 1.62 20.4 -1.57 0.4494610992000494
Car -1.0 -1 -10.0 0.0 273.68 105.09 373.0 -1.0 -1.0 -1.0 -1000.0 -1000.0 -1000.0 -10.0 0.1241244098308284
Car -1.0 -1 -10.0 504.39 179.88 513.74 190.52 -1.0 -1.0 -1.0 -1000.0 -1000.0 -1000.0 -10.0 0.37010045921319323
Car -1.0 -1 -10.0 530.91 172.77 575.19 189.88 -1.0 -1.0 -1.0 -1000.0 -1000.0 -1000.0 -10.0 0.990544623277432
Car -1.0 -1 -10.0 626.65 166.95 681.28 194.41 -1.0 -1.0 -1.0 -1000.0 -1000.0 -1000.0 -10.0 0.8686984824585017
