Car 0.0 0 -1.79 697.78 166.52 853.84 286.11 1.76 1.71 4.35 2.69 1.7 12.9 -1.59 0.7552963082858121
Car 0.54 0 -2.41 0.0 185.52 212.03 348.81 1.52 1.58 3.61 -6.49 1.68 7.63 -3.1 0.9408977884492703
Car 0.19 3 0.53 0.0 184.8 334.04 309.31 1.52 1.71 4.49 -6.44 1.71 9.98 -0.03 0.7610202094030568
Car 0.0 2 -2.62 98.2 185.86 369.88 280.62 1.49 1.61 3.87 -6.4 1.74 12.44 -3.09 0.648645847613074
Car 0.0 2 -2.71 190.61 181.71 392.39 259.98 1.5 1.58 3.47 -6.54 1.7 14.93 -3.12 0.23378350481951515
Car 0.0 2 0.33 273.39 164.91 463.75 242.2 1.95 1.64 4.57 -6.44 1.78 19.42 0.01 0.2643277775667211
Car 0.0 2 -2.78 258.17 176.29 422.6 251.0 1.66 1.58 3.31 -6.37 1.77 17.16 -3.13 0.8158781608493954
Car 0.0 2 -1.77 677.52 183.29 770.37 246.67 1.44 1.66 3.25 2.76 1.72 18.35 -1.63 0.7368032295213047
Car 0.0 2 -2.85 318.22 166.59 452.41 232.42 1.87 1.61 3.53 -6.73 1.72 21.72 3.14 0.14594142269673838
Car 0.0 2 -2.86 357.86 174.58 487.87 223.98 1.72 1.65 4.33 -6.85 1.81 26.54 -3.11 0.9745392465885453
Car 0.0 1 -1.67 641.59 179.1 681.01 210.3 1.45 1.59 3.59 2.47 1.78 35.8 -1.6 0.4978630202894968
Car 0.0 2 -1.68 663.45 178.46 728.46 229.71 1.54 1.67 3.72 2.71 1.74 23.77 -1.57 0.4469953747515486
Car -1.0 -1 -10.0 488.86 170.18 639.88 211.23 -1.0 -1.0 -1.0 -1000.0 -1000.0 -1000.0 -10.0 0.27425689660645136
