Car 0.0 0 1.79 400.6 188.83 505.71 252.59 1.41 1.76 4.4 -3.99 1.86 18.9 1.58 0.19769890432673443
Car 0.9 0 2.35 0.0 206.67 127.3 374.0 1.61 1.64 4.0 -6.5 1.99 6.4 1.58 0.6666909841230788
Car 0.0 1 1.94 245.59 195.43 379.87 267.42 1.43 1.7 3.74 -6.95 2.02 17.19 1.56 0.04863120903967022
Car 0.0 1 -1.63 630.76 177.7 666.56 208.39 1.55 1.66 4.15 2.0 1.82 38.84 -1.58 0.711438656229281
Car 0.0 2 1.72 472.74 185.8 528.0 225.15 1.41 1.66 3.35 -4.29 1.95 28.39 1.57 0.34099711562407087
Car 0.0 1 2.91 727.48 165.76 842.87 201.32 1.47 1.7 4.65 7.61 1.2 31.75 -3.14 0.9037366626051743
Car 0.0 2 2.93 721.51 157.82 820.03 199.38 1.91 1.81 4.33 7.67 1.23 34.83 -3.14 0.16603561375865605
Car 0.0 2 -0.5 933.61 143.92 1038.88 181.61 2.06 2.07 4.94 21.48 0.47 41.37 -0.03 0.6519390201586537
Car -1.0 -1 -10.0 528.97 177.3 559.67 196.35 -1.0 -1.0 -1.0 -1000.0 -1000.0 -1000.0 -10.0 0.7653733346536179
Car -1.0 -1 -10.0 577.48 173.42 593.95 188.59 -1.0 -1.0 -1.0 -1000.0 -1000.0 -1000.0 -10.0 0.8761280953732273
Car -1.0 -1 -10.0 672.57 166.95 716.85 197.65 -1.0 -1.0 -1.0 -1000.0 -1000.0 -1000.0 -10.0 0.7085402317686229
Car -1.0 -1 -10.0 603.36 175.36 628.24 191.83 -1.0 -1.0 -1.0 -1000.0 -1000.0 -1000.0 -10.0 0.06894295254235971
Car -1.0 -1 -10.0 852.4 151.42 930.97 181.47 -1.0 -1.0 -1.0 -1000.0 -1000.0 -1000.0 -10.0 0.9067098824578768
