Pedestrian 0.0 0 -2.65 639.86 144.03 658.19 201.08 1.76 0.53 0.64 1.25 0.64 22.22 -2.59 0.536661794017316
Pedestrian 0.0 1 0.29 309.2 139.76 343.53 250.48 1.92 0.66 0.67 -5.06 1.21 12.63 -0.08 0.6425205641642608
Pedestrian 0.0 1 -2.18 420.03 140.95 442.7 203.65 1.89 0.52 1.08 -5.48 0.7 21.83 -2.42 0.18838437867070212
Pedestrian 0.34 0 1.12 756.89 141.88 931.42 369.0 1.78 0.61 0.88 1.32 1.58 4.15 1.41 0.4291378530584514
Pedestrian 0.28 0 0.92 939.42 159.36 1049.42 369.0 1.67 0.64 0.89 2.47 1.55 4.6 1.38 0.7374028734493907
Pedestrian 0.3 0 0.74 1033.59 129.01 1154.59 369.0 1.82 0.67 0.99 3.18 1.53 4.52 1.32 0.7149868633949629
Pedestrian 0.66 0 0.71 1124.2 129.69 1223.0 369.0 1.75 0.58 0.96 4.03 1.43 4.61 1.4 0.2964908913749641
Car 0.97 3 -1.26 0.0 0.0 267.05 369.0 2.13 1.99 5.19 -3.17 1.67 3.69 -1.93 0.3122715623254084
Car -1.0 -1 -10.0 354.27 134.14 397.26 187.96 -1.0 -1.0 -1.0 -1000.0 -1000.0 -1000.0 -10.0 0.6369946688522302
Car -1.0 -1 -10.0 474.76 141.15 508.82 193.06 -1.0 -1.0 -1.0 -1000.0 -1000.0 -1000.0 -10.0 0.2566483238201205
Car -1.0 -1 -10.0 531.49 143.7 572.57 187.96 -1.0 -1.0 -1.0 -1000.0 -1000.0 -1000.0 -10.0 0.8790700445849766
Car -1.0 -1 -10.0 947.78 115.65 986.94 136.33 -1.0 -1.0 -1.0 -1000.0 -1000.0 -1000.0 -10.0 0.41718864163171476
