Car 0.99 0 0.68 1011.7 167.57 1241.0 374.0 1.46 1.61 3.61 3.36 1.42 2.71 1.52 0.5593752371374446
Car 0.4 0 2.23 0.0 202.03 282.7 374.0 1.48 1.56 4.09 -5.61 1.89 8.2 1.65 0.8127456032108151
Car 0.0 1 -1.97 775.55 173.67 1077.61 338.83 1.46 1.67 3.89 3.26 1.5 8.44 -1.62 0.8367455404544686
Car 0.0 0 1.83 389.61 175.94 471.0 229.3 1.56 1.63 3.62 -5.7 1.68 23.14 1.59 0.12239629810047592
Car 0.0 1 -1.81 694.19 170.05 800.44 242.61 1.51 1.6 3.54 3.06 1.48 16.97 -1.64 0.32389010556442477
Car 0.0 2 -1.82 678.15 169.44 753.21 223.31 1.53 1.5 3.34 3.16 1.46 22.42 -1.68 0.27320588814853675
Car 0.0 2 1.75 438.72 176.73 492.51 216.98 1.46 1.43 3.52 -5.6 1.63 28.15 1.56 0.7082513255444529
Pedestrian 0.0 2 -1.74 725.76 153.76 741.76 200.84 1.96 0.68 0.8 5.14 1.17 30.57 -1.57 0.6810946749426097
Pedestrian 0.0 2 -1.76 744.45 154.29 756.78 201.41 1.94 0.65 0.74 5.77 1.18 30.16 -1.57 0.06911734151690241
Car -1.0 -1 -10.0 153.13 174.71 280.86 198.29 -1.0 -1.0 -1.0 -1000.0 -1000.0 -1000.0 -10.0 0.360119389777401
Car -1.0 -1 -10.0 794.98 152.1 881.48 188.6 -1.0 -1.0 -1.0 -1000.0 -1000.0 -1000.0 -10.0 0.5161020079329711
