Car 0.0 1 -1.7 669.55 179.47 745.33 237.35 1.55 1.66 4.15 2.77 1.76 21.57 -1.58 0.7259319105005573
Car 0.74 0 2.17 0.0 217.53 308.26 374.0 1.41 1.66 3.35 -3.84 1.84 5.39 1.57 0.5350057736506304
Car 0.0 0 2.64 888.59 162.44 1171.31 243.17 1.47 1.7 4.65 8.2 1.31 14.45 -3.14 0.18781924883036272
Car 0.0 2 2.71 847.54 144.37 1061.75 228.82 1.91 1.81 4.33 8.23 1.28 17.6 -3.14 0.42910449631031955
Car 0.0 1 -1.29 364.44 206.3 432.11 241.73 0.91 1.32 2.41 -6.35 1.96 21.7 -1.57 0.9534811827098656
Car 0.0 1 -1.34 400.45 184.28 471.24 234.53 1.63 1.61 3.81 -6.19 2.06 25.88 -1.57 0.060206131235386096
Car 0.0 1 1.96 227.1 196.04 375.53 280.01 1.43 1.57 3.48 -6.21 1.95 14.83 1.57 0.2955747000371093
Car 0.0 0 2.83 783.44 162.12 933.08 215.01 1.63 1.67 4.32 8.03 1.32 23.69 -3.13 0.8232843856383233
Car 0.0 1 1.74 464.39 182.97 509.96 214.99 1.53 1.68 3.86 -6.29 2.07 37.13 1.57 0.20282228034064298
Car 0.0 2 -0.68 1085.49 148.64 1222.72 192.84 1.74 1.8 4.37 22.48 0.79 29.95 -0.04 0.6430708346396011
Car 0.0 2 -0.55 1037.23 150.51 1167.26 186.27 1.55 1.85 4.65 22.56 0.59 33.23 0.04 0.9227135091643283
Car 0.78 3 -0.78 1193.81 129.97 1241.0 194.88 2.06 2.07 4.94 22.44 0.68 23.68 -0.02 0.5635934979090145
Car -1.0 -1 -10.0 510.85 176.65 570.01 208.64 -1.0 -1.0 -1.0 -1000.0 -1000.0 -1000.0 -10.0 0.42346084282264673
Car -1.0 -1 -10.0 601.42 172.12 655.4 197.64 -1.0 -1.0 -1.0 -1000.0 -1000.0 -1000.0 -10.0 0.8116808121372789
Car -1.0 -1 -10.0 702.33 163.07 767.96 186.65 -1.0 -1.0 -1.0 -1000.0 -1000.0 -1000.0 -10.0 0.7361769755140736
