Car 0.04 1 1.18 774.42 193.55 1075.1 374.0 1.47 1.56 3.55 2.96 1.73 7.73 1.54 0.3349956774846695
Car 0.0 1 -1.72 672.35 125.8 796.66 249.43 2.57 1.99 6.64 2.86 1.63 18.45 -1.57 0.044252564243291936
Car 0.0 0 -2.74 235.89 176.22 400.44 246.65 1.58 1.54 3.3 -6.94 1.68 17.25 -3.12 0.3507640089011337
Car 0.0 2 0.32 290.47 174.23 458.77 239.59 1.68 1.71 4.07 -6.43 1.75 19.87 0.01 0.7753193938513545
Car 0.0 2 -2.91 319.78 176.6 475.95 230.02 1.53 1.7 4.32 -6.45 1.67 22.16 3.09 0.1706508935102199
Car 0.0 2 0.1 448.79 179.83 538.54 210.67 1.5 1.66 4.4 -5.96 1.88 37.12 -0.05 0.774014954881473
Car 0.0 2 0.17 433.88 154.47 545.61 208.8 2.86 1.88 5.81 -6.58 1.91 39.74 0.01 0.7003922874475165
Car 0.0 2 -1.65 644.54 181.54 684.39 212.33 1.41 1.62 4.19 2.61 1.85 35.73 -1.58 0.718325277658694
Car -1.0 -1 -10.0 547.73 170.83 635.35 197.0 -1.0 -1.0 -1.0 -1000.0 -1000.0 -1000.0 -10.0 0.9768852193967293
Car -1.0 -1 -10.0 0.0 173.42 19.7 297.27 -1.0 -1.0 -1.0 -1000.0 -1000.0 -1000.0 -10.0 0.42427256925030965
