Cyclist 0.06 3 -2.01 1029.34 108.18 1241.0 362.0 1.9 0.77 1.93 4.52 1.43 6.39 -1.42 0.13469032040267692
Cyclist 0.0 3 -1.74 786.07 160.19 815.96 224.93 1.8 0.52 1.75 5.5 1.46 20.96 -1.48 0.9506250493669509
Pedestrian 0.0 2 -1.84 812.95 165.77 833.34 214.63 1.7 0.69 0.68 7.43 1.46 25.56 -1.56 0.9453948080637148
Pedestrian 0.0 0 -1.87 834.65 165.22 852.18 214.1 1.7 0.48 0.87 8.16 1.44 25.56 -1.57 0.31012337712683846
Car 0.0 2 -1.84 829.5 184.84 849.76 213.14 1.0 0.5 0.77 8.25 1.44 26.05 -1.53 0.9258424290746933
Cyclist 0.0 3 -1.67 732.49 170.6 744.57 203.28 1.64 0.44 1.56 6.55 1.53 36.98 -1.49 0.6240396505823912
Car -1.0 -1 -10.0 856.93 165.65 1022.82 193.11 -1.0 -1.0 -1.0 -1000.0 -1000.0 -1000.0 -10.0 0.4861486909837952
Car -1.0 -1 -10.0 701.68 172.77 725.91 183.41 -1.0 -1.0 -1.0 -1000.0 -1000.0 -1000.0 -10.0 0.9054733031893968
Car -1.0 -1 -10.0 483.69 172.12 509.21 184.7 -1.0 -1.0 -1.0 -1000.0 -1000.0 -1000.0 -10.0 0.16072940598654917
Car -1.0 -1 -10.0 607.24 174.06 634.06 184.7 -1.0 -1.0 -1.0 -1000.0 -1000.0 -1000.0 -10.0 0.8263340036430534
Car -1.0 -1 -10.0 665.81 166.69 772.1 176.11 -1.0 -1.0 -1.0 -1000.0 -1000.0 -1000.0 -10.0 0.9653203500197831
