Car 0.0 0 1.96 213.92 195.14 386.19 292.46 1.53 1.68 3.86 -5.83 2.01 13.99 1.57 0.9015320432105781
Car 0.0 1 1.89 335.52 191.76 441.8 253.76 1.42 1.55 3.85 -5.83 1.97 19.33 1.6 0.023629250791028955
Car 0.0 2 1.8 400.87 188.91 470.86 236.68 1.43 1.48 3.71 -5.82 2.0 24.31 1.56 0.7479316503453458
Car 0.0 2 1.76 440.45 186.39 498.36 223.54 1.4 1.65 4.02 -5.84 1.99 30.2 1.57 0.28642339368122827
Car 0.0 0 2.81 805.17 152.14 932.81 200.44 1.64 1.59 3.99 9.19 0.95 25.89 -3.14 0.24360357373846075
Car 0.0 2 2.81 802.78 151.99 888.34 197.71 1.72 1.68 2.78 9.2 0.94 28.43 3.12 0.7759255424131859
Car 0.0 2 2.84 774.08 155.09 866.55 196.25 1.67 1.67 3.43 8.9 0.96 30.8 3.12 0.27000782915080057
Car 0.68 0 -0.73 1185.12 127.66 1241.0 173.85 1.53 1.85 4.27 22.92 0.0 25.17 0.0 0.26607014400741447
Car 0.3 3 -0.68 1129.93 127.35 1241.0 173.19 1.67 1.85 4.49 23.0 -0.02 27.88 0.01 0.7794335841402406
Car 0.0 2 -0.65 1091.61 133.37 1241.0 172.18 1.53 1.85 4.94 23.6 -0.07 30.75 -0.0 0.7282680138296274
Car 0.0 2 -0.63 1060.24 138.14 1196.07 174.62 1.57 1.85 4.92 23.73 0.05 33.19 -0.01 0.7523294160384283
Car 0.0 1 1.75 481.17 185.07 526.32 214.73 1.43 1.61 4.13 -5.54 2.09 37.82 1.61 0.3107292829723628
Car 0.0 2 -1.68 666.53 173.81 712.78 209.48 1.47 1.6 3.87 3.44 1.54 32.03 -1.57 0.33148460339568675
Car -1.0 -1 -10.0 532.85 177.94 568.08 200.23 -1.0 -1.0 -1.0 -1000.0 -1000.0 -1000.0 -10.0 0.4885084662223761
Car -1.0 -1 -10.0 611.12 171.48 658.64 204.12 -1.0 -1.0 -1.0 -1000.0 -1000.0 -1000.0 -10.0 0.9333245953993653
Car -1.0 -1 -10.0 740.5 174.06 770.55 195.05 -1.0 -1.0 -1.0 -1000.0 -1000.0 -1000.0 -10.0 0.9089935520339157
