Car 0.0 0 -1.59 603.42 180.62 630.88 207.64 1.65 1.67 3.64 0.4 2.16 46.35 -1.58 0.02210857109007236
Cyclist 0.58 0 -2.93 973.42 100.18 1241.0 374.0 1.72 0.47 1.65 2.83 1.38 3.77 -2.33 0.4490732782131025
Pedestrian 0.06 1 2.7 915.84 161.84 999.49 374.0 1.6 0.39 0.4 2.52 1.53 5.35 3.12 0.9579386906504403
Pedestrian 0.0 1 2.29 814.31 172.58 874.28 326.57 1.5 0.4 0.35 2.29 1.5 7.29 2.58 0.18073110035007212
Car 0.0 1 1.9 350.04 193.56 415.94 229.39 1.33 1.46 3.87 -9.53 2.25 30.46 1.6 0.9999313779462735
Cyclist 0.0 2 -3.02 855.54 137.49 1051.2 348.41 1.7 0.48 1.5 2.98 1.43 6.4 -2.6 0.86002303097332
Car -1.0 -1 -10.0 34.11 199.29 53.16 253.92 -1.0 -1.0 -1.0 -1000.0 -1000.0 -1000.0 -10.0 0.575144116506846
Car -1.0 -1 -10.0 122.73 188.29 146.31 235.81 -1.0 -1.0 -1.0 -1000.0 -1000.0 -1000.0 -10.0 0.09872950954948989
Car -1.0 -1 -10.0 494.04 182.47 556.43 202.82 -1.0 -1.0 -1.0 -1000.0 -1000.0 -1000.0 -10.0 0.3153490560673877
Car -1.0 -1 -10.0 213.94 192.82 221.35 200.88 -1.0 -1.0 -1.0 -1000.0 -1000.0 -1000.0 -10.0 0.3718980424675069
Car -1.0 -1 -10.0 77.45 198.0 86.8 218.99 -1.0 -1.0 -1.0 -1000.0 -1000.0 -1000.0 -10.0 0.11440353155018002
