Car 1.0 0 -2.69 925.66 0.0 1241.0 374.0 2.57 1.99 6.64 2.9 1.69 1.09 -1.57 0.8218577350881947
Car 0.0 1 0.52 16.42 172.88 368.02 289.14 1.54 1.78 4.2 -6.05 1.58 10.72 0.01 0.8506845757450693
Car 0.0 2 -2.64 108.44 178.35 329.26 264.85 1.46 1.42 3.25 -7.06 1.58 13.12 -3.13 0.7703563497925887
Car 0.0 2 0.48 173.19 176.12 402.24 253.95 1.54 1.64 4.15 -6.79 1.63 15.33 0.06 0.936651024099058
Car 0.0 2 0.23 307.26 177.49 482.68 235.85 1.5 1.66 4.4 -5.9 1.66 20.05 -0.05 0.8694609704948575
Car 0.0 2 0.29 300.71 132.75 503.61 229.82 2.86 1.88 5.81 -6.44 1.7 22.65 0.01 0.3548279665565771
Car 0.0 0 -1.71 675.46 184.92 764.03 248.4 1.41 1.62 4.19 2.67 1.75 18.63 -1.57 0.9933679250825314
Car 0.0 1 -0.19 751.02 178.45 861.18 224.28 1.42 1.59 3.21 6.31 1.62 23.62 0.07 0.6528792568992159
Car 0.0 0 -1.62 629.89 177.13 651.43 193.2 1.32 1.63 4.1 2.59 1.7 62.01 -1.58 0.9512036705336016
Car 0.0 0 1.23 788.77 194.12 869.65 303.33 1.45 0.51 1.9 3.18 1.79 10.79 1.51 0.23744628877050022
Car -1.0 -1 -10.0 507.62 170.83 610.12 204.11 -1.0 -1.0 -1.0 -1000.0 -1000.0 -1000.0 -10.0 0.3438083466437417
Car -1.0 -1 -10.0 0.0 200.58 85.68 367.12 -1.0 -1.0 -1.0 -1000.0 -1000.0 -1000.0 -10.0 0.5240572099319457
