Car 0.88 0 0.8 0.0 130.34 105.73 374.0 2.08 1.8 4.37 -7.29 1.75 6.3 -0.04 0.8705346443793354
Cyclist 0.0 0 1.79 378.97 183.35 439.49 289.44 1.59 0.58 1.69 -3.29 1.77 11.77 1.52 0.4960294676302728
Car 0.9 0 2.24 1098.85 186.11 1241.0 374.0 1.57 1.68 3.97 5.77 1.66 4.84 3.08 0.8223030614638903
Car 0.32 3 -0.67 898.81 188.32 1241.0 348.59 1.44 1.65 4.26 5.51 1.64 7.74 -0.07 0.8098591267198589
Car 0.0 2 -0.54 858.58 161.46 1200.67 302.79 1.77 1.69 3.82 5.67 1.65 10.12 -0.04 0.06562423974131015
Car 0.0 1 -2.78 202.45 182.89 413.59 249.96 1.49 1.59 4.44 -7.23 1.76 17.47 3.11 0.8505924775187468
Car 0.0 2 -2.81 275.25 183.21 443.61 240.81 1.48 1.63 4.1 -6.9 1.8 20.03 -3.14 0.3927980771462122
Car 0.0 2 0.31 344.52 179.46 450.0 225.28 1.52 1.48 3.23 -7.43 1.77 25.23 0.02 0.7301333329899121
Car 0.0 0 -1.71 634.1 179.95 701.01 228.51 1.41 1.56 4.08 1.73 1.65 23.34 -1.64 0.30435044294151303
Car 0.0 2 0.28 414.64 177.21 499.35 210.29 1.52 1.64 3.65 -7.33 1.75 34.62 0.07 0.35858794472524713
Car 0.0 1 -1.63 618.62 175.98 652.22 204.42 1.43 1.58 3.37 1.28 1.62 38.38 -1.59 0.40679049765743214
Car 0.0 2 -1.57 600.0 165.17 617.62 186.05 2.33 1.96 6.11 -0.14 1.51 84.39 -1.57 0.2307266308931466
Car -1.0 -1 -10.0 0.0 209.64 96.03 373.0 -1.0 -1.0 -1.0 -1000.0 -1000.0 -1000.0 -10.0 0.9439154378394835
Car -1.0 -1 -10.0 504.39 163.07 597.19 197.0 -1.0 -1.0 -1.0 -1000.0 -1000.0 -1000.0 -10.0 0.24083315395589544
