Car 0.0 0 1.75 438.91 171.93 537.88 252.06 1.7 1.63 4.08 -2.85 1.71 17.5 1.59 0.02157093936322496
Car 0.37 0 -1.98 803.1 184.61 1220.06 374.0 1.59 1.59 2.47 2.44 1.69 5.1 -1.55 0.11511874256685883
Cyclist 0.0 3 1.63 557.93 171.33 588.55 261.71 1.81 0.55 1.19 -0.8 1.79 15.1 1.58 0.2623409660139979
Car 0.0 1 -1.75 726.63 191.29 895.69 315.47 1.37 1.59 3.22 2.53 1.66 9.91 -1.51 0.9552506147759842
Car 0.0 1 -1.41 502.82 182.12 567.59 225.9 1.4 1.67 3.72 -2.59 1.74 25.38 -1.51 0.38896250534384513
Car 0.0 0 1.51 644.21 177.53 676.25 204.33 1.49 1.61 3.74 2.88 1.78 42.33 1.57 0.42721667257910556
Car 0.0 3 1.72 572.04 169.33 601.02 192.19 1.85 1.84 4.06 -1.96 1.59 60.92 1.69 0.21277930492664554
Car 0.09 1 -2.58 0.0 170.29 320.85 283.07 1.59 1.63 4.43 -7.1 1.59 11.25 -3.13 0.5955611111010969
Car -1.0 -1 -10.0 602.71 166.95 619.18 187.3 -1.0 -1.0 -1.0 -1000.0 -1000.0 -1000.0 -10.0 0.6430679137306842
Car -1.0 -1 -10.0 667.4 163.71 672.22 172.41 -1.0 -1.0 -1.0 -1000.0 -1000.0 -1000.0 -10.0 0.6821516493055674
