Car 0.99 0 -2.36 945.13 177.69 1241.0 374.0 1.55 1.66 4.15 3.05 1.57 2.76 -1.58 0.5607219445685181
Car 0.62 1 -0.91 0.0 199.64 230.34 374.0 1.63 1.61 3.81 -5.83 1.97 7.48 -1.55 0.7705607816086908
Car 0.0 0 1.86 330.46 186.13 442.08 254.34 1.53 1.68 3.86 -5.67 1.9 18.63 1.57 0.6546961066288609
Car 0.0 2 1.83 400.85 186.02 477.97 233.93 1.42 1.55 3.85 -5.61 1.88 24.0 1.6 0.15859581809014744
Car 0.0 2 1.75 443.01 183.76 497.49 222.72 1.43 1.48 3.71 -5.56 1.88 28.9 1.56 0.8048864321844984
Car 0.0 2 1.72 471.31 182.89 518.51 214.39 1.4 1.65 4.02 -5.52 1.9 34.82 1.56 0.1597511359938687
Car 0.0 1 2.85 782.77 154.41 889.68 195.34 1.64 1.59 3.99 9.45 0.91 30.42 -3.14 0.7235714184146269
Car 0.0 2 2.87 756.29 156.1 835.9 191.9 1.67 1.67 3.43 9.03 0.9 35.29 3.12 0.05680104101373573
Car 0.05 0 -0.66 1107.58 133.23 1241.0 173.32 1.53 1.85 4.27 23.15 -0.01 29.57 0.0 0.0781456057112826
Car 0.0 2 -0.61 1065.54 135.26 1196.74 175.01 1.67 1.85 4.49 23.2 0.07 32.27 0.01 0.5172077913493249
Car 0.0 2 -0.59 1036.7 140.17 1164.17 173.82 1.53 1.85 4.94 23.84 0.01 35.23 -0.0 0.8335026086711625
Car 0.0 2 -0.58 1011.22 141.36 1128.71 173.61 1.57 1.85 4.92 23.8 0.01 37.48 -0.01 0.37441708965585674
Car 0.0 1 1.74 501.92 180.86 540.94 206.64 1.43 1.61 4.13 -5.2 1.91 42.55 1.61 0.3489416464939564
Car 0.0 2 -1.67 665.64 171.65 705.02 202.59 1.47 1.6 3.87 3.74 1.44 36.62 -1.57 0.9506166501661104
Car -1.0 -1 -10.0 547.08 174.71 578.42 196.35 -1.0 -1.0 -1.0 -1000.0 -1000.0 -1000.0 -10.0 0.11134183791250707
Car -1.0 -1 -10.0 616.94 168.24 659.28 197.0 -1.0 -1.0 -1.0 -1000.0 -1000.0 -1000.0 -10.0 0.12267898079825168
Car -1.0 -1 -10.0 733.38 172.77 752.43 188.59 -1.0 -1.0 -1.0 -1000.0 -1000.0 -1000.0 -10.0 0.06187140956983794
