Pedestrian 0.0 1 -1.62 562.91 163.55 590.91 239.94 1.73 0.84 0.86 -0.59 1.32 16.79 -1.66 0.17491351194460625
Pedestrian 0.0 1 -1.79 611.28 159.75 641.94 240.1 1.81 0.9 0.95 0.42 1.32 16.75 -1.77 0.2945010470315813
Pedestrian 0.0 2 -1.41 342.4 165.32 367.73 238.42 1.79 0.86 1.02 -6.37 1.4 18.24 -1.75 0.0463451488045129
Pedestrian 0.0 0 -2.42 549.93 166.16 578.93 251.2 1.71 0.71 1.03 -1.01 1.4 15.0 -2.49 0.6483141429980043
Pedestrian 0.0 0 -3.12 678.82 146.26 750.48 331.02 1.77 0.85 1.15 0.98 1.44 7.38 -2.99 0.8804013628267934
Pedestrian 0.0 1 1.88 1162.78 134.25 1235.11 308.62 1.73 0.69 0.56 6.11 1.26 7.57 2.53 0.23307546069052532
Pedestrian 0.0 0 -2.21 618.95 160.53 654.28 247.97 1.75 0.87 1.06 0.89 1.33 15.02 -2.16 0.9346420381200117
Pedestrian 0.0 0 -2.84 747.7 160.58 807.7 300.61 1.61 0.62 0.96 2.01 1.37 8.78 -2.62 0.3020262172478414
Car 0.0 0 1.88 301.19 152.65 512.89 299.18 1.82 1.8 4.4 -2.75 1.46 11.19 1.64 0.029068955239655914
Car 0.0 2 1.75 371.81 150.19 473.02 231.73 2.11 2.04 4.62 -5.11 1.29 21.1 1.51 0.05393277392419693
Car 0.0 2 1.68 432.79 156.59 494.59 216.4 2.09 1.79 4.99 -5.23 1.21 27.79 1.49 0.691214092338532
Car -1.0 -1 -10.0 531.78 163.93 540.45 184.21 -1.0 -1.0 -1.0 -1000.0 -1000.0 -1000.0 -10.0 0.47100274913124296
