Car 0.0 0 -1.57 574.8 174.86 610.54 207.44 1.6 1.76 3.84 -0.81 1.08 37.6 -1.59 0.9503292912340566
Car 0.48 0 -0.94 0.0 201.93 169.22 311.49 1.22 1.65 3.65 -8.33 1.53 10.45 -1.6 0.4266167915099751
Car 0.0 0 -1.24 271.05 188.59 434.19 284.94 1.42 1.61 3.56 -4.37 1.51 12.76 -1.57 0.19270852931136484
Car 0.0 2 -1.2 256.69 177.19 362.94 238.3 1.61 1.61 3.68 -8.6 1.4 20.99 -1.59 0.4372314980782841
Car 0.0 1 -1.36 410.87 182.74 490.66 233.3 1.43 1.64 3.99 -4.88 1.37 22.7 -1.57 0.6890554455883726
Car 0.0 1 -1.42 474.3 182.43 522.55 215.07 1.35 1.57 3.72 -4.84 1.23 32.04 -1.57 0.19969217083153712
Car 0.0 0 -1.49 517.83 168.01 550.02 203.28 2.23 1.88 2.54 -4.82 1.13 47.05 -1.59 0.9496296159743393
Car 0.0 1 -0.98 9.61 162.24 204.25 251.08 1.95 1.83 4.37 -12.35 1.44 18.1 -1.57 0.28833732813481006
Car -1.0 -1 -10.0 211.18 162.29 275.46 188.44 -1.0 -1.0 -1.0 -1000.0 -1000.0 -1000.0 -10.0 0.9404913359847836
Car -1.0 -1 -10.0 463.91 166.82 510.74 181.33 -1.0 -1.0 -1.0 -1000.0 -1000.0 -1000.0 -10.0 0.8121417384925919
