Pedestrian 0.0 0 3.06 453.31 161.41 468.64 199.6 1.86 0.57 1.08 -7.3 1.31 35.67 2.86 0.1144459602891188
Car 0.0 1 1.24 409.82 154.03 466.82 197.37 2.21 1.76 4.11 -9.36 1.28 39.0 1.01 0.7949062849654833
Car 0.0 1 -2.01 450.25 163.36 506.48 195.59 1.75 1.57 4.07 -7.59 1.26 41.2 -2.19 0.7031978533786392
Car 0.0 1 -2.05 499.34 163.59 565.43 191.46 1.54 1.71 5.03 -4.66 1.06 42.42 -2.16 0.5477012157120378
Car 0.0 1 0.92 649.83 153.45 714.72 188.7 2.14 1.77 4.44 4.54 0.99 46.19 1.01 0.3705236249700087
Car 0.0 2 -2.23 683.57 161.64 732.0 185.38 1.53 1.41 3.4 6.5 0.83 48.39 -2.1 0.7739592529930376
Car 0.0 1 -2.41 723.89 159.22 776.45 184.46 1.69 1.61 3.36 9.73 0.8 50.36 -2.22 0.2734343935996961
Car 0.0 1 -2.47 752.41 164.77 811.96 184.72 1.44 1.62 4.26 12.91 0.88 54.37 -2.24 0.857416862679663
Car 0.0 1 -2.41 789.2 164.45 833.31 184.56 1.48 1.61 2.86 15.24 0.88 54.78 -2.14 0.31628743944672644
Car 0.0 1 -2.4 811.24 165.78 860.37 184.75 1.41 1.5 3.48 17.32 0.91 55.51 -2.1 0.7316560075675894
Car 0.0 1 0.76 832.82 162.98 890.4 182.8 1.48 1.48 4.41 19.58 0.76 56.36 1.09 0.6965424212329814
Car 0.0 3 0.51 876.49 153.59 937.76 181.19 2.17 1.89 4.27 24.48 0.67 59.58 0.9 0.7759063494666103
Car 0.0 1 0.47 902.07 161.52 956.53 180.22 1.5 1.67 3.84 26.9 0.6 60.89 0.88 0.4274972043156716
Car 0.0 2 0.51 927.63 162.46 975.41 179.6 1.41 1.57 3.36 29.39 0.56 62.17 0.95 0.08891641016835405
Car -1.0 -1 -10.0 593.01 155.95 616.59 167.24 -1.0 -1.0 -1.0 -1000.0 -1000.0 -1000.0 -10.0 0.5833479359394762
Car -1.0 -1 -10.0 307.09 153.36 405.71 164.65 -1.0 -1.0 -1.0 -1000.0 -1000.0 -1000.0 -10.0 0.9484677787850129
Car -1.0 -1 -10.0 983.07 132.02 1197.48 178.24 -1.0 -1.0 -1.0 -1000.0 -1000.0 -1000.0 -10.0 0.6888648532171274
Car -1.0 -1 -10.0 1221.8 145.6 1240.0 166.59 -1.0 -1.0 -1.0 -1000.0 -1000.0 -1000.0 -10.0 0.8004538824068179
