Pedestrian 0.0 2 -2.65 642.49 145.68 664.83 202.48 1.76 0.53 0.64 1.54 0.68 22.32 -2.58 0.6568582102743001
Pedestrian 0.0 1 0.93 252.09 138.2 291.22 258.47 1.92 0.66 0.67 -5.64 1.24 11.72 0.5 0.3144709803781489
Pedestrian 0.28 0 0.66 1007.01 144.42 1129.65 369.0 1.81 0.75 0.96 3.05 1.6 4.71 1.21 0.7538751537309549
Pedestrian 0.22 0 1.03 882.85 136.58 996.34 369.0 1.81 0.82 0.89 2.21 1.54 4.82 1.44 0.46648116969814224
Pedestrian 0.0 1 -3.12 746.52 145.47 784.28 219.67 1.89 0.52 1.08 4.15 1.0 18.36 -2.9 0.28039929325535684
Pedestrian 0.12 0 1.16 576.57 129.72 670.11 369.0 1.8 0.58 0.92 0.1 1.46 5.23 1.18 0.6788370546754067
Pedestrian 0.0 1 1.06 603.91 165.98 669.6 366.98 1.62 0.52 0.87 0.38 1.51 6.21 1.12 0.26560780345285384
Pedestrian 0.0 0 1.09 673.45 139.13 737.83 359.89 1.85 0.55 0.95 0.82 1.5 6.45 1.22 0.4433094371167722
Pedestrian 0.0 1 1.0 720.08 173.99 780.55 351.01 1.56 0.56 0.77 1.33 1.51 6.71 1.19 0.49574373329322685
Pedestrian 0.0 1 1.04 759.08 148.86 824.87 336.94 1.77 0.64 0.89 1.84 1.47 7.16 1.28 0.6597302634258807
Pedestrian 0.0 0 0.82 835.59 161.44 901.64 346.11 1.63 0.64 0.88 2.48 1.46 6.77 1.15 0.2136332486653243
Pedestrian 0.0 0 1.05 271.37 165.6 349.49 349.62 1.63 0.56 0.84 -2.95 1.5 6.73 0.65 0.6472736903519364
Pedestrian 0.0 0 1.1 526.2 140.78 574.07 261.78 1.78 0.61 0.88 -0.88 1.19 10.94 1.03 0.7766354058189779
Pedestrian 0.0 2 1.24 602.27 148.67 661.22 260.8 1.67 0.64 0.89 0.37 1.19 11.06 1.27 0.7989066767076206
Pedestrian 0.0 1 1.24 637.99 138.72 700.61 259.51 1.82 0.67 0.99 0.97 1.19 11.21 1.32 0.4694274140160418
Pedestrian 0.0 1 1.09 705.78 139.58 767.99 253.1 1.75 0.58 0.96 2.08 1.12 11.44 1.27 0.8463645672821815
Car 0.97 3 -1.26 0.0 0.0 267.28 369.0 2.13 1.99 5.19 -3.17 1.67 3.69 -1.93 0.7222334050419721
Car -1.0 -1 -10.0 488.14 140.51 509.45 181.58 -1.0 -1.0 -1.0 -1000.0 -1000.0 -1000.0 -10.0 0.8130627281498884
Car -1.0 -1 -10.0 428.86 145.61 441.88 180.95 -1.0 -1.0 -1.0 -1000.0 -1000.0 -1000.0 -10.0 0.9655274404984044
Car -1.0 -1 -10.0 316.02 139.24 371.76 187.97 -1.0 -1.0 -1.0 -1000.0 -1000.0 -1000.0 -10.0 0.7424262533890615
Car -1.0 -1 -10.0 953.52 114.37 1222.0 135.05 -1.0 -1.0 -1.0 -1000.0 -1000.0 -1000.0 -10.0 0.535846708940192
Car -1.0 -1 -10.0 802.43 129.67 845.42 136.96 -1.0 -1.0 -1.0 -1000.0 -1000.0 -1000.0 -10.0 0.40936318331360977
