Pedestrian 0.0 0 -3.01 310.84 161.18 331.17 205.74 1.86 0.57 1.08 -12.13 1.38 30.63 2.9 0.7267580960364706
Car 0.0 1 1.29 280.18 153.25 345.69 203.55 2.21 1.76 4.11 -14.02 1.38 33.86 0.9 0.0090743506432579
Car 0.0 1 -1.98 328.95 164.12 393.76 200.86 1.75 1.57 4.07 -12.59 1.36 36.32 -2.32 0.8373760037379292
Car 0.0 0 -2.04 386.87 164.82 461.6 196.17 1.54 1.71 5.03 -9.85 1.18 37.88 -2.29 0.5245342459780719
Car 0.0 1 0.91 556.45 155.58 626.35 193.74 2.14 1.77 4.44 -1.18 1.2 42.78 0.88 0.3780430458258587
Car 0.0 2 -2.26 593.15 163.68 645.23 189.11 1.53 1.41 3.4 0.52 1.0 45.24 -2.24 0.13090982538479523
Car 0.0 1 -2.42 635.16 161.09 690.07 187.73 1.69 1.61 3.36 3.42 0.97 47.58 -2.35 0.931463656761634
Car 0.0 1 -2.44 665.3 166.64 725.5 187.4 1.44 1.62 4.26 6.1 1.04 52.02 -2.32 0.22104056074897516
Car 0.0 1 -2.35 703.3 166.67 747.33 187.55 1.48 1.61 2.86 8.38 1.06 52.71 -2.19 0.47884375757870534
Car 0.0 1 -2.44 724.62 167.39 774.73 187.09 1.41 1.5 3.48 10.3 1.04 53.45 -2.25 0.6532387000304588
Car 0.0 1 0.74 745.85 165.63 803.68 185.91 1.48 1.48 4.41 12.43 0.98 54.75 0.96 0.9552536329049441
Car 0.0 3 0.5 787.67 155.6 847.65 183.56 2.17 1.89 4.27 16.83 0.85 58.62 0.77 0.4661616806458089
Car 0.0 1 0.45 814.1 164.26 867.0 183.06 1.5 1.67 3.84 19.2 0.83 60.22 0.75 0.8512482596633572
Car 0.0 2 0.49 835.53 163.46 881.37 180.63 1.41 1.57 3.36 21.31 0.65 61.99 0.82 0.011659006104384195
Car -1.0 -1 -10.0 497.92 159.18 522.15 171.76 -1.0 -1.0 -1.0 -1000.0 -1000.0 -1000.0 -10.0 0.25719590947707915
Car -1.0 -1 -10.0 168.01 154.01 272.45 176.3 -1.0 -1.0 -1.0 -1000.0 -1000.0 -1000.0 -10.0 0.6013561863098397
Car -1.0 -1 -10.0 885.4 151.42 967.2 179.53 -1.0 -1.0 -1.0 -1000.0 -1000.0 -1000.0 -10.0 0.43196738568531257
Car -1.0 -1 -10.0 1138.3 150.78 1173.52 175.01 -1.0 -1.0 -1.0 -1000.0 -1000.0 -1000.0 -10.0 0.24312873376427468
Car -1.0 -1 -10.0 1176.5 155.3 1240.0 164.65 -1.0 -1.0 -1.0 -1000.0 -1000.0 -1000.0 -10.0 0.08813899193954022
Car -1.0 -1 -10.0 1077.3 152.1 1111.72 164.64 -1.0 -1.0 -1.0 -1000.0 -1000.0 -1000.0 -10.0 0.1981841105954555
