Car 0.95 1 2.38 0.0 224.12 114.25 374.0 1.4 1.65 4.02 -5.9 1.91 5.3 1.57 0.843566562154913
Car 0.7 3 2.38 1104.34 150.47 1241.0 297.01 1.57 1.62 3.69 8.24 1.32 8.57 3.13 0.0819058048674407
Car 0.0 0 2.04 164.21 198.18 376.25 302.21 1.43 1.61 4.13 -5.75 1.93 12.73 1.63 0.333434503653113
Car 0.14 0 -2.01 814.44 183.36 1214.89 374.0 1.47 1.6 3.87 3.27 1.59 6.85 -1.58 0.9209160147103054
Car 0.0 1 -1.82 733.07 177.24 891.1 287.19 1.57 1.57 4.04 3.22 1.66 12.44 -1.57 0.8418347793388019
Car 0.0 1 1.87 333.37 190.8 435.78 257.63 1.48 1.5 3.58 -5.7 1.98 18.52 1.57 0.5762301845050342
Car 0.0 1 1.37 687.3 180.77 764.58 232.99 1.46 1.61 3.61 3.43 1.71 22.19 1.52 0.5221349618905091
Car 0.0 1 1.84 429.21 186.1 498.93 229.13 1.48 1.56 4.09 -5.55 2.02 27.72 1.65 0.039568068888110486
Car 0.0 2 -1.74 667.45 181.64 728.63 222.87 1.46 1.67 3.89 3.3 1.81 27.96 -1.63 0.24918106875131685
Car 0.0 1 1.69 495.95 180.82 531.18 208.7 1.56 1.63 3.62 -5.69 2.04 42.71 1.56 0.8218370609777136
Car 0.0 1 -1.72 652.37 178.45 694.57 210.18 1.51 1.6 3.54 3.13 1.81 36.51 -1.63 0.1510265960679571
Car 0.0 0 -2.28 550.92 174.87 595.85 191.68 1.5 1.71 4.35 -3.43 1.72 66.71 -2.33 0.7535473203023382
Car -1.0 -1 -10.0 671.28 151.42 713.62 172.41 -1.0 -1.0 -1.0 -1000.0 -1000.0 -1000.0 -10.0 0.1551995479213879
Car -1.0 -1 -10.0 0.0 186.35 101.85 222.22 -1.0 -1.0 -1.0 -1000.0 -1000.0 -1000.0 -10.0 0.8620636344886886
Car -1.0 -1 -10.0 283.15 180.53 358.48 197.64 -1.0 -1.0 -1.0 -1000.0 -1000.0 -1000.0 -10.0 0.06339638783191781
