Car 0.91 0 2.29 0.0 200.54 179.41 374.0 1.62 1.66 3.81 -5.03 1.88 5.1 1.54 0.9204582702359521
Cyclist 0.0 0 1.87 368.12 171.26 440.2 284.53 1.85 0.63 2.07 -3.66 1.84 12.85 1.6 0.6021903884237733
Cyclist 0.0 0 1.75 422.67 175.51 478.01 277.94 1.76 0.66 1.83 -2.96 1.82 13.34 1.54 0.6524881744641801
Car 0.0 2 1.82 365.38 187.01 466.5 245.28 1.46 1.67 4.92 -5.61 1.91 21.35 1.57 0.0858034041507677
Cyclist 0.0 0 1.68 502.68 174.73 526.52 224.03 1.78 0.66 1.9 -3.6 1.86 27.08 1.55 0.44205730217153993
Car 0.0 1 1.79 489.92 182.18 538.33 209.8 1.42 1.73 4.41 -5.29 1.96 40.16 1.66 0.20473535945252797
Car 0.0 1 -1.55 638.92 175.76 672.43 203.28 1.51 1.84 4.1 2.67 1.7 42.07 -1.49 0.5133784533612845
Car 1.0 0 -2.51 988.55 158.97 1241.0 374.0 1.61 1.67 3.62 2.59 1.56 1.58 -1.57 0.6299556864749637
Car -1.0 -1 -10.0 615.65 168.89 637.94 186.65 -1.0 -1.0 -1.0 -1000.0 -1000.0 -1000.0 -10.0 0.04040577939812684
Car -1.0 -1 -10.0 706.86 160.48 724.62 210.58 -1.0 -1.0 -1.0 -1000.0 -1000.0 -1000.0 -10.0 0.13347947603766397
Car -1.0 -1 -10.0 675.16 174.71 681.28 194.41 -1.0 -1.0 -1.0 -1000.0 -1000.0 -1000.0 -10.0 0.7905004186002587
