Car 0.0 0 -1.57 570.39 180.43 602.81 210.01 1.6 1.76 3.84 -1.23 1.34 41.26 -1.6 0.03503253392946615
Car 0.73 1 -0.86 0.0 199.78 114.79 311.41 1.37 1.54 3.4 -8.58 1.62 9.62 -1.57 0.7310640577555595
Car 0.0 0 -1.1 31.73 197.26 362.49 349.14 1.38 1.71 4.49 -4.86 1.6 9.34 -1.57 0.3132597919791156
Car 0.0 1 -1.21 241.78 184.92 359.86 249.68 1.54 1.65 3.82 -8.17 1.55 19.43 -1.61 0.6307145196903607
Car 0.0 1 -1.27 325.89 184.21 410.39 231.32 1.49 1.67 4.05 -8.37 1.48 25.37 -1.59 0.16529882647761107
Car 0.0 0 -1.39 397.44 138.87 504.15 241.97 2.74 2.09 5.96 -4.66 1.49 22.24 -1.59 0.5160249062145164
Car 0.0 1 -1.46 485.29 184.02 528.9 216.64 1.41 1.58 3.99 -4.71 1.38 33.91 -1.6 0.6150123246718708
Car 0.0 1 -1.46 504.13 185.92 536.18 210.09 1.42 1.61 3.56 -5.49 1.48 45.21 -1.58 0.4235778069698336
Car 0.0 2 -1.07 123.6 182.28 261.14 245.69 1.59 1.71 3.74 -11.5 1.52 20.15 -1.58 0.3484254385413714
Car -1.0 -1 -10.0 538.88 173.93 553.39 198.14 -1.0 -1.0 -1.0 -1000.0 -1000.0 -1000.0 -10.0 0.9411731375318053
