Car 0.0 0 -1.59 590.11 166.14 617.54 195.85 2.85 2.63 12.34 -0.76 2.28 76.16 -1.6 0.39815346322121614
Car 0.02 1 2.22 0.0 198.43 108.18 248.9 1.54 1.85 2.47 -18.86 2.45 24.48 1.57 0.9285169266229745
Car -1.0 -1 -10.0 242.4 193.47 275.68 211.88 -1.0 -1.0 -1.0 -1000.0 -1000.0 -1000.0 -10.0 0.16579556851710853
Car -1.0 -1 -10.0 310.97 187.65 355.25 207.35 -1.0 -1.0 -1.0 -1000.0 -1000.0 -1000.0 -10.0 0.2142581799633443
Car -1.0 -1 -10.0 467.51 181.18 485.92 191.18 -1.0 -1.0 -1.0 -1000.0 -1000.0 -1000.0 -10.0 0.06678342374587476
Car -1.0 -1 -10.0 517.97 177.3 538.96 190.53 -1.0 -1.0 -1.0 -1000.0 -1000.0 -1000.0 -10.0 0.7610578128711915
Car -1.0 -1 -10.0 559.37 176.0 579.72 193.76 -1.0 -1.0 -1.0 -1000.0 -1000.0 -1000.0 -10.0 0.9892231860519742
Car -1.0 -1 -10.0 940.38 176.65 1000.83 195.7 -1.0 -1.0 -1.0 -1000.0 -1000.0 -1000.0 -10.0 0.3642762908417708
Car -1.0 -1 -10.0 775.43 185.71 797.07 196.35 -1.0 -1.0 -1.0 -1000.0 -1000.0 -1000.0 -10.0 0.8442370839651132
Car -1.0 -1 -10.0 842.05 186.35 888.92 195.05 -1.0 -1.0 -1.0 -1000.0 -1000.0 -1000.0 -10.0 0.2897169681424323
