Car 0.36 0 -2.61 0.0 177.69 263.69 318.09 1.65 1.68 3.88 -6.95 1.74 9.47 3.05 0.3280864136766488
Car 0.0 2 0.49 7.15 150.11 335.42 287.87 2.08 1.8 4.37 -7.17 1.76 12.07 -0.04 0.10446220011188856
Cyclist 0.0 0 1.69 476.48 176.75 505.08 236.73 1.59 0.58 1.69 -3.34 1.71 20.07 1.53 0.6391682911006424
Car 0.8 0 -0.77 1080.65 191.04 1241.0 374.0 1.48 1.52 3.33 5.79 1.63 5.61 0.0 0.4992414505890075
Car 0.22 3 -0.68 969.63 186.2 1241.0 338.69 1.5 1.58 2.81 5.86 1.67 8.2 -0.08 0.9679064991949505
Car 0.0 2 2.6 848.12 183.31 1177.44 303.19 1.57 1.68 3.97 5.77 1.75 10.7 3.08 0.06668441935149483
Car 0.0 2 -0.45 780.92 185.72 1043.41 271.21 1.44 1.65 4.26 5.53 1.71 13.59 -0.07 0.4562606978092447
Car 0.0 2 -0.38 771.23 170.29 972.62 256.65 1.77 1.69 3.82 5.66 1.74 15.99 -0.04 0.6137639951377905
Car 0.0 2 -2.87 305.64 182.43 459.2 232.27 1.49 1.59 4.44 -7.27 1.83 23.2 3.11 0.5037487394106768
Car 0.0 2 -2.88 352.25 180.79 479.13 224.8 1.48 1.63 4.1 -6.93 1.79 25.87 -3.14 0.8212794164291177
Car 0.0 0 -1.69 631.14 178.51 682.94 216.7 1.41 1.56 4.08 1.79 1.66 29.09 -1.63 0.06762447300763685
Car 0.0 2 -1.62 618.46 177.18 647.49 201.75 1.43 1.58 3.37 1.35 1.71 44.16 -1.59 0.7410076074829327
Car 0.0 2 -1.58 602.99 167.79 619.45 187.29 2.33 1.96 6.11 0.14 1.76 90.15 -1.57 0.8826699936395559
Car -1.0 -1 -10.0 510.85 168.24 598.47 196.35 -1.0 -1.0 -1.0 -1000.0 -1000.0 -1000.0 -10.0 0.08665827257306491
