Car 0.09 0 1.98 81.15 193.26 408.56 374.0 1.51 1.55 3.92 -3.54 1.78 7.76 1.57 0.9333176674932931
Car 0.14 0 -1.98 769.12 176.92 1149.05 374.0 1.48 1.56 3.62 2.64 1.53 6.53 -1.61 0.29349632054278185
Car 0.0 1 -1.83 696.82 175.69 863.15 276.22 1.39 1.54 4.6 2.62 1.46 12.4 -1.62 0.5549268554861049
Car 0.0 1 1.85 326.94 188.78 481.84 281.71 1.4 1.62 4.26 -3.68 1.74 13.53 1.59 0.1970101182411369
Car 0.0 2 1.74 415.43 182.38 497.41 244.18 1.46 1.52 3.48 -4.0 1.72 19.05 1.54 0.8157597445034883
Car 0.0 2 1.72 459.89 179.56 526.67 226.25 1.39 1.6 3.8 -3.78 1.62 23.64 1.56 0.10673646660494085
Car 0.0 2 -1.75 681.11 173.49 776.24 237.75 1.46 1.6 4.52 2.91 1.5 18.82 -1.6 0.8994202029592289
Car 0.0 2 -1.71 671.92 170.73 734.72 218.92 1.48 1.56 3.46 3.0 1.44 24.08 -1.59 0.1452752539085843
Car 0.0 2 2.92 850.53 148.43 956.62 197.91 2.05 1.8 3.95 12.66 1.05 31.4 -2.98 0.6271070922264199
Car 0.0 0 -1.8 633.92 171.7 670.03 196.82 1.51 1.53 3.38 2.59 1.47 45.62 -1.74 0.423870701655658
Car 0.0 0 -1.85 593.16 173.93 622.29 191.21 1.39 1.54 3.42 -0.23 1.5 60.26 -1.85 0.4241229206530758
Car 0.0 1 2.46 559.76 172.56 595.99 187.84 1.56 1.39 3.73 -3.35 1.54 75.52 2.42 0.376033687277325
Cyclist 0.0 0 2.26 533.59 172.07 549.02 189.41 1.65 0.64 1.51 -6.6 1.58 69.32 2.17 0.5506003877122948
