Car 0.07 0 -1.99 820.88 156.58 1241.0 374.0 1.77 1.77 5.1 3.91 1.69 8.05 -1.55 0.508374983306286
Car 0.99 1 2.45 0.0 220.95 108.76 374.0 1.46 1.63 3.92 -4.64 1.82 3.48 1.56 0.6977466402445998
Car 0.0 0 1.75 490.48 186.65 546.68 225.28 1.47 1.66 3.76 -3.79 2.07 30.16 1.63 0.8243895468398131
Car 0.0 2 -1.79 760.73 190.5 896.59 276.97 1.41 1.66 3.86 4.08 1.79 14.22 -1.52 0.24762567030404126
Car 0.0 2 -1.79 727.25 181.06 813.09 244.66 1.59 1.59 3.34 4.29 1.83 19.94 -1.58 0.47459323922918284
Car 0.0 2 -1.69 711.74 184.69 772.04 231.6 1.47 1.6 3.7 4.47 1.9 25.07 -1.51 0.04989940193551201
Car 0.0 2 -1.68 699.92 182.09 749.01 220.14 1.49 1.64 3.52 4.75 1.9 30.5 -1.53 0.7992561053383767
Car 0.0 0 1.7 575.97 183.52 601.41 202.82 1.45 1.6 3.2 -1.68 2.31 57.08 1.67 0.8034352726228039
Car -1.0 -1 -10.0 0.0 232.93 88.92 373.0 -1.0 -1.0 -1.0 -1000.0 -1000.0 -1000.0 -10.0 0.5038831222813136
Car -1.0 -1 -10.0 548.37 185.06 572.6 217.05 -1.0 -1.0 -1.0 -1000.0 -1000.0 -1000.0 -10.0 0.4135386100288583
Car -1.0 -1 -10.0 644.76 177.3 689.04 193.77 -1.0 -1.0 -1.0 -1000.0 -1000.0 -1000.0 -10.0 0.10040937292018615
