Pedestrian 0.0 0 -1.75 786.78 169.82 848.12 344.55 1.76 0.76 1.02 2.22 1.65 7.78 -1.48 0.4699538542037195
Pedestrian 0.0 0 2.67 305.89 170.66 368.89 336.4 1.78 0.82 0.8 -3.15 1.67 8.3 2.32 0.4144371952451755
Pedestrian 0.0 1 1.74 186.23 172.69 258.56 328.43 1.75 0.71 0.89 -4.64 1.65 8.6 1.26 0.8554802122690788
Pedestrian 0.0 0 1.0 1058.01 156.08 1149.34 346.56 1.67 0.78 0.95 4.62 1.45 6.79 1.57 0.7084555558605661
Pedestrian 0.0 0 1.19 979.83 164.84 1061.17 351.52 1.74 0.72 0.77 4.07 1.59 7.11 1.68 0.3687292947779752
Pedestrian 0.0 0 -2.16 644.56 171.22 673.56 251.26 1.89 0.96 0.95 1.21 1.64 17.61 -2.1 0.16197497607033384
Pedestrian 0.0 2 -1.7 770.2 182.56 836.15 326.23 1.68 0.64 0.91 2.45 1.7 8.93 -1.45 0.914144694476623
Pedestrian 0.0 0 -1.73 718.49 182.31 762.16 305.81 1.71 0.68 0.93 2.0 1.72 10.44 -1.55 0.47864019913925204
Pedestrian 0.0 1 -1.69 698.92 181.87 736.92 289.67 1.71 0.8 0.94 1.84 1.73 11.96 -1.55 0.5532061312400869
Pedestrian 0.0 2 -1.82 771.35 171.81 832.73 276.89 1.8 0.83 0.92 3.53 1.64 12.82 -1.57 0.6257589589164899
Pedestrian 0.0 0 -1.64 730.99 183.43 769.99 289.84 1.63 0.71 0.88 2.44 1.67 11.51 -1.44 0.3332289122010229
Pedestrian 0.0 2 -1.85 789.64 163.08 837.83 248.39 1.83 0.78 0.94 4.67 1.44 15.96 -1.57 0.8301849084940025
Car 0.0 0 1.7 542.49 180.66 595.43 221.69 1.57 1.67 4.14 -1.29 1.55 29.97 1.65 0.8044172343359967
Car -1.0 -1 -10.0 605.93 176.83 613.96 194.53 -1.0 -1.0 -1.0 -1000.0 -1000.0 -1000.0 -10.0 0.24112101355308768
