Car 0.0 0 -1.68 656.44 179.68 699.75 212.32 1.37 1.54 3.56 3.08 1.13 32.31 -1.58 0.9784102566827966
Car 0.0 0 -1.62 623.9 177.01 645.44 194.38 1.46 1.66 4.04 2.32 0.76 63.03 -1.59 0.9413466042476686
Car 0.0 0 -1.29 334.3 179.85 464.19 264.97 1.52 1.58 3.56 -4.15 1.42 14.71 -1.56 0.7426542764876963
Car 0.0 0 -1.07 124.39 183.26 297.31 260.86 1.41 1.52 3.8 -8.24 1.39 15.27 -1.56 0.9113350570454503
Car 0.0 2 -1.22 301.52 169.09 385.98 229.38 1.8 1.52 3.18 -8.44 1.31 23.13 -1.57 0.23154584815948698
Car 0.0 0 -1.42 468.66 180.83 525.87 219.24 1.36 1.61 3.76 -4.2 1.2 27.61 -1.57 0.847514878173188
Car 0.0 2 -1.3 377.53 170.35 451.52 216.55 1.88 1.86 5.13 -8.52 1.26 32.08 -1.56 0.01849737591186984
Car 0.0 1 -1.47 514.79 179.71 552.03 207.1 1.37 1.59 3.89 -3.93 1.09 38.26 -1.58 0.5108920111313707
Car 0.0 0 -1.57 594.82 175.73 629.48 208.26 1.58 1.68 3.95 0.2 1.11 37.17 -1.57 0.3467994640601443
Car 0.0 2 -1.39 441.63 178.91 486.83 206.52 1.42 1.7 4.13 -7.8 1.08 39.28 -1.59 0.23204150362714693
Car 0.0 1 -1.54 541.86 178.29 561.5 195.89 1.42 1.53 4.2 -4.72 0.85 60.79 -1.62 0.9621456685871397
Car 0.0 2 -1.41 457.38 171.88 495.61 201.91 1.99 1.89 4.59 -9.12 1.09 50.2 -1.59 0.14351959978169437
Car -1.0 -1 -10.0 555.69 159.06 611.57 200.07 -1.0 -1.0 -1.0 -1000.0 -1000.0 -1000.0 -10.0 0.8834656522417066
