Car 0.74 0 -2.08 795.65 200.04 1241.0 374.0 1.39 1.54 4.6 2.73 1.65 5.11 -1.62 0.22747671542069925
Car 0.59 0 2.11 0.0 207.12 378.43 374.0 1.4 1.62 4.26 -3.58 1.78 6.16 1.6 0.7959967842057968
Car 0.0 1 1.85 279.21 196.48 442.72 310.19 1.46 1.52 3.48 -3.85 1.88 11.6 1.54 0.7742672500506699
Car 0.0 1 1.79 386.05 196.74 496.52 271.29 1.39 1.6 3.8 -3.72 1.98 16.34 1.57 0.9975861458800686
Car 0.0 1 -1.85 728.64 187.17 921.5 307.27 1.46 1.6 4.52 3.05 1.71 11.38 -1.59 0.9295705934885927
Car 0.0 1 -1.75 701.31 185.81 798.3 258.81 1.48 1.56 3.46 3.09 1.8 16.74 -1.57 0.0070132331242110935
Car 0.0 2 2.82 926.73 158.45 1075.54 223.36 2.05 1.8 3.95 12.84 1.62 23.98 -2.98 0.287583779226498
Car 0.0 0 -1.8 640.72 184.23 684.11 214.76 1.51 1.53 3.38 2.7 2.13 38.24 -1.73 0.4314915751342716
Car 0.0 0 -1.89 594.03 187.67 628.91 207.84 1.39 1.54 3.42 0.05 2.5 52.98 -1.89 0.06036038850992442
Car 0.0 1 2.51 556.65 184.61 597.34 202.03 1.56 1.39 3.73 -3.11 2.69 68.14 2.46 0.2314636789505038
Cyclist 0.0 0 2.4 503.75 182.88 523.42 203.86 1.65 0.64 1.51 -7.74 2.46 57.83 2.26 0.023307825313605535
