Pedestrian 0.0 0 -1.78 777.02 164.4 831.35 278.03 1.65 0.88 0.49 2.9 1.41 10.71 -1.53 0.48259141933704175
Pedestrian 0.0 1 2.14 259.48 188.4 302.48 287.35 1.65 0.66 0.8 -5.68 1.78 12.48 1.71 0.1298845368458501
Pedestrian 0.0 0 1.79 439.47 177.01 463.8 244.15 1.77 0.67 0.91 -4.22 1.65 19.45 1.57 0.43000811463850064
Pedestrian 0.0 1 -1.26 444.75 181.59 464.08 233.98 1.66 0.65 0.72 -4.57 1.67 23.2 -1.45 0.8025406176954055
Pedestrian 0.0 0 -1.38 557.02 178.05 569.35 218.45 1.77 0.94 0.93 -1.84 1.62 32.03 -1.44 0.46337674432646003
Car 0.0 1 -1.66 628.85 125.49 740.29 253.27 2.56 2.06 5.87 1.77 1.43 17.46 -1.56 0.4064792030049501
Car -1.0 -1 -10.0 581.42 178.76 621.69 210.0 -1.0 -1.0 -1.0 -1000.0 -1000.0 -1000.0 -10.0 0.1326973975474388
Car -1.0 -1 -10.0 517.59 183.28 541.09 219.03 -1.0 -1.0 -1.0 -1000.0 -1000.0 -1000.0 -10.0 0.5362997308619258
Car -1.0 -1 -10.0 397.01 177.47 417.29 216.45 -1.0 -1.0 -1.0 -1000.0 -1000.0 -1000.0 -10.0 0.9110705342691953
Car -1.0 -1 -10.0 1192.7 162.0 1236.0 372.0 -1.0 -1.0 -1.0 -1000.0 -1000.0 -1000.0 -10.0 0.08916381358071923
