Car 0.0 0 -1.95 758.72 182.45 1077.5 371.87 1.49 1.71 3.58 2.81 1.6 7.59 -1.61 0.6697641962698079
Car 0.0 0 -1.31 309.33 198.31 455.2 287.35 1.39 1.81 3.46 -4.25 1.93 13.89 -1.61 0.3164682514283874
Car 0.0 0 -1.74 675.14 180.15 761.8 246.21 1.47 1.55 3.37 2.56 1.66 17.96 -1.6 0.7047237066410632
Car 0.0 1 -1.38 422.47 181.95 505.27 241.7 1.72 1.8 4.16 -4.61 2.02 23.13 -1.57 0.90795520399494
Car 0.0 0 1.69 491.41 182.71 532.67 216.52 1.62 1.66 3.81 -5.01 2.14 37.12 1.55 0.9086375504687145
Cyclist 0.0 0 1.63 570.36 176.88 578.97 197.97 1.85 0.63 2.07 -3.17 2.22 64.55 1.58 0.94939978289553
Cyclist 0.0 0 1.6 581.37 176.91 589.52 196.82 1.76 0.66 1.83 -2.21 2.13 64.81 1.57 0.16432878028370002
Car 0.0 0 1.67 520.61 183.26 550.11 204.54 1.46 1.67 4.92 -5.48 2.25 53.3 1.57 0.5858868102491548
Car 0.0 1 -1.67 645.11 175.77 689.4 212.57 1.61 1.67 3.62 2.59 1.77 33.7 -1.6 0.24201277783754305
Car -1.0 -1 -10.0 611.12 172.77 639.23 195.06 -1.0 -1.0 -1.0 -1000.0 -1000.0 -1000.0 -10.0 0.6345388893697834
