Car 1.0 0 2.51 0.0 198.52 349.6 373.0 1.57 1.67 4.14 -2.74 1.69 2.5 1.72 0.48547415895939816
Pedestrian 0.38 0 0.58 1114.43 124.01 1237.0 373.0 1.81 1.06 0.73 4.77 1.39 5.68 1.25 0.04015075054322015
Pedestrian 0.0 0 -1.61 677.91 172.36 696.58 226.7 1.73 0.84 0.86 2.58 1.44 23.39 -1.51 0.03564711469015924
Pedestrian 0.0 0 -1.56 704.76 169.68 722.42 226.51 1.81 0.9 0.95 3.37 1.44 23.39 -1.42 0.7927716988114587
Pedestrian 0.0 0 -1.46 541.51 169.03 563.84 227.32 1.78 0.92 1.01 -1.78 1.4 22.5 -1.54 0.5819650137490276
Car -1.0 -1 -10.0 979.91 185.21 1027.91 222.25 -1.0 -1.0 -1.0 -1000.0 -1000.0 -1000.0 -10.0 0.8986363775725714
Car -1.0 -1 -10.0 854.82 167.16 874.45 195.82 -1.0 -1.0 -1.0 -1000.0 -1000.0 -1000.0 -10.0 0.5484578830752996
Car -1.0 -1 -10.0 727.15 169.74 744.85 191.95 -1.0 -1.0 -1.0 -1000.0 -1000.0 -1000.0 -10.0 0.7570940774987048
Car -1.0 -1 -10.0 610.44 172.96 675.21 204.84 -1.0 -1.0 -1.0 -1000.0 -1000.0 -1000.0 -10.0 0.5424409430322875
Car -1.0 -1 -10.0 441.5 186.5 455.98 211.29 -1.0 -1.0 -1.0 -1000.0 -1000.0 -1000.0 -10.0 0.050117725786946954
