Car 0.0 0 -1.42 438.39 177.3 523.86 246.29 1.65 1.67 3.81 -3.38 1.78 19.31 -1.59 0.887717857054226
Car 0.0 2 -1.77 708.84 175.53 809.97 254.03 1.52 1.51 3.1 3.1 1.6 15.7 -1.58 0.0713696370244915
Car 0.0 2 -1.74 673.76 177.38 752.76 237.51 1.53 1.58 3.53 2.77 1.67 20.3 -1.61 0.23186079771977974
Car 0.0 2 1.66 487.85 145.81 552.69 217.81 2.6 2.06 5.42 -3.51 1.65 28.98 1.54 0.9963444800000668
Car 0.0 1 -1.62 645.83 175.31 685.42 208.93 1.46 1.6 3.71 2.5 1.59 33.5 -1.55 0.5199590693396365
Car 0.0 0 -1.61 618.86 167.68 643.55 192.92 1.97 1.82 4.41 1.68 1.59 59.01 -1.58 0.31857850895872775
Car 0.0 0 -1.88 756.66 179.8 986.81 327.97 1.57 1.72 3.52 3.11 1.67 9.47 -1.57 0.10525055433332597
Car -1.0 -1 -10.0 0.0 65.39 108.97 373.0 -1.0 -1.0 -1.0 -1000.0 -1000.0 -1000.0 -10.0 0.4804406317581217
Car -1.0 -1 -10.0 554.84 168.24 587.48 189.88 -1.0 -1.0 -1.0 -1000.0 -1000.0 -1000.0 -10.0 0.11658984060780608
Car -1.0 -1 -10.0 601.42 161.77 617.24 189.23 -1.0 -1.0 -1.0 -1000.0 -1000.0 -1000.0 -10.0 0.9187924413336686
