Car 0.0 1 -3.1 477.11 175.76 548.14 201.14 1.47 1.53 4.21 -5.93 1.68 44.05 3.05 0.7606947960596607
Car 0.0 1 -1.66 650.95 172.6 686.69 203.47 1.64 1.62 4.2 3.26 1.66 40.91 -1.58 0.8578384868713559
Car 0.0 0 1.67 553.07 178.69 588.12 206.52 1.35 1.47 3.43 -2.02 1.67 37.2 1.61 0.19048560942514858
Car 0.0 2 0.27 310.84 176.83 484.83 239.68 1.58 1.66 4.21 -5.67 1.71 19.48 -0.01 0.5753326969370997
Car 0.0 2 0.39 178.41 160.6 425.23 264.41 1.87 1.72 4.1 -5.95 1.68 14.16 -0.0 0.5902229978575283
Car 0.0 1 -1.69 678.9 182.81 746.95 229.32 1.27 1.58 4.03 3.04 1.6 22.22 -1.55 0.05009107564307247
Car 0.0 0 -1.77 705.26 188.68 847.41 278.8 1.32 1.63 4.1 2.78 1.64 13.12 -1.57 0.4379368215294541
Car 0.6 0 0.74 0.0 183.23 235.02 372.96 1.58 1.56 4.25 -6.15 1.7 6.87 0.03 0.005314282294813122
Car -1.0 -1 -10.0 609.18 164.36 649.58 188.59 -1.0 -1.0 -1.0 -1000.0 -1000.0 -1000.0 -10.0 0.36109063481275194
Car -1.0 -1 -10.0 542.55 163.71 592.01 175.0 -1.0 -1.0 -1.0 -1000.0 -1000.0 -1000.0 -10.0 0.42449847591879764
