Pedestrian 0.83 0 -2.26 1147.7 119.14 1237.0 373.0 1.75 0.82 1.14 3.77 1.41 3.91 -1.53 0.02340027444576709
Pedestrian 0.0 0 -1.12 727.0 155.84 800.62 347.23 1.77 0.94 0.93 1.46 1.53 7.29 -0.94 0.14379498270361368
Cyclist 0.92 0 2.17 0.0 144.72 297.45 373.0 1.69 0.66 1.75 -1.61 1.62 2.05 1.56 0.48872100357246095
Pedestrian 0.0 0 -3.09 950.03 123.94 1011.81 289.4 1.97 1.04 0.92 4.72 1.29 9.24 -2.64 0.3152838848287114
Pedestrian 0.0 0 -2.2 1030.78 136.13 1080.39 282.38 1.85 0.54 0.55 5.81 1.28 9.42 -1.66 0.9302706491261855
Car 0.0 1 -2.62 233.5 221.35 340.96 373.0 1.25 0.5 0.69 -2.78 1.61 6.3 -3.03 0.3946150549782378
Car 0.0 2 -2.66 289.15 222.42 371.66 355.09 1.2 0.49 0.57 -2.65 1.61 6.93 -3.01 0.30471457521253464
Car 0.0 1 -2.69 381.51 198.78 448.91 273.24 1.21 0.54 0.95 -3.17 1.51 12.14 -2.95 0.9053789600298183
Car 0.0 2 -2.77 301.12 220.45 388.74 338.12 1.16 0.59 0.69 -2.74 1.59 7.59 -3.11 0.11871311267340157
Pedestrian 0.0 0 1.56 500.53 167.25 518.98 236.49 1.77 0.66 0.9 -2.61 1.41 18.89 1.42 0.6830276605501201
Pedestrian 0.0 0 1.54 477.19 173.1 497.89 238.5 1.67 0.73 0.77 -3.18 1.46 18.91 1.37 0.14801828162138908
Pedestrian 0.0 0 -1.56 561.16 168.05 583.75 234.37 1.76 0.76 1.02 -0.97 1.41 19.68 -1.62 0.626611229818524
Pedestrian 0.0 1 -1.65 585.25 166.61 604.79 216.85 1.89 0.96 0.95 -0.38 1.33 27.6 -1.67 0.8876065291475893
Pedestrian 0.0 0 -1.56 602.6 168.68 621.18 232.39 1.68 0.64 0.91 0.28 1.35 19.5 -1.55 0.9486031983619398
Car 0.0 0 1.68 520.81 173.83 549.98 196.55 1.57 1.67 4.14 -4.74 1.04 52.23 1.58 0.52583367941396
Pedestrian 0.0 2 -2.31 494.39 168.29 516.55 231.58 1.81 0.73 0.84 -2.8 1.43 21.07 -2.44 0.10532965320601939
Car -1.0 -1 -10.0 634.3 165.87 690.69 210.65 -1.0 -1.0 -1.0 -1000.0 -1000.0 -1000.0 -10.0 0.7054716571861201
Car -1.0 -1 -10.0 452.47 171.02 469.52 210.64 -1.0 -1.0 -1.0 -1000.0 -1000.0 -1000.0 -10.0 0.29801965320650947
