Car 0.32 1 2.52 0.0 171.33 110.51 229.66 1.78 1.67 3.85 -19.03 1.76 23.87 1.86 0.7871672476661389
Car 0.0 1 2.94 266.47 171.51 370.87 204.0 1.66 1.57 5.04 -15.82 1.61 39.22 2.56 0.17327842715582642
Car 0.0 1 2.0 216.5 160.43 281.57 198.76 2.93 2.3 6.29 -29.3 2.02 58.81 1.54 0.18712435501507385
Car 0.0 0 2.86 751.04 169.62 820.13 195.1 1.49 1.46 3.84 10.7 1.33 44.17 3.09 0.5625469733279229
Pedestrian 0.0 2 2.8 868.69 164.16 879.75 189.94 1.86 0.57 1.08 19.19 1.24 52.74 -3.14 0.434126153111267
Car 0.0 1 -1.95 828.31 164.89 867.47 187.58 1.75 1.57 4.07 19.08 1.16 58.07 -1.63 0.47909640680428756
Car -1.0 -1 -10.0 880.22 164.36 935.5 185.35 -1.0 -1.0 -1.0 -1000.0 -1000.0 -1000.0 -10.0 0.10571271966656548
Car -1.0 -1 -10.0 994.07 154.01 1240.0 185.35 -1.0 -1.0 -1.0 -1000.0 -1000.0 -1000.0 -10.0 0.5000966231670235
Car -1.0 -1 -10.0 732.09 155.3 940.03 160.77 -1.0 -1.0 -1.0 -1000.0 -1000.0 -1000.0 -10.0 0.008723618175529357
Car -1.0 -1 -10.0 393.77 161.77 418.0 180.82 -1.0 -1.0 -1.0 -1000.0 -1000.0 -1000.0 -10.0 0.24012012394910853
