Car 0.74 1 2.16 0.0 211.33 232.7 374.0 1.43 1.74 3.63 -5.07 1.85 6.3 1.5 0.21576357890522946
Car 0.0 0 -1.7 665.32 187.08 744.9 241.72 1.38 1.73 3.97 2.62 1.82 20.96 -1.58 0.12588744048045897
Car 0.0 1 -2.99 920.92 166.22 1089.74 235.15 1.74 1.58 3.9 10.86 1.6 20.0 -2.5 0.17202098927261988
Car 0.0 2 -1.67 652.36 182.97 708.36 227.68 1.5 1.62 4.11 2.49 1.89 26.73 -1.58 0.9125242628992666
Car 0.0 0 1.75 467.39 184.45 514.41 218.43 1.58 1.68 3.76 -5.96 2.18 36.27 1.59 0.14669477321122848
Car 0.0 2 -2.85 824.52 176.24 961.81 220.51 1.49 1.53 4.38 10.2 1.64 26.24 -2.49 0.2541830002678922
Car 0.0 2 -2.96 876.23 176.57 1022.73 229.3 1.55 1.8 3.98 10.8 1.69 23.12 -2.53 0.6897997070504163
Car 0.0 1 -1.57 636.82 176.77 661.24 201.13 1.77 1.77 5.1 2.99 2.1 55.59 -1.51 0.021919494074780665
Car 0.65 0 -2.13 853.17 210.05 1241.0 374.0 1.35 1.64 3.76 3.34 1.72 5.52 -1.61 0.8708366273597924
Car -1.0 -1 -10.0 266.98 187.0 359.78 209.93 -1.0 -1.0 -1.0 -1000.0 -1000.0 -1000.0 -10.0 0.8335980695118942
Car -1.0 -1 -10.0 516.03 184.41 544.14 209.93 -1.0 -1.0 -1.0 -1000.0 -1000.0 -1000.0 -10.0 0.31638392651109715
Car -1.0 -1 -10.0 561.31 177.3 616.59 197.0 -1.0 -1.0 -1.0 -1000.0 -1000.0 -1000.0 -10.0 0.8560391594286672
