Car 0.0 0 -1.57 567.99 173.49 625.21 225.66 1.6 1.76 3.84 -0.42 1.23 24.2 -1.59 0.21073361881916342
Car 1.0 0 -0.49 0.0 0.0 158.65 375.0 2.41 2.03 5.13 -3.59 1.63 1.54 -1.59 0.44056642223225195
Car 0.18 1 -1.12 0.0 198.59 378.92 375.0 1.36 1.62 3.99 -3.74 1.55 7.14 -1.59 0.9656162757187504
Car 0.0 2 -1.07 90.14 184.21 281.12 273.83 1.43 1.52 3.54 -7.75 1.43 13.53 -1.58 0.9400974928594774
Car 0.0 1 -1.26 330.8 180.92 411.26 225.91 1.4 1.46 3.84 -8.0 1.26 24.53 -1.57 0.695827760187639
Car 0.0 0 -1.44 395.85 68.03 550.15 242.33 4.05 2.5 16.44 -3.83 1.27 25.02 -1.59 0.5031797498255679
Car 0.0 2 -1.23 314.11 176.19 376.12 210.33 1.5 1.57 3.63 -12.24 1.09 33.65 -1.57 0.04353430306944761
Car 0.0 2 -1.52 528.67 179.36 561.22 203.46 1.3 1.61 4.39 -3.58 0.97 41.27 -1.6 0.90727155609293
Car -1.0 -1 -10.0 0.0 16.86 244.61 180.03 -1.0 -1.0 -1.0 -1000.0 -1000.0 -1000.0 -10.0 0.34993186236973317
Car -1.0 -1 -10.0 555.69 164.88 572.14 169.05 -1.0 -1.0 -1.0 -1000.0 -1000.0 -1000.0 -10.0 0.8518251246001365
