Car 0.12 0 1.97 41.25 201.39 406.32 374.0 1.41 1.76 4.4 -3.75 1.8 7.95 1.55 0.8856497409042483
Car 0.62 3 2.23 0.0 208.36 189.06 371.48 1.43 1.7 3.74 -6.74 1.92 8.16 1.56 0.07600570943143103
Car 0.0 1 -1.66 647.09 177.03 697.38 218.02 1.55 1.66 4.15 2.45 1.74 29.6 -1.58 0.5412167568500816
Car 0.0 1 1.82 357.87 189.05 477.86 266.63 1.41 1.66 3.35 -4.0 1.79 15.37 1.57 0.02017384182565518
Car 0.0 1 2.81 783.4 164.59 951.77 215.08 1.47 1.7 4.65 7.93 1.26 22.6 -3.14 0.021967855185927698
Car 0.0 2 2.85 767.62 153.57 906.2 210.57 1.91 1.81 4.33 7.94 1.28 25.64 -3.14 0.880763809685403
Car 0.0 2 -0.63 1038.76 135.85 1182.8 185.05 2.06 2.07 4.94 22.04 0.51 31.92 -0.03 0.3952170831230487
Car -1.0 -1 -10.0 486.92 177.94 565.49 206.7 -1.0 -1.0 -1.0 -1000.0 -1000.0 -1000.0 -10.0 0.06483789934287243
Car -1.0 -1 -10.0 588.48 172.77 641.82 194.41 -1.0 -1.0 -1.0 -1000.0 -1000.0 -1000.0 -10.0 0.15450487777361888
Car -1.0 -1 -10.0 703.62 165.65 766.66 202.17 -1.0 -1.0 -1.0 -1000.0 -1000.0 -1000.0 -10.0 0.5932817701720815
Car -1.0 -1 -10.0 954.61 148.83 1033.82 182.11 -1.0 -1.0 -1.0 -1000.0 -1000.0 -1000.0 -10.0 0.32042664723831094
