Car 0.0 1 -3.04 455.98 178.23 538.96 207.45 1.47 1.53 4.21 -5.96 1.79 38.36 3.09 0.48220788063760744
Car 0.0 0 -1.68 658.18 175.79 701.19 212.01 1.64 1.62 4.2 3.31 1.81 35.19 -1.58 0.6122143749624384
Car 0.0 0 1.67 542.23 182.21 584.22 215.56 1.35 1.47 3.43 -2.03 1.78 31.54 1.61 0.9743931110950816
Car 0.0 2 -2.95 340.97 177.67 488.2 228.24 1.48 1.61 4.24 -6.11 1.66 22.75 3.07 0.9349421926426401
Car 0.0 2 0.4 270.32 182.32 456.54 252.74 1.51 1.55 3.72 -5.62 1.75 16.54 0.07 0.9819247098452901
Car 0.0 2 0.37 179.98 177.02 436.86 267.58 1.58 1.66 4.21 -5.66 1.68 13.78 -0.02 0.07431823616326227
Car 0.0 2 -2.61 41.34 172.58 317.61 281.92 1.55 1.5 3.4 -6.59 1.57 11.19 -3.13 0.08225838907573235
Car 0.31 3 0.59 0.0 149.33 314.22 327.44 1.87 1.72 4.1 -5.96 1.65 8.55 -0.0 0.8848363565837244
Car 0.0 1 -1.73 701.57 190.74 802.8 257.7 1.27 1.58 4.03 3.07 1.72 16.52 -1.55 0.3001351347789828
Car 0.13 0 -1.92 765.56 202.55 1104.32 374.0 1.32 1.63 4.1 2.82 1.7 7.43 -1.57 0.7120078305232639
Car -1.0 -1 -10.0 609.18 169.53 654.75 196.35 -1.0 -1.0 -1.0 -1000.0 -1000.0 -1000.0 -10.0 0.1307813152914611
Car -1.0 -1 -10.0 526.38 169.53 572.6 178.23 -1.0 -1.0 -1.0 -1000.0 -1000.0 -1000.0 -10.0 0.19282633214784128
