Car 0.0 0 -1.58 558.88 176.02 604.3 217.44 1.6 1.76 3.84 -1.15 1.24 30.01 -1.62 0.7681918290752132
Car 0.0 0 -1.27 204.48 183.02 449.67 344.06 1.58 1.68 3.95 -3.29 1.57 9.18 -1.6 0.5337233295148052
Car 0.53 0 -0.94 0.0 192.72 185.44 324.14 1.42 1.53 4.2 -7.75 1.57 9.8 -1.6 0.6881964518829317
Car 0.9 1 -0.83 0.0 161.53 52.27 267.42 1.99 1.89 4.59 -12.36 1.56 12.48 -1.6 0.6415991568834195
Car 0.0 1 -1.36 380.8 186.32 476.78 253.23 1.39 1.5 3.4 -4.18 1.44 17.1 -1.6 0.8368283191008875
Car 0.0 2 -1.21 228.19 185.58 348.9 245.99 1.43 1.62 4.08 -8.58 1.47 19.63 -1.61 0.38046550633448895
Car 0.0 1 -1.1 140.6 184.23 254.75 232.56 1.39 1.5 4.04 -13.13 1.38 23.23 -1.61 0.6985324400933058
Car 0.0 1 -1.4 389.86 157.61 454.72 216.42 2.58 1.91 6.53 -8.89 1.35 34.98 -1.65 0.9319645091010625
Car 0.0 0 -1.51 472.74 152.0 529.03 213.77 2.64 2.22 5.52 -4.93 1.2 33.75 -1.65 0.8879742602326726
Car 0.0 1 -1.57 518.73 151.46 546.52 195.82 4.05 2.5 16.44 -7.71 0.91 74.12 -1.67 0.16436523669987058
