Car 0.0 0 -1.57 571.57 179.6 603.91 209.08 1.6 1.76 3.84 -1.17 1.29 41.35 -1.6 0.15073806874540818
Car 0.8 0 -0.91 0.0 205.28 265.73 375.0 1.38 1.71 4.49 -4.8 1.63 5.92 -1.57 0.027101332687704205
Car 0.0 1 -1.12 136.22 185.78 306.39 270.44 1.54 1.65 3.82 -8.07 1.57 15.36 -1.6 0.5882490046442177
Car 0.0 1 -1.21 270.44 185.03 380.49 242.16 1.49 1.67 4.05 -8.26 1.51 21.33 -1.57 0.3428260281268989
Car 0.0 0 -1.35 352.25 128.59 490.38 255.86 2.74 2.09 5.96 -4.56 1.5 18.58 -1.59 0.3192279509548902
Car 0.0 1 -1.44 473.31 184.34 522.96 220.68 1.41 1.58 3.99 -4.64 1.4 30.68 -1.59 0.7232380178731889
Car 0.0 1 -1.45 498.19 184.2 533.39 210.22 1.42 1.61 3.56 -5.33 1.38 41.87 -1.58 0.24116635872974135
Car 0.0 2 -1.01 39.41 183.65 212.98 258.82 1.59 1.71 3.74 -11.44 1.57 17.36 -1.59 0.008133088289397628
Car -1.0 -1 -10.0 534.36 172.63 565.68 201.36 -1.0 -1.0 -1.0 -1000.0 -1000.0 -1000.0 -10.0 0.39357110055459454
Car -1.0 -1 -10.0 511.74 175.87 530.13 182.63 -1.0 -1.0 -1.0 -1000.0 -1000.0 -1000.0 -10.0 0.3371327741001481
