Car 0.7 0 -2.08 846.52 200.62 1241.0 374.0 1.51 1.56 3.81 3.06 1.77 5.17 -1.57 0.8818864725279585
Car 0.0 1 -1.87 739.45 184.32 948.6 322.03 1.57 1.68 3.83 3.05 1.76 10.37 -1.59 0.6857143240670038
Car 0.0 2 -1.75 680.19 143.07 807.9 259.88 2.38 1.98 5.62 2.99 1.81 17.63 -1.58 0.2822312629211656
Car 0.0 0 1.64 477.58 176.15 535.12 229.59 1.52 1.5 3.85 -3.21 1.64 22.65 1.5 0.885091094914883
Car 0.0 2 -1.69 663.92 179.86 715.32 218.63 1.43 1.59 3.68 3.07 1.71 28.69 -1.58 0.998011361236581
Car 0.0 1 1.63 520.69 179.58 558.66 207.83 1.29 1.59 4.12 -3.44 1.64 35.56 1.54 0.8038139140530889
Car 0.0 2 1.61 541.39 172.47 570.47 199.01 1.52 1.61 3.59 -3.25 1.52 43.49 1.53 0.22406634942955472
Car 0.0 1 1.49 643.29 175.87 676.12 201.92 1.51 1.65 4.28 2.99 1.72 44.4 1.56 0.10263010264584349
Car -1.0 -1 -10.0 572.95 171.48 584.89 197.65 -1.0 -1.0 -1.0 -1000.0 -1000.0 -1000.0 -10.0 0.26883150403557643
Car -1.0 -1 -10.0 628.31 169.81 653.35 195.89 -1.0 -1.0 -1.0 -1000.0 -1000.0 -1000.0 -10.0 0.14169937272321897
