Car 0.0 0 1.79 444.08 185.44 519.28 234.9 1.47 1.66 3.76 -4.19 1.91 23.88 1.61 0.20259579783533865
Car 0.0 1 -1.98 838.85 194.59 1169.7 370.06 1.41 1.66 3.86 3.92 1.7 8.07 -1.54 0.4048736918343936
Car 0.0 1 -1.89 760.86 179.83 906.49 276.61 1.59 1.59 3.34 4.03 1.73 13.68 -1.61 0.8356231546516852
Car 0.0 2 -1.74 729.54 182.57 818.0 246.02 1.47 1.6 3.7 4.13 1.74 18.89 -1.53 0.8840430789998921
Car 0.0 2 1.77 484.11 183.57 543.25 221.7 1.43 1.68 3.76 -3.91 1.89 29.54 1.64 0.7056340643804059
Car 0.0 2 -1.71 708.9 181.17 774.02 229.51 1.49 1.64 3.52 4.31 1.78 24.31 -1.54 0.6154811126940858
Car 0.0 2 1.73 509.0 183.25 557.72 214.4 1.38 1.68 4.34 -3.68 1.91 35.0 1.62 0.0770129554970963
Car 0.0 2 -1.68 694.16 178.95 746.12 218.64 1.5 1.64 4.14 4.41 1.76 29.6 -1.53 0.2194408265416009
Car 0.0 0 1.7 559.21 179.84 588.01 201.37 1.45 1.6 3.2 -2.55 1.95 50.82 1.65 0.08681933600760616
Car -1.0 -1 -10.0 654.46 172.12 689.04 190.53 -1.0 -1.0 -1.0 -1000.0 -1000.0 -1000.0 -10.0 0.09385277495656952
