Cyclist 1.0 0 -2.43 1218.9 192.93 1241.0 374.0 1.59 0.53 1.89 2.72 1.66 2.0 -1.56 0.02717000386661661
Car 0.0 0 1.94 284.44 179.15 486.25 293.3 1.44 1.64 3.78 -3.24 1.55 11.06 1.66 0.4202544867351752
Car 0.0 1 1.84 406.29 160.46 541.26 257.34 1.77 1.71 4.28 -2.76 1.58 15.41 1.66 0.5396084951447878
Car 0.0 1 -0.51 882.73 107.6 1138.87 216.79 2.71 2.12 5.66 10.53 1.09 19.33 -0.02 0.5218315220484745
Car 0.0 0 -1.74 719.98 169.87 793.95 218.15 1.45 1.71 3.93 4.72 1.39 23.87 -1.55 0.5190335847455292
Car 0.0 1 1.74 513.73 165.3 581.96 220.82 1.73 1.65 3.96 -2.07 1.52 24.61 1.66 0.47657136528032407
Car 0.0 1 -1.7 702.76 160.38 763.97 206.98 1.78 1.89 4.37 5.0 1.33 29.98 -1.54 0.6435400083123186
Car 0.0 2 1.69 544.22 164.96 590.86 208.65 1.68 1.51 3.29 -1.72 1.4 29.57 1.63 0.9549360604193017
Car -1.0 -1 -10.0 593.01 163.07 615.94 189.89 -1.0 -1.0 -1.0 -1000.0 -1000.0 -1000.0 -10.0 0.5994748117063009
Car -1.0 -1 -10.0 651.23 161.77 679.34 180.18 -1.0 -1.0 -1.0 -1000.0 -1000.0 -1000.0 -10.0 0.9953093307482832
