Car 0.12 0 -1.97 828.51 201.54 1196.86 374.0 1.38 1.73 3.97 3.64 1.75 7.53 -1.53 0.35906601256502446
Car 0.0 1 -1.81 756.84 188.0 907.61 288.28 1.5 1.62 4.11 3.82 1.81 13.23 -1.53 0.6471049159522325
Car 0.0 0 1.81 439.8 185.05 520.09 239.69 1.58 1.68 3.76 -4.13 2.0 23.27 1.64 0.9896658863787888
Car 0.7 3 3.09 1113.54 179.21 1241.0 267.79 1.49 1.53 4.38 11.44 1.6 12.51 -2.46 0.13792664854126535
Car 0.0 2 1.74 480.6 183.66 542.99 228.55 1.61 1.74 4.06 -3.83 2.06 28.5 1.61 0.381694546056502
Car 0.0 0 -1.62 693.44 176.69 729.2 209.32 1.77 1.77 5.1 5.82 2.02 42.1 -1.49 0.43683784185317887
Car 0.0 2 1.75 510.83 187.66 558.65 220.61 1.39 1.55 3.65 -3.46 2.11 33.44 1.65 0.31339569471805506
Car 0.0 2 1.74 529.44 185.04 572.66 215.05 1.46 1.63 3.92 -3.09 2.13 38.18 1.66 0.41955514607756417
Car 0.0 2 0.42 166.67 187.64 300.44 229.36 1.5 1.87 4.23 -14.64 2.11 28.18 -0.06 0.2078153579518348
Car -1.0 -1 -10.0 345.25 178.59 395.35 205.41 -1.0 -1.0 -1.0 -1000.0 -1000.0 -1000.0 -10.0 0.9910239294268145
Car -1.0 -1 -10.0 594.3 176.0 656.69 198.29 -1.0 -1.0 -1.0 -1000.0 -1000.0 -1000.0 -10.0 0.5487457332231002
Car -1.0 -1 -10.0 660.28 172.77 668.98 187.94 -1.0 -1.0 -1.0 -1000.0 -1000.0 -1000.0 -10.0 0.47160999104834955
