Car 0.8 0 0.85 0.0 188.31 153.79 374.0 1.57 1.54 4.1 -6.47 1.73 6.18 0.07 0.7536057283366492
Car 0.0 1 -2.63 27.67 157.04 343.28 293.56 1.89 1.59 3.87 -6.35 1.7 10.99 -3.14 0.16696245710717383
Car 0.08 0 -1.96 746.56 195.1 1054.97 374.0 1.45 1.59 3.59 2.64 1.73 7.58 -1.64 0.8927008435520338
Car 0.0 0 -1.7 673.21 178.82 761.37 251.33 1.66 1.74 3.65 2.6 1.83 18.51 -1.56 0.8135663906987499
Car 0.0 2 0.46 163.07 186.16 385.87 274.22 1.52 1.49 3.5 -6.25 1.8 13.56 0.04 0.4479458709617091
Car 0.0 2 0.4 252.26 185.5 425.46 257.69 1.49 1.6 3.24 -6.0 1.8 16.08 0.05 0.8455001418554615
Car 0.0 2 -2.85 259.66 181.74 448.22 248.38 1.59 1.63 4.3 -6.56 1.85 18.68 3.1 0.559109693869797
Car 0.0 2 -1.72 656.13 184.44 718.95 228.82 1.36 1.55 3.87 2.53 1.77 24.61 -1.62 0.32310237030090316
Car 0.0 2 -1.69 644.64 179.56 685.47 216.69 1.62 1.48 3.36 2.49 1.95 33.57 -1.62 0.8415904157262561
Car 0.0 2 -2.97 436.28 175.68 507.45 215.09 1.95 1.67 3.35 -7.09 2.11 37.13 3.12 0.9916265261269893
Car -1.0 -1 -10.0 507.62 169.53 645.05 213.16 -1.0 -1.0 -1.0 -1000.0 -1000.0 -1000.0 -10.0 0.2691988734659114
