Car 0.0 0 -1.92 744.03 171.72 1011.05 345.81 1.66 1.66 3.98 2.92 1.68 8.96 -1.62 0.43935328432923626
Car 0.0 2 -2.68 99.13 172.56 359.54 271.26 1.64 1.59 3.87 -6.8 1.66 13.07 3.13 0.8429146925172386
Car 0.16 3 -2.57 0.0 175.84 294.76 295.72 1.6 1.56 4.11 -7.1 1.67 10.65 3.13 0.31896922473366496
Car 0.0 2 0.37 249.2 180.17 446.36 255.1 1.52 1.69 3.68 -5.67 1.7 15.77 0.03 0.3918767416703288
Car 0.0 2 -2.85 358.57 177.76 463.19 224.81 1.57 1.47 3.23 -6.96 1.76 25.27 -3.11 0.9984159443392949
Car 0.0 2 -2.9 379.99 180.43 481.72 220.33 1.43 1.57 3.46 -6.77 1.74 27.32 3.14 0.9478356146503684
Car 0.0 2 -2.94 397.32 166.81 510.17 216.39 1.94 1.75 4.27 -6.4 1.73 29.74 3.13 0.008820283375215676
Car 0.0 1 -2.26 705.51 177.76 779.34 209.8 1.42 1.56 3.48 6.2 1.68 34.25 -2.08 0.8104093277663748
Car 0.0 0 -1.75 623.44 177.66 656.3 200.62 1.41 1.51 3.45 1.86 1.73 46.43 -1.71 0.7791682135597875
Car -1.0 -1 -10.0 513.44 167.59 617.88 201.52 -1.0 -1.0 -1.0 -1000.0 -1000.0 -1000.0 -10.0 0.18489114043886035
