Car 1.0 0 0.26 1232.83 196.2 1241.0 374.0 1.53 1.57 3.87 3.04 1.59 0.65 1.53 0.996153562337869
Car 0.0 0 -1.91 716.56 183.18 931.58 319.07 1.45 1.61 3.34 2.56 1.6 9.57 -1.66 0.12992494973005264
Cyclist 0.0 0 1.84 320.97 177.55 393.08 302.17 1.76 0.57 1.83 -3.9 1.84 11.13 1.51 0.8732001562522798
Car 0.0 1 -1.32 211.89 200.59 375.12 299.47 1.34 1.69 3.6 -5.35 1.89 12.57 -1.71 0.687243699305126
Car 0.0 1 -1.84 634.87 175.66 748.37 259.67 1.69 1.59 3.77 1.7 1.78 16.62 -1.74 0.3952110730907634
Car 0.0 2 1.78 293.88 189.55 408.42 261.47 1.47 1.74 4.41 -6.24 1.92 17.78 1.44 0.3698228407387656
Car 0.0 0 -1.71 575.44 183.2 631.45 224.25 1.49 1.71 3.58 -0.36 1.91 28.55 -1.72 0.42465818214569395
Car 0.0 1 -1.52 406.86 188.68 451.04 221.47 1.39 1.81 3.46 -8.43 2.16 33.69 -1.76 0.8581105174791716
Car 0.0 1 -1.68 553.09 183.8 589.02 213.19 1.47 1.55 3.37 -2.15 2.07 38.6 -1.73 0.777655818659972
Pedestrian 0.0 1 1.61 406.63 177.87 418.74 209.02 1.8 0.68 0.72 -11.59 2.1 42.26 1.35 0.7644794710056322
Pedestrian 0.0 0 1.69 397.13 182.97 407.9 214.25 1.8 0.65 0.67 -12.13 2.39 42.1 1.41 0.7370324565628849
Cyclist 0.0 0 1.73 393.42 183.18 448.78 282.24 1.69 0.66 2.0 -3.53 1.89 13.45 1.48 0.6150809453613894
Car -1.0 -1 -10.0 452.64 183.12 476.87 210.58 -1.0 -1.0 -1.0 -1000.0 -1000.0 -1000.0 -10.0 0.9960737140085077
Car -1.0 -1 -10.0 505.68 178.59 553.2 204.76 -1.0 -1.0 -1.0 -1000.0 -1000.0 -1000.0 -10.0 0.5372992306901243
Car -1.0 -1 -10.0 486.92 179.24 498.21 195.71 -1.0 -1.0 -1.0 -1000.0 -1000.0 -1000.0 -10.0 0.8931997045032871
