Car 0.0 0 1.83 381.15 186.27 485.4 251.54 1.47 1.66 3.76 -4.47 1.84 18.6 1.6 0.710766718223569
Car 1.0 1 -2.46 1086.38 220.84 1241.0 374.0 1.41 1.66 3.86 3.83 1.7 2.7 -1.56 0.20383898556160263
Car 0.0 0 -2.03 828.15 179.81 1117.6 350.8 1.59 1.59 3.34 3.9 1.68 8.48 -1.62 0.3824162774475307
Car 0.0 1 -1.81 760.25 182.66 900.23 274.38 1.47 1.6 3.7 3.94 1.67 13.64 -1.54 0.13938867378904862
Car 0.0 2 1.79 444.2 183.56 519.06 230.7 1.43 1.68 3.76 -4.26 1.81 24.26 1.62 0.8285281773389829
Car 0.0 2 -1.75 724.0 178.9 812.35 241.58 1.49 1.64 3.52 4.04 1.66 19.09 -1.54 0.960632660546566
Car 0.0 2 1.76 478.47 182.7 539.37 219.76 1.38 1.68 4.34 -4.11 1.81 29.7 1.62 0.3475530961632656
Car 0.0 2 -1.72 699.85 177.83 768.42 226.77 1.5 1.64 4.14 4.07 1.68 24.41 -1.56 0.0877893764135117
Car 0.0 0 1.71 542.75 178.58 575.18 202.69 1.45 1.6 3.2 -3.21 1.83 45.55 1.64 0.36964369073181524
Car -1.0 -1 -10.0 642.82 170.83 699.39 213.82 -1.0 -1.0 -1.0 -1000.0 -1000.0 -1000.0 -10.0 0.5536472137038659
