Car 0.07 3 1.93 0.0 213.56 251.18 363.44 1.43 1.74 3.63 -6.32 2.07 9.69 1.36 0.4091845688078597
Car 0.0 0 -1.7 565.09 189.33 629.36 234.25 1.38 1.73 3.97 -0.57 1.99 25.31 -1.72 0.5219329309349012
Car 0.0 1 -2.89 766.98 169.47 890.73 222.12 1.74 1.58 3.9 7.68 1.66 25.5 -2.61 0.29170905402481995
Car 0.0 2 -1.66 555.37 187.07 602.48 225.73 1.5 1.62 4.11 -1.43 2.13 31.03 -1.71 0.041384485835498586
Car 0.0 0 1.74 385.16 190.67 428.69 222.53 1.58 1.68 3.76 -11.04 2.59 39.33 1.46 0.8060115570104657
Car 0.0 1 -2.84 699.71 179.17 807.55 215.09 1.49 1.53 4.38 6.26 1.79 31.72 -2.64 0.7896284602306254
Car 0.0 1 -1.6 542.33 183.26 566.01 206.11 1.77 1.77 5.1 -4.67 2.65 59.7 -1.68 0.9521356449701658
Car 0.0 0 -1.95 678.75 198.78 899.71 327.26 1.35 1.64 3.76 2.22 1.77 10.18 -1.74 0.0929777692594792
Car -1.0 -1 -10.0 1000.5 154.01 1239.96 373.0 -1.0 -1.0 -1.0 -1000.0 -1000.0 -1000.0 -10.0 0.08674425294827837
Car -1.0 -1 -10.0 432.58 183.12 520.85 216.4 -1.0 -1.0 -1.0 -1000.0 -1000.0 -1000.0 -10.0 0.7398220697011482
Car -1.0 -1 -10.0 185.48 195.41 255.64 211.88 -1.0 -1.0 -1.0 -1000.0 -1000.0 -1000.0 -10.0 0.49525427425114743
