Car 0.96 0 -0.87 0.0 234.42 146.91 374.0 1.34 1.69 3.6 -4.79 1.87 4.46 -1.66 0.22723741276005704
Car 0.0 0 -1.98 741.11 153.76 1054.8 362.81 1.69 1.59 3.77 2.68 1.56 7.81 -1.66 0.5396145540416577
Car 0.0 1 1.99 27.52 199.23 337.67 358.55 1.47 1.74 4.41 -5.22 1.89 9.53 1.5 0.5168675408656861
Car 0.0 0 -1.75 625.13 180.25 711.44 240.45 1.49 1.71 3.58 1.47 1.71 19.94 -1.68 0.17550502790773626
Car 0.0 0 -1.43 400.8 188.79 467.5 232.78 1.39 1.81 3.46 -6.19 1.99 25.57 -1.67 0.26829127091204164
Car 0.0 1 -1.66 597.58 180.05 642.64 217.93 1.47 1.55 3.37 0.34 1.78 30.09 -1.65 0.2847993313494255
Car 0.0 1 -1.42 433.11 179.42 484.58 217.82 1.72 1.8 4.16 -7.23 2.05 34.71 -1.62 0.319008907548176
Car 0.0 0 1.72 463.96 180.88 497.61 206.29 1.62 1.66 3.81 -8.66 2.17 48.48 1.54 0.4792727260740325
Car 0.0 1 -1.67 581.9 177.12 614.03 203.79 1.61 1.67 3.62 -0.83 1.9 45.85 -1.69 0.37582007298320863
Car -1.0 -1 -10.0 525.89 178.27 540.41 192.8 -1.0 -1.0 -1.0 -1000.0 -1000.0 -1000.0 -10.0 0.6610684307627409
Car -1.0 -1 -10.0 552.09 176.33 561.76 192.8 -1.0 -1.0 -1.0 -1000.0 -1000.0 -1000.0 -10.0 0.7497604578880093
Car -1.0 -1 -10.0 562.77 173.42 577.29 186.0 -1.0 -1.0 -1.0 -1000.0 -1000.0 -1000.0 -10.0 0.28232598778011875
Car -1.0 -1 -10.0 503.58 182.15 521.02 193.76 -1.0 -1.0 -1.0 -1000.0 -1000.0 -1000.0 -10.0 0.6336288311320964
