Car 0.93 0 -2.36 864.84 208.77 1241.0 374.0 1.47 1.58 3.55 2.84 1.72 3.53 -1.72 0.9365177883167681
Car 0.06 1 -2.0 677.15 203.32 1000.55 374.0 1.37 1.7 4.38 2.16 1.81 8.37 -1.75 0.7128971888222213
Car 0.0 1 -1.83 615.69 198.38 762.88 300.25 1.4 1.56 3.91 1.18 1.91 12.8 -1.74 0.601283300796121
Car 0.0 1 -1.76 557.33 191.42 651.74 266.22 1.6 1.65 3.77 -0.29 2.1 18.1 -1.78 0.029587812031816596
Car 0.0 1 1.7 339.65 191.0 405.37 251.98 1.86 1.63 4.2 -8.19 2.53 25.07 1.38 0.1961031185989105
Car 0.0 1 1.77 226.86 206.8 349.49 301.64 1.45 1.46 3.41 -6.1 2.17 13.91 1.37 0.5146447027324302
Car 0.46 3 1.9 0.0 217.77 284.13 374.0 1.46 1.55 4.21 -4.74 2.05 7.5 1.35 0.5613710072314033
Car 0.0 1 -1.61 522.2 198.42 564.99 236.71 1.37 1.61 4.26 -2.89 2.51 30.32 -1.7 0.8516802965131482
Car 0.0 1 1.58 404.94 197.85 431.12 224.19 1.51 1.55 3.92 -12.36 3.17 46.44 1.32 0.35945871691732356
Car -1.0 -1 -10.0 496.79 192.82 515.2 220.93 -1.0 -1.0 -1.0 -1000.0 -1000.0 -1000.0 -10.0 0.5346757513395313
Car -1.0 -1 -10.0 461.21 195.35 478.92 205.15 -1.0 -1.0 -1.0 -1000.0 -1000.0 -1000.0 -10.0 0.9101899016940986
Car -1.0 -1 -10.0 484.08 196.81 496.2 205.65 -1.0 -1.0 -1.0 -1000.0 -1000.0 -1000.0 -10.0 0.7186985133510321
Car -1.0 -1 -10.0 435.66 195.73 450.19 206.37 -1.0 -1.0 -1.0 -1000.0 -1000.0 -1000.0 -10.0 0.23414897193747086
