Car 0.0 1 2.47 1005.53 139.01 1196.09 198.38 1.52 1.76 4.1 13.56 0.44 19.51 3.07 0.5784899129972791
Car 0.0 0 -1.48 502.9 173.34 548.39 207.23 1.5 1.78 3.69 -3.72 1.18 33.62 -1.58 0.9073404001808016
Cyclist 0.0 1 -0.09 679.21 162.29 713.86 195.04 1.74 0.6 1.79 4.96 0.77 38.33 0.04 0.07728763833593677
Cyclist 0.0 0 -0.12 619.37 166.41 651.75 198.72 1.86 0.63 1.82 1.8 1.05 41.56 -0.07 0.9152410201164674
Cyclist 0.0 0 -1.13 357.66 177.26 389.2 216.26 1.7 0.64 1.74 -10.42 1.56 31.85 -1.44 0.7207331273479238
Pedestrian 0.0 0 0.33 440.51 173.23 468.38 209.46 1.92 0.57 1.32 -8.08 1.54 37.95 0.12 0.7163471840834833
Car -1.0 -1 -10.0 840.63 159.74 896.84 179.82 -1.0 -1.0 -1.0 -1000.0 -1000.0 -1000.0 -10.0 0.8899813506695878
Car -1.0 -1 -10.0 906.27 155.25 979.64 176.12 -1.0 -1.0 -1.0 -1000.0 -1000.0 -1000.0 -10.0 0.7072864848562966
Car -1.0 -1 -10.0 553.65 169.2 573.69 192.11 -1.0 -1.0 -1.0 -1000.0 -1000.0 -1000.0 -10.0 0.05228211165796193
Car -1.0 -1 -10.0 740.12 159.64 756.33 184.46 -1.0 -1.0 -1.0 -1000.0 -1000.0 -1000.0 -10.0 0.1302112015620429
Car -1.0 -1 -10.0 340.77 183.1 349.27 211.34 -1.0 -1.0 -1.0 -1000.0 -1000.0 -1000.0 -10.0 0.8999887329758032
