Car 0.0 0 -1.3 301.67 178.58 480.4 290.82 1.5 1.78 3.69 -3.28 1.49 11.49 -1.57 0.518153415627821
Cyclist 0.49 1 -0.32 1154.66 125.54 1223.0 216.66 1.74 0.6 1.79 11.88 0.69 13.77 0.38 0.6838564424879332
Cyclist 0.0 1 -0.52 1051.4 134.72 1135.78 204.8 1.86 0.63 1.82 13.31 0.64 19.33 0.07 0.5281689386156201
Pedestrian 0.0 0 0.13 573.64 156.19 607.42 228.7 1.83 0.69 1.03 -0.41 1.22 18.29 0.11 0.6434790196004969
Cyclist 0.0 1 -0.56 822.32 152.35 868.76 194.04 1.72 0.6 1.79 10.1 0.55 29.72 -0.23 0.5316396555435718
Pedestrian 0.0 2 0.26 398.78 155.99 427.38 238.76 1.8 0.61 1.04 -4.31 1.27 15.79 0.0 0.33886524598132894
Cyclist 0.0 0 -1.43 871.27 149.48 900.58 197.51 1.72 0.78 1.71 10.45 0.61 26.3 -1.06 0.37580570759933907
Pedestrian 0.0 1 0.67 183.54 177.52 219.29 238.73 1.72 0.55 0.93 -11.65 1.64 20.24 0.15 0.11175025893835244
Pedestrian 0.0 1 0.64 166.62 181.26 197.83 240.47 1.62 0.48 0.96 -11.67 1.65 19.71 0.12 0.4826793795086083
Cyclist 0.0 1 -0.14 285.42 167.79 370.43 244.82 1.7 0.64 1.74 -6.44 1.42 16.38 -0.51 0.8850684258438135
Pedestrian 0.0 0 -2.68 206.3 177.25 237.6 238.82 1.6 0.54 0.84 -10.1 1.53 18.83 3.12 0.13496614855259204
Pedestrian 0.0 0 -2.99 167.37 172.47 208.05 249.66 1.8 0.54 1.03 -9.98 1.62 17.01 2.77 0.5516010096970148
Pedestrian 0.0 2 -2.75 305.13 163.59 328.19 239.67 1.95 0.56 0.82 -7.5 1.52 18.48 -3.12 0.9177903099490013
Car 0.62 1 -0.73 1161.86 134.3 1223.0 176.25 1.55 1.81 4.39 24.42 -0.19 27.33 -0.01 0.7029756773129535
Car 0.0 1 -0.6 1048.54 149.1 1184.21 184.86 1.28 1.7 3.95 19.58 0.13 27.21 0.02 0.1699671283924996
Car -1.0 -1 -10.0 470.45 169.2 496.22 189.24 -1.0 -1.0 -1.0 -1000.0 -1000.0 -1000.0 -10.0 0.4352184719165658
Car -1.0 -1 -10.0 622.5 162.51 654.01 174.9 -1.0 -1.0 -1.0 -1000.0 -1000.0 -1000.0 -10.0 0.4500194346888252
