Car 0.0 0 -1.57 572.77 174.25 612.07 210.08 1.6 1.76 3.84 -0.76 1.1 34.37 -1.59 0.955531302130606
Car 0.59 0 -0.97 0.0 195.74 295.84 375.0 1.43 1.64 3.99 -4.61 1.58 6.57 -1.56 0.41291164938378244
Car 0.0 2 -1.03 48.45 188.33 265.59 276.07 1.4 1.66 4.07 -8.5 1.49 13.98 -1.57 0.2027462283295719
Car 0.0 0 -1.3 335.85 188.36 458.03 260.72 1.35 1.57 3.72 -4.51 1.44 15.78 -1.57 0.16013412321130038
Car 0.0 1 -1.22 287.79 182.16 377.81 230.42 1.44 1.58 3.66 -8.99 1.36 23.7 -1.58 0.8637004133179413
Car 0.0 1 -1.36 406.26 179.52 482.23 228.96 1.49 1.64 3.95 -5.36 1.31 23.88 -1.58 0.0779420951968518
Car 0.0 0 -1.44 474.27 160.88 526.75 215.49 2.23 1.88 2.54 -4.58 1.23 30.83 -1.58 0.12785977087832223
Car 0.0 1 -1.45 487.27 157.63 538.59 208.84 2.38 1.98 4.65 -4.68 1.08 35.93 -1.58 0.7803755851213366
Car 0.0 1 -1.53 538.49 166.89 560.67 192.15 2.52 2.02 6.17 -6.03 0.67 75.25 -1.61 0.5214363641700396
Car 0.46 3 -0.91 0.0 181.44 129.18 268.99 1.6 1.66 3.82 -12.04 1.53 14.88 -1.58 0.7119321427903935
