Car 0.0 0 1.92 223.24 184.72 404.57 296.27 1.62 1.66 3.81 -5.0 1.85 12.66 1.55 0.5587299891919085
Cyclist 0.0 0 1.72 495.55 171.07 523.15 227.05 1.85 0.63 2.07 -3.5 1.81 24.96 1.58 0.2458228011290805
Cyclist 0.0 0 1.63 520.31 172.41 542.6 224.33 1.76 0.66 1.83 -2.79 1.75 25.42 1.52 0.4750319950589943
Car 0.0 1 1.75 438.49 181.04 503.92 221.63 1.46 1.67 4.92 -5.47 1.8 28.85 1.57 0.12800225658625308
Cyclist 0.0 0 1.65 537.06 173.53 552.12 206.83 1.78 0.66 1.9 -3.61 1.83 39.63 1.56 0.6811565079866114
Car 0.0 1 -1.57 638.51 174.54 666.72 197.72 1.51 1.84 4.1 2.91 1.65 49.59 -1.51 0.42212321096289873
Car 0.0 0 -1.85 728.65 171.23 953.9 329.89 1.61 1.67 3.62 2.63 1.62 9.21 -1.58 0.6969531358862242
Car -1.0 -1 -10.0 695.7 163.71 709.25 202.49 -1.0 -1.0 -1.0 -1000.0 -1000.0 -1000.0 -10.0 0.19888027215360593
Car -1.0 -1 -10.0 620.01 167.59 638.42 182.12 -1.0 -1.0 -1.0 -1000.0 -1000.0 -1000.0 -10.0 0.39363916394027954
Car -1.0 -1 -10.0 677.26 169.53 694.7 180.17 -1.0 -1.0 -1.0 -1000.0 -1000.0 -1000.0 -10.0 0.702687086596413
