Car 0.99 1 2.45 0.0 198.19 106.79 374.0 1.61 1.74 4.06 -4.6 1.79 3.28 1.54 0.18498286988535928
Car 0.0 0 -1.76 737.55 175.31 858.9 263.11 1.77 1.77 5.1 4.24 1.86 17.23 -1.52 0.8262735524216801
Car 0.03 1 2.09 3.39 204.7 341.96 374.0 1.39 1.55 3.65 -4.55 1.82 8.11 1.59 0.8715181693743416
Car 0.0 1 1.93 255.29 193.81 435.45 298.07 1.46 1.63 3.92 -4.46 1.88 12.7 1.6 0.7568666614748993
Car 0.0 0 1.73 534.9 183.7 575.87 212.42 1.47 1.66 3.76 -2.97 2.08 39.57 1.65 0.6762391799137673
Car 0.0 2 -1.7 718.82 187.85 788.0 236.97 1.41 1.66 3.86 4.52 1.92 23.39 -1.51 0.6611141913858829
Car 0.0 2 -1.71 707.31 182.06 759.8 224.64 1.59 1.59 3.34 4.88 1.97 29.02 -1.55 0.6045671174850111
Car 0.0 2 -1.66 699.73 183.69 741.5 217.26 1.47 1.6 3.7 5.16 2.0 34.21 -1.51 0.7813063547998941
Car 0.0 0 1.7 596.13 182.32 617.91 198.82 1.45 1.6 3.2 -0.26 2.34 66.31 1.69 0.4811466455249257
Car -1.0 -1 -10.0 615.16 180.21 647.15 188.91 -1.0 -1.0 -1.0 -1000.0 -1000.0 -1000.0 -10.0 0.16574036679565884
Car -1.0 -1 -10.0 661.74 177.3 674.32 187.94 -1.0 -1.0 -1.0 -1000.0 -1000.0 -1000.0 -10.0 0.0035858491426543626
