Car 0.0 0 1.8 348.15 166.57 473.41 254.19 1.51 1.55 3.92 -3.89 1.43 14.56 1.54 0.8285984994966404
Car 1.0 0 -2.46 1023.52 207.68 1241.0 374.0 1.5 1.53 3.37 3.06 1.68 2.32 -1.6 0.25515812672521454
Car 0.0 0 -1.91 750.15 166.28 974.42 312.4 1.47 1.56 3.16 2.85 1.43 8.96 -1.61 0.7939403545544015
Car 0.0 1 -1.79 683.9 164.42 813.33 255.38 1.48 1.56 3.62 2.42 1.36 13.66 -1.62 0.23801868807504
Car 0.0 2 -1.74 653.86 163.13 741.41 221.69 1.39 1.54 4.6 2.2 1.19 19.6 -1.63 0.11047293048717177
Car 0.0 2 1.75 418.36 169.4 505.08 225.54 1.4 1.62 4.26 -4.1 1.35 20.38 1.56 0.5649594895268402
Car 0.0 2 1.69 453.15 165.96 507.96 209.65 1.46 1.52 3.48 -4.65 1.25 26.06 1.52 0.21010749440807408
Car 0.0 2 1.69 479.66 165.39 528.39 200.71 1.39 1.6 3.8 -4.47 1.12 30.62 1.54 0.7647401111616297
Car 0.0 2 2.98 790.8 145.88 873.23 186.04 2.05 1.8 3.95 11.78 0.68 38.57 -3.0 0.5773938384276149
Car -1.0 -1 -10.0 547.04 157.85 642.17 182.52 -1.0 -1.0 -1.0 -1000.0 -1000.0 -1000.0 -10.0 0.27345272700867695
