Car 0.64 0 2.17 0.0 202.62 271.72 374.0 1.43 1.68 3.76 -4.81 1.77 6.52 1.55 0.48414838088125134
Car 1.0 1 -2.65 1234.03 219.83 1241.0 374.0 1.49 1.64 3.52 3.63 1.68 1.55 -1.55 0.7988946457619637
Car 0.0 1 1.97 185.04 192.74 405.14 302.61 1.38 1.68 4.34 -4.89 1.76 11.85 1.58 0.26749174819679866
Car 0.3 1 -2.04 826.0 187.37 1241.0 374.0 1.5 1.64 4.14 3.45 1.66 6.74 -1.59 0.9632379729767265
Car 0.0 0 1.76 459.41 179.65 517.33 220.36 1.45 1.6 3.2 -4.63 1.72 27.64 1.59 0.5746756522144136
Car 0.0 1 -1.86 752.53 182.56 925.06 293.36 1.51 1.66 3.5 3.48 1.68 11.75 -1.58 0.633339273385908
Car 0.0 2 -1.77 721.83 179.3 821.13 250.23 1.51 1.61 3.51 3.7 1.67 17.27 -1.56 0.5477121430284907
Car 0.0 2 -1.74 697.7 179.23 773.23 231.19 1.49 1.68 3.8 3.84 1.71 22.85 -1.58 0.3803167883065651
Car 0.0 2 1.76 484.51 178.33 536.43 214.03 1.49 1.63 3.68 -4.43 1.75 32.34 1.62 0.4500272525036365
Car 0.0 2 -1.71 692.87 177.46 747.31 218.4 1.49 1.61 3.55 4.23 1.69 28.36 -1.56 0.9204551549334008
Car -1.0 -1 -10.0 622.93 173.42 685.97 188.91 -1.0 -1.0 -1.0 -1000.0 -1000.0 -1000.0 -10.0 0.08700247455537946
