Car 0.0 0 -1.58 543.51 176.24 594.6 222.82 1.6 1.76 3.84 -1.5 1.29 26.91 -1.63 0.8692755149852738
Car 0.0 0 -1.37 339.53 180.21 477.1 279.68 1.58 1.68 3.95 -3.6 1.49 13.53 -1.63 0.245017973767494
Car 0.0 0 -1.16 153.49 186.77 310.35 261.76 1.42 1.53 4.2 -8.31 1.49 16.27 -1.62 0.7089891125102651
Car 0.12 1 -1.02 0.0 161.95 180.16 253.54 1.99 1.89 4.59 -12.94 1.47 17.98 -1.63 0.3709967342657191
Car 0.0 2 -1.42 414.34 184.66 482.71 235.36 1.39 1.5 3.4 -4.81 1.39 21.91 -1.63 0.9132330581237541
Car 0.0 1 -1.3 306.72 184.62 386.09 229.27 1.43 1.62 4.08 -9.28 1.43 25.75 -1.65 0.9524331760907516
Car 0.0 1 -1.2 218.45 183.96 298.18 221.76 1.39 1.5 4.04 -14.07 1.36 29.12 -1.64 0.05988793903678635
Car 0.0 1 -1.44 400.26 161.66 450.38 210.45 2.58 1.91 6.53 -10.43 1.31 41.48 -1.68 0.8963308707269536
Car 0.0 1 -1.51 467.81 154.86 517.58 209.0 2.64 2.22 5.52 -6.02 1.14 38.12 -1.66 0.27214453140557926
Car 0.0 1 -1.57 500.95 153.51 527.24 195.35 4.05 2.5 16.44 -10.18 0.92 78.07 -1.7 0.24472984518862262
