Car 0.0 0 -1.57 570.34 179.69 602.79 209.27 1.6 1.76 3.84 -1.23 1.3 41.23 -1.6 0.781748960370319
Car 0.43 1 -0.92 0.0 197.02 163.66 309.9 1.37 1.54 3.4 -8.61 1.59 10.91 -1.57 0.7141409899072411
Car 0.0 0 -1.14 110.02 195.55 383.17 325.48 1.38 1.71 4.49 -4.88 1.58 10.48 -1.57 0.34150266590436085
Car 0.0 2 -1.23 265.66 184.13 372.74 244.25 1.54 1.65 3.82 -8.21 1.52 20.73 -1.61 0.508785174691676
Car 0.0 1 -1.29 340.35 183.99 418.49 228.5 1.49 1.67 4.05 -8.41 1.47 26.71 -1.59 0.7968938146043248
Car 0.0 0 -1.4 408.8 140.86 507.81 237.82 2.74 2.09 5.96 -4.7 1.47 23.45 -1.59 0.005956628866017111
Car 0.0 1 -1.46 488.76 183.92 530.66 215.47 1.41 1.58 3.99 -4.74 1.37 34.99 -1.6 0.5624315901009113
Car 0.0 1 -1.46 505.89 184.82 537.01 208.29 1.42 1.61 3.56 -5.54 1.41 46.32 -1.58 0.6668305953588665
Car 0.0 2 -1.09 146.23 181.9 274.6 242.17 1.59 1.71 3.74 -11.52 1.5 21.08 -1.58 0.43301733594580716
Car -1.0 -1 -10.0 540.98 170.05 565.19 199.11 -1.0 -1.0 -1.0 -1000.0 -1000.0 -1000.0 -10.0 0.6199115124374996
