Car 0.27 1 1.98 0.0 214.58 258.65 374.0 1.43 1.74 3.63 -5.76 2.03 8.64 1.41 0.16414075066386624
Car 0.0 0 -1.69 603.53 188.95 671.04 236.52 1.38 1.73 3.97 0.78 1.95 23.97 -1.66 0.6823159787335006
Car 0.0 1 -2.92 818.9 168.9 955.07 226.12 1.74 1.58 3.9 9.01 1.65 23.65 -2.56 0.9406316549334632
Car 0.0 2 -1.67 592.6 186.1 642.4 226.46 1.5 1.62 4.11 0.21 2.07 29.71 -1.66 0.40421771295286035
Car 0.0 0 1.74 419.63 189.13 464.14 221.55 1.58 1.68 3.76 -8.94 2.48 38.49 1.52 0.6976325181751377
Car 0.0 2 -2.85 744.26 178.11 860.36 216.43 1.49 1.53 4.38 7.9 1.73 29.89 -2.6 0.6734291954621107
Car 0.0 2 -2.89 784.25 176.75 906.97 221.77 1.55 1.8 3.98 8.66 1.72 26.68 -2.58 0.5902907621040276
Car 0.0 1 -1.57 581.18 180.9 604.26 204.04 1.77 1.77 5.1 -1.43 2.44 58.54 -1.6 0.09630313829141934
Car 0.0 0 -1.97 730.63 200.81 1008.73 358.84 1.35 1.64 3.76 2.73 1.75 8.67 -1.68 0.7376827532502318
Car -1.0 -1 -10.0 224.13 195.73 308.52 216.08 -1.0 -1.0 -1.0 -1000.0 -1000.0 -1000.0 -10.0 0.65277235251508
Car -1.0 -1 -10.0 467.68 188.94 491.91 212.2 -1.0 -1.0 -1.0 -1000.0 -1000.0 -1000.0 -10.0 0.8251669250420719
Car -1.0 -1 -10.0 508.43 184.09 540.42 200.56 -1.0 -1.0 -1.0 -1000.0 -1000.0 -1000.0 -10.0 0.6229435455645042
Car -1.0 -1 -10.0 543.36 181.18 560.8 193.76 -1.0 -1.0 -1.0 -1000.0 -1000.0 -1000.0 -10.0 0.7523973959595965
Car -1.0 -1 -10.0 1187.5 170.88 1239.98 249.31 -1.0 -1.0 -1.0 -1000.0 -1000.0 -1000.0 -10.0 0.12067463390333322
