Car 1.0 0 0.46 1122.82 196.66 1241.0 374.0 1.62 1.58 3.89 2.93 1.69 1.12 1.58 0.3971239923950587
Car 0.03 0 1.96 128.39 187.11 470.85 374.0 1.45 1.67 4.43 -2.92 1.64 7.85 1.61 0.1445809106913587
Car 0.02 0 -1.93 762.51 194.43 1050.65 374.0 1.47 1.59 3.62 2.86 1.75 7.93 -1.6 0.9722688558553133
Car 0.0 2 1.82 365.78 175.93 502.65 269.03 1.56 1.68 3.69 -3.29 1.64 14.04 1.59 0.026232663289629032
Car 0.0 1 1.38 701.83 189.81 845.31 288.01 1.44 1.64 4.5 2.77 1.8 13.4 1.57 0.21506827576998644
Car 0.0 1 1.7 478.56 176.52 540.77 227.24 1.46 1.51 3.24 -3.11 1.59 22.6 1.56 0.4471864885905754
Car 0.0 1 1.47 671.08 181.83 725.28 221.68 1.38 1.59 4.19 3.24 1.73 27.47 1.59 0.7558035450609675
Car 0.0 1 -1.62 651.89 176.39 678.87 200.49 1.51 1.56 3.81 3.59 1.76 47.53 -1.55 0.7633240280199766
Car 0.0 2 -1.6 644.14 164.7 670.54 194.96 2.38 1.98 5.62 3.88 1.77 60.02 -1.54 0.7487384126312912
Car -1.0 -1 -10.0 529.78 179.24 561.77 209.29 -1.0 -1.0 -1.0 -1000.0 -1000.0 -1000.0 -10.0 0.1013443044665453
Car -1.0 -1 -10.0 570.53 171.48 603.49 190.86 -1.0 -1.0 -1.0 -1000.0 -1000.0 -1000.0 -10.0 0.5260564475247722
