Car 0.59 0 -2.01 862.63 183.1 1241.0 374.0 1.41 1.57 3.16 2.91 1.5 4.86 -1.5 0.26712875697055183
Car 0.1 0 2.14 0.0 204.95 277.59 362.44 1.53 1.56 3.58 -6.01 2.02 9.39 1.59 0.48098404725983657
Car 0.0 1 1.75 443.5 188.92 493.44 224.15 1.42 1.54 3.5 -6.24 2.16 31.96 1.56 0.30980223495842363
Car 0.0 1 -1.65 648.88 176.49 691.13 209.35 1.51 1.75 3.78 2.87 1.71 35.5 -1.57 0.21906163351133046
Car 0.0 2 1.75 467.84 187.19 511.07 215.93 1.36 1.51 4.02 -6.24 2.13 37.5 1.58 0.6641727870237304
Car 0.0 2 -1.0 97.55 204.36 177.37 234.58 1.43 1.8 3.96 -25.94 3.24 39.72 -1.57 0.7592069055659982
Car 0.0 2 -1.04 146.77 202.29 218.61 231.68 1.4 1.6 3.97 -23.46 3.09 39.71 -1.57 0.3133280443292076
Car 0.0 2 -1.08 186.19 198.3 262.4 230.08 1.49 1.7 4.51 -20.84 2.94 39.14 -1.56 0.9308011338828796
Car 0.0 2 -1.14 239.62 197.83 306.48 229.42 1.5 1.56 4.45 -18.3 2.92 39.33 -1.57 0.6634677340158887
Car -1.0 -1 -10.0 500.67 179.24 559.83 203.47 -1.0 -1.0 -1.0 -1000.0 -1000.0 -1000.0 -10.0 0.9262079415428389
Car -1.0 -1 -10.0 559.97 175.89 590.14 191.24 -1.0 -1.0 -1.0 -1000.0 -1000.0 -1000.0 -10.0 0.5729432252019903
Car -1.0 -1 -10.0 598.92 177.12 646.04 196.9 -1.0 -1.0 -1.0 -1000.0 -1000.0 -1000.0 -10.0 0.25966900423256223
Car -1.0 -1 -10.0 811.17 162.74 836.37 179.21 -1.0 -1.0 -1.0 -1000.0 -1000.0 -1000.0 -10.0 0.8664920697833048
