Car 0.93 1 2.29 1199.98 130.5 1223.0 209.8 1.52 1.76 4.1 13.85 0.54 13.24 3.08 0.9561611433008457
Car 0.0 0 -1.45 481.33 173.33 539.62 215.61 1.5 1.78 3.69 -3.59 1.25 27.31 -1.58 0.8833161917648056
Cyclist 0.0 1 -0.12 735.7 155.31 778.57 195.13 1.74 0.6 1.79 6.78 0.64 31.59 0.1 0.3752213825524454
Cyclist 0.0 0 -0.18 674.31 162.68 713.0 200.63 1.86 0.63 1.82 4.43 0.99 35.42 -0.05 0.5337615956356156
Cyclist 0.0 0 -0.51 585.49 163.27 616.64 192.34 1.72 0.6 1.79 -0.23 0.69 42.51 -0.51 0.4307447875089202
Cyclist 0.0 0 -0.94 332.93 175.21 375.01 219.76 1.7 0.64 1.74 -9.91 1.5 27.94 -1.28 0.2546950686730056
Pedestrian 0.0 1 -2.96 440.01 166.37 458.49 205.26 1.8 0.54 1.03 -7.22 1.15 33.24 3.11 0.6685825874360835
Car 0.0 1 -0.52 949.3 147.42 1036.92 174.26 1.55 1.81 4.39 23.82 -0.41 43.47 -0.02 0.39874940429899064
Car -1.0 -1 -10.0 876.86 160.59 944.71 182.54 -1.0 -1.0 -1.0 -1000.0 -1000.0 -1000.0 -10.0 0.026206294196214674
Car -1.0 -1 -10.0 311.72 181.63 323.15 214.1 -1.0 -1.0 -1.0 -1000.0 -1000.0 -1000.0 -10.0 0.5113741219399817
Car -1.0 -1 -10.0 1052.8 147.21 1115.87 170.12 -1.0 -1.0 -1.0 -1000.0 -1000.0 -1000.0 -10.0 0.6384882605631644
Car -1.0 -1 -10.0 1137.9 143.38 1206.71 168.2 -1.0 -1.0 -1.0 -1000.0 -1000.0 -1000.0 -10.0 0.13781137411479838
Car -1.0 -1 -10.0 620.58 161.55 650.18 176.81 -1.0 -1.0 -1.0 -1000.0 -1000.0 -1000.0 -10.0 0.9888623138571376
