Car 0.77 0 1.05 849.37 184.13 1241.0 374.0 1.62 1.58 3.89 2.93 1.71 4.68 1.58 0.24320283809711318
Car 0.0 0 1.85 315.35 185.05 507.83 302.63 1.45 1.67 4.43 -2.89 1.67 11.37 1.61 0.6926357662132255
Car 0.0 1 -1.84 723.58 189.5 891.99 303.36 1.47 1.59 3.62 2.91 1.76 11.52 -1.6 0.36795578984311184
Car 0.0 2 1.78 424.02 178.64 526.0 251.01 1.56 1.68 3.69 -3.19 1.71 17.53 1.6 0.44725689779307976
Car 0.0 2 1.42 686.97 185.58 790.42 258.81 1.44 1.64 4.5 2.82 1.77 16.95 1.58 0.8122593373484412
Car 0.0 2 1.67 503.47 178.49 554.5 221.87 1.46 1.51 3.24 -2.92 1.68 26.16 1.56 0.22115540728306338
Car 0.0 1 1.48 668.88 181.52 715.45 216.33 1.38 1.59 4.19 3.44 1.76 31.11 1.59 0.7689438450189394
Car 0.0 1 -1.62 652.73 177.07 677.69 199.43 1.51 1.56 3.81 3.85 1.82 51.07 -1.54 0.0844989763298657
Car 0.0 2 -1.6 644.89 167.92 669.63 196.43 2.38 1.98 5.62 4.1 2.0 63.53 -1.53 0.1584465127554623
Car -1.0 -1 -10.0 542.39 181.18 571.47 208.32 -1.0 -1.0 -1.0 -1000.0 -1000.0 -1000.0 -10.0 0.5453546871354824
Car -1.0 -1 -10.0 577.32 175.36 608.34 190.86 -1.0 -1.0 -1.0 -1000.0 -1000.0 -1000.0 -10.0 0.9240954463487382
