Car 0.43 1 2.39 1086.54 131.72 1223.0 202.25 1.52 1.76 4.1 13.73 0.44 16.36 3.08 0.6240764039258648
Car 0.0 0 -1.47 493.01 173.22 544.17 210.86 1.5 1.78 3.69 -3.67 1.21 30.46 -1.58 0.27188634840527237
Cyclist 0.0 0 -0.12 704.94 158.79 743.38 194.75 1.74 0.6 1.79 5.88 0.69 34.94 0.05 0.5225297848552807
Cyclist 0.0 0 -0.14 643.23 164.84 678.54 199.87 1.86 0.63 1.82 3.03 1.03 38.35 -0.06 0.7803089900074022
Cyclist 0.0 0 -0.96 343.73 175.09 382.32 216.56 1.7 0.64 1.74 -10.24 1.48 29.94 -1.28 0.7355383551456414
Car 0.0 1 -0.48 925.04 147.4 1005.65 172.43 1.55 1.81 4.39 23.76 -0.57 46.7 -0.01 0.6327397070287469
Car -1.0 -1 -10.0 436.98 168.24 476.14 205.49 -1.0 -1.0 -1.0 -1000.0 -1000.0 -1000.0 -10.0 0.02649306068523649
Car -1.0 -1 -10.0 567.03 164.42 590.89 193.06 -1.0 -1.0 -1.0 -1000.0 -1000.0 -1000.0 -10.0 0.6434032196506119
Car -1.0 -1 -10.0 854.87 159.64 921.76 180.63 -1.0 -1.0 -1.0 -1000.0 -1000.0 -1000.0 -10.0 0.3845686718817267
Car -1.0 -1 -10.0 609.11 166.33 637.75 178.72 -1.0 -1.0 -1.0 -1000.0 -1000.0 -1000.0 -10.0 0.7821123242011562
Car -1.0 -1 -10.0 325.1 178.76 335.58 205.49 -1.0 -1.0 -1.0 -1000.0 -1000.0 -1000.0 -10.0 0.2723593888803397
Car -1.0 -1 -10.0 751.59 160.59 765.89 186.37 -1.0 -1.0 -1.0 -1000.0 -1000.0 -1000.0 -10.0 0.26669505968820195
