Car 0.21 0 1.73 0.0 147.01 237.97 374.0 2.01 1.89 4.91 -5.82 1.81 8.78 1.16 0.2290085355485738
Car 0.0 0 -1.52 230.8 189.13 288.38 239.9 1.65 1.67 3.81 -12.68 2.26 26.2 -1.97 0.2761496076578581
Car 0.0 2 -1.75 425.23 187.73 485.52 235.94 1.52 1.51 3.1 -5.46 2.06 25.08 -1.96 0.6848731237523434
Car 0.0 2 -1.73 404.94 186.69 458.83 227.86 1.53 1.58 3.53 -7.32 2.11 29.3 -1.97 0.686723831809393
Car 0.0 2 1.68 242.76 163.48 303.45 221.77 2.6 2.06 5.42 -16.32 2.22 35.15 1.25 0.2427560385777232
Car 0.0 1 -1.59 388.11 187.5 418.66 214.8 1.46 1.6 3.71 -12.01 2.33 41.72 -1.87 0.23948740321470585
Car 0.0 0 -1.74 451.29 184.71 539.95 251.44 1.57 1.72 3.52 -3.17 1.9 19.18 -1.9 0.15628002865392843
Car -1.0 -1 -10.0 338.62 183.12 350.23 192.79 -1.0 -1.0 -1.0 -1000.0 -1000.0 -1000.0 -10.0 0.2081176183929112
Car -1.0 -1 -10.0 350.27 178.27 381.29 202.5 -1.0 -1.0 -1.0 -1000.0 -1000.0 -1000.0 -10.0 0.2831117465230877
Car -1.0 -1 -10.0 307.57 183.12 324.04 198.62 -1.0 -1.0 -1.0 -1000.0 -1000.0 -1000.0 -10.0 0.5575053660459421
