Car 0.0 1 -1.94 760.82 184.56 1084.31 368.05 1.36 1.55 3.87 2.75 1.5 7.44 -1.6 0.12024002321499805
Car 0.0 1 -1.77 685.86 169.56 781.14 249.03 1.62 1.48 3.36 2.69 1.58 16.58 -1.61 0.6350475252257209
Car 0.0 2 0.44 199.96 172.84 426.9 252.48 1.55 1.7 4.09 -6.19 1.59 15.22 0.06 0.22637311133981752
Car 0.0 2 0.36 273.2 169.7 447.92 238.56 1.59 1.63 3.75 -6.13 1.55 17.87 0.04 0.8371132910670622
Car 0.0 2 -2.83 296.84 159.73 436.28 233.33 1.95 1.67 3.35 -6.79 1.62 20.25 3.13 0.8462844235550874
Car 0.0 2 0.23 385.57 173.41 496.1 215.99 1.43 1.49 3.56 -5.98 1.48 25.6 0.01 0.9560963896680233
Car 0.0 2 0.21 411.89 173.08 514.62 214.86 1.53 1.6 3.62 -5.65 1.57 27.88 0.01 0.48442037332423993
Car 0.0 2 0.25 420.0 169.49 503.29 210.98 1.66 1.57 3.11 -6.21 1.55 30.25 0.05 0.3514893393510429
Car 0.0 2 0.13 467.42 160.32 538.02 193.37 2.08 1.8 4.37 -7.01 1.3 47.28 -0.02 0.3985360422857642
Cyclist 0.0 0 1.58 577.98 169.47 584.32 186.16 1.59 0.58 1.69 -2.8 1.28 69.89 1.54 0.6663262821589699
Car 0.0 1 -1.69 652.22 173.95 697.9 209.26 1.38 1.49 3.38 2.64 1.45 30.27 -1.6 0.20445554526966647
Car 0.0 0 -1.65 625.73 169.43 647.23 186.05 1.41 1.56 4.08 2.31 1.15 64.12 -1.62 0.13781734396928258
Car -1.0 -1 -10.0 536.57 164.68 563.71 185.03 -1.0 -1.0 -1.0 -1000.0 -1000.0 -1000.0 -10.0 0.7010852492644989
Car -1.0 -1 -10.0 598.34 165.45 606.38 172.93 -1.0 -1.0 -1.0 -1000.0 -1000.0 -1000.0 -10.0 0.012163330102292536
Car -1.0 -1 -10.0 608.77 160.72 626.36 175.03 -1.0 -1.0 -1.0 -1000.0 -1000.0 -1000.0 -10.0 0.5147375971875346
