Pedestrian 0.0 0 -1.45 577.1 163.1 596.1 222.73 1.73 0.84 0.86 -0.57 1.2 21.35 -1.48 0.7052752815138672
Pedestrian 0.0 0 -1.57 597.03 160.34 614.7 222.79 1.81 0.9 0.95 0.14 1.2 21.38 -1.57 0.7691029662185248
Pedestrian 0.0 0 -2.85 470.16 150.9 548.49 319.45 1.77 0.85 1.15 -1.19 1.45 8.04 -3.0 0.07696678255545719
Pedestrian 0.04 2 1.91 1163.69 134.67 1232.36 308.9 1.73 0.69 0.56 6.15 1.26 7.57 2.57 0.4528077208583199
Pedestrian 0.0 2 3.05 502.96 163.41 534.96 238.34 1.75 0.87 1.06 -1.93 1.32 17.32 2.94 0.9859448732778893
Pedestrian 0.0 1 -2.71 501.31 168.4 559.64 284.4 1.61 0.62 0.96 -0.98 1.43 10.43 -2.81 0.07860522312173579
Car 0.52 0 1.98 0.0 131.53 429.74 373.0 1.82 1.8 4.4 -2.77 1.58 5.68 1.53 0.08618279942961993
Pedestrian 0.0 0 -2.57 897.15 135.86 986.15 299.94 1.78 0.89 1.06 3.89 1.28 8.49 -2.15 0.7367148074202304
Car 0.0 2 1.75 372.93 149.33 473.49 230.52 2.11 2.04 4.62 -5.11 1.27 21.18 1.51 0.8070106123189069
Car 0.0 2 1.68 433.71 156.22 495.22 215.95 2.09 1.79 4.99 -5.2 1.2 27.82 1.49 0.30617785085184956
Car -1.0 -1 -10.0 667.34 173.93 741.78 233.86 -1.0 -1.0 -1.0 -1000.0 -1000.0 -1000.0 -10.0 0.12710832839635333
