Car 0.88 0 -2.36 0.0 195.92 114.0 374.0 1.41 1.53 4.11 -6.58 1.63 5.69 3.08 0.35108128426108
Car 0.0 1 -2.66 25.85 184.01 320.92 289.37 1.46 1.57 3.6 -6.64 1.66 11.17 3.1 0.3112186873678229
Car 0.0 2 0.39 139.68 183.5 406.14 272.06 1.48 1.54 4.19 -6.13 1.71 13.35 -0.04 0.02780319008775267
Car 0.0 2 -2.74 200.15 181.68 416.2 256.51 1.52 1.57 4.08 -6.55 1.73 15.81 -3.13 0.41429725227403524
Car 0.11 1 -1.97 795.36 183.08 1131.14 374.0 1.62 1.61 3.55 3.12 1.74 7.3 -1.58 0.7069458661094427
Car 0.0 0 -1.77 684.95 187.2 762.49 241.51 1.39 1.51 3.4 3.16 1.83 20.83 -1.63 0.9030630411127902
Car 0.0 2 0.32 309.91 182.83 462.44 245.52 1.48 1.49 3.38 -5.63 1.76 18.25 0.02 0.2774433332291458
Car 0.0 2 0.27 348.34 176.51 475.48 239.32 1.7 1.57 3.19 -5.64 1.82 20.64 0.01 0.6311159325033756
Car 0.0 2 -2.99 385.28 179.26 488.75 227.94 1.63 1.55 3.35 -6.09 1.87 25.51 3.06 0.5493953117217079
Car 0.0 1 2.98 729.36 183.91 840.62 220.31 1.34 1.52 3.99 6.71 1.79 28.08 -3.07 0.9063622060251173
Car 0.0 2 0.19 426.92 165.02 518.86 213.29 2.22 1.68 4.08 -6.56 1.88 34.66 0.0 0.4758830738035198
Car 0.0 0 -1.63 638.26 164.44 673.76 201.85 2.33 1.96 6.11 3.0 1.85 48.46 -1.57 0.4283090412018049
Car 0.0 2 -3.0 467.21 180.94 541.03 205.84 1.46 1.61 4.31 -6.52 1.98 44.51 -3.14 0.7539170180687571
Car 0.0 2 -3.14 489.77 175.15 555.93 202.7 1.8 1.77 4.41 -5.98 1.99 49.43 3.03 0.9030583430653744
Car 0.0 2 -1.61 629.17 166.45 654.38 196.34 2.57 1.99 6.64 2.84 2.06 65.94 -1.57 0.039865076818204837
Car -1.0 -1 -10.0 565.68 176.33 588.94 192.8 -1.0 -1.0 -1.0 -1000.0 -1000.0 -1000.0 -10.0 0.847061562554827
Car -1.0 -1 -10.0 598.67 171.48 623.87 187.95 -1.0 -1.0 -1.0 -1000.0 -1000.0 -1000.0 -10.0 0.36858474388373297
Car -1.0 -1 -10.0 588.96 176.33 598.63 186.0 -1.0 -1.0 -1.0 -1000.0 -1000.0 -1000.0 -10.0 0.17940985185049851
