Car 0.99 0 -2.39 971.45 198.71 1241.0 374.0 1.45 1.61 3.34 2.9 1.59 2.53 -1.59 0.12583625231826745
Car 0.78 1 -1.02 0.0 220.98 226.83 374.0 1.34 1.69 3.6 -4.9 1.86 6.02 -1.68 0.7990565545388207
Car 0.0 0 -1.92 702.55 163.72 931.57 324.56 1.69 1.59 3.77 2.42 1.62 9.59 -1.68 0.11142175493866979
Car 0.0 1 1.93 118.25 196.69 357.72 325.39 1.47 1.74 4.41 -5.44 1.9 11.18 1.49 0.9449973312022472
Car 0.0 0 -1.73 610.72 184.24 687.11 239.8 1.49 1.71 3.58 1.04 1.85 21.65 -1.68 0.38554471838046234
Car 0.0 0 -1.44 399.51 190.63 461.13 232.12 1.39 1.81 3.46 -6.73 2.09 27.18 -1.69 0.36520055371772897
Car 0.0 1 -1.66 583.77 183.71 626.07 219.78 1.47 1.55 3.37 -0.3 1.96 31.77 -1.67 0.029107453998556077
Car 0.0 0 1.75 453.56 183.89 487.54 208.72 1.62 1.66 3.81 -9.65 2.4 50.05 1.56 0.8659756041993417
Car 0.0 1 -1.66 566.81 180.52 597.31 206.21 1.61 1.67 3.62 -1.9 2.13 47.57 -1.7 0.27890522631563375
Cyclist 0.67 0 2.04 0.0 185.49 235.33 374.0 1.69 0.66 2.0 -2.97 1.78 4.17 1.45 0.4502406031692807
Car -1.0 -1 -10.0 510.37 178.27 559.83 195.71 -1.0 -1.0 -1.0 -1000.0 -1000.0 -1000.0 -10.0 0.25990489439187503
Car -1.0 -1 -10.0 487.08 183.12 506.46 195.7 -1.0 -1.0 -1.0 -1000.0 -1000.0 -1000.0 -10.0 0.8927908103915427
