Car 0.44 0 -2.45 0.0 184.63 205.14 330.6 1.57 1.47 3.23 -6.91 1.73 8.61 -3.11 0.5869820997000823
Car 0.0 3 -2.59 0.51 192.47 302.4 301.8 1.43 1.57 3.46 -6.65 1.75 10.63 -3.14 0.4255792220810568
Car 0.0 2 -2.71 113.79 163.84 397.34 281.25 1.94 1.75 4.27 -6.29 1.82 13.07 3.13 0.31217651201758423
Car 0.0 0 -2.42 798.84 176.12 961.93 242.97 1.42 1.56 3.48 6.35 1.53 17.38 -2.07 0.9148666727234679
Car 0.0 0 -1.77 635.99 182.39 689.89 219.49 1.41 1.51 3.45 2.07 1.81 29.54 -1.7 0.6172048731661208
Car 0.0 2 -2.82 247.66 186.81 406.81 251.18 1.49 1.57 3.39 -7.06 1.87 18.14 3.1 0.07933925783458606
Car 0.0 2 -2.82 278.0 188.28 426.5 244.91 1.48 1.62 3.63 -7.26 1.95 20.44 3.13 0.9191837991258806
Car 0.0 2 -2.88 346.39 186.24 474.06 230.48 1.44 1.64 4.01 -6.95 1.94 25.23 3.13 0.6089661581224007
Car 0.0 1 -1.69 616.14 180.81 655.12 208.72 1.42 1.63 4.15 1.32 1.87 39.35 -1.65 0.4897196634579707
Car -1.0 -1 -10.0 482.23 176.33 521.98 205.41 -1.0 -1.0 -1.0 -1000.0 -1000.0 -1000.0 -10.0 0.9996363019664037
Car -1.0 -1 -10.0 526.86 175.36 562.73 196.68 -1.0 -1.0 -1.0 -1000.0 -1000.0 -1000.0 -10.0 0.7978117599506982
Car -1.0 -1 -10.0 565.68 175.36 580.2 184.06 -1.0 -1.0 -1.0 -1000.0 -1000.0 -1000.0 -10.0 0.5767215960338982
Car -1.0 -1 -10.0 583.98 175.31 605.66 187.9 -1.0 -1.0 -1.0 -1000.0 -1000.0 -1000.0 -10.0 0.30769125618532034
