Car 0.97 0 2.38 0.0 202.66 117.86 374.0 1.62 1.66 3.81 -5.01 1.86 4.2 1.54 0.5059911935509512
Cyclist 0.0 0 1.91 330.95 172.17 418.52 301.95 1.85 0.63 2.07 -3.68 1.85 11.35 1.61 0.7779304604561184
Cyclist 0.0 0 1.78 396.46 176.84 462.68 293.46 1.76 0.66 1.83 -2.96 1.83 11.83 1.54 0.7532219101765626
Car 0.0 2 1.83 351.91 188.39 460.09 250.09 1.46 1.67 4.92 -5.63 1.94 20.41 1.57 0.9086587496466495
Cyclist 0.0 0 1.69 495.83 174.73 521.33 227.19 1.78 0.66 1.9 -3.61 1.86 25.51 1.55 0.21631322303195322
Car 0.0 1 1.8 486.55 182.7 536.45 211.1 1.42 1.73 4.41 -5.31 1.98 39.18 1.66 0.059188952953538654
Car 0.0 1 -1.55 638.5 175.56 672.81 203.73 1.51 1.84 4.1 2.61 1.69 41.13 -1.49 0.12508089213272378
Car 1.0 0 -2.79 1130.79 154.12 1241.0 374.0 1.61 1.67 3.62 2.58 1.53 0.64 -1.57 0.5804366234801581
Car -1.0 -1 -10.0 708.31 158.86 726.72 207.35 -1.0 -1.0 -1.0 -1000.0 -1000.0 -1000.0 -10.0 0.6362207110123658
Car -1.0 -1 -10.0 616.13 169.53 639.39 186.0 -1.0 -1.0 -1.0 -1000.0 -1000.0 -1000.0 -10.0 0.5720645472001928
Car -1.0 -1 -10.0 679.2 168.56 693.73 180.17 -1.0 -1.0 -1.0 -1000.0 -1000.0 -1000.0 -10.0 0.2152736628414188
