Car 0.0 0 -1.41 427.49 178.44 520.91 253.31 1.65 1.67 3.81 -3.3 1.8 17.95 -1.59 0.9215262558774389
Car 0.0 1 -1.79 719.67 176.05 833.41 263.0 1.52 1.51 3.1 3.14 1.6 14.33 -1.58 0.3347055528406381
Car 0.0 2 -1.74 680.51 178.81 765.37 243.59 1.53 1.58 3.53 2.83 1.7 18.97 -1.6 0.9486812666590753
Car 0.0 2 1.68 482.6 144.45 553.44 220.27 2.6 2.06 5.42 -3.42 1.66 27.66 1.56 0.44096415652501264
Car 0.0 1 -1.62 650.22 177.01 690.96 212.04 1.46 1.6 3.71 2.62 1.66 32.21 -1.54 0.24603443454750873
Car 0.0 0 -1.63 621.55 169.14 647.77 194.98 1.97 1.82 4.41 1.92 1.72 57.71 -1.6 0.5445884840397788
Car 0.0 0 -1.93 781.24 179.66 1072.89 359.34 1.57 1.72 3.52 3.17 1.65 8.11 -1.57 0.6364278569060717
Car -1.0 -1 -10.0 561.8 173.42 576.32 188.91 -1.0 -1.0 -1.0 -1000.0 -1000.0 -1000.0 -10.0 0.8700207081916094
Car -1.0 -1 -10.0 578.29 171.48 589.9 181.15 -1.0 -1.0 -1.0 -1000.0 -1000.0 -1000.0 -10.0 0.5983961724724611
Car -1.0 -1 -10.0 605.46 174.39 619.01 187.94 -1.0 -1.0 -1.0 -1000.0 -1000.0 -1000.0 -10.0 0.5294963004018917
