Car 0.18 3 0.64 0.0 183.7 325.19 329.84 1.52 1.64 3.65 -5.55 1.67 8.48 0.07 0.22613630482713998
Car 0.0 0 -1.81 752.04 187.99 909.54 294.62 1.43 1.58 3.37 3.35 1.7 11.69 -1.54 0.471685445662797
Car 0.0 1 -2.79 199.78 186.35 423.98 259.32 1.41 1.53 4.11 -6.24 1.72 15.28 3.11 0.0051855109263275745
Car 0.0 2 -2.87 327.13 181.73 468.11 235.94 1.46 1.57 3.6 -6.08 1.74 20.79 3.13 0.9397281841934443
Car 0.0 2 0.23 360.26 181.72 504.33 231.6 1.48 1.54 4.19 -5.61 1.79 22.94 -0.01 0.3667866627910389
Car 0.0 2 -2.87 377.12 180.72 504.27 226.28 1.52 1.57 4.08 -5.94 1.82 25.4 -3.1 0.3073747991422551
Car 0.0 2 -1.75 717.37 179.22 818.84 258.01 1.62 1.61 3.55 3.5 1.78 16.72 -1.55 0.5713497464965827
Car 0.0 1 -1.73 680.39 184.83 729.87 221.06 1.39 1.51 3.4 3.88 1.91 30.13 -1.6 0.3094994980468124
Car 0.0 2 0.23 432.7 181.62 528.49 222.0 1.48 1.49 3.38 -4.99 1.84 27.86 0.05 0.4270459651011894
Car 0.0 0 -1.62 652.11 167.04 680.85 198.01 2.33 1.96 6.11 4.46 1.93 57.9 -1.54 0.5573269865994955
Car 0.0 2 -3.02 513.18 179.18 573.18 199.55 1.46 1.61 4.31 -5.0 1.96 54.13 -3.11 0.847959545628427
Car -1.0 -1 -10.0 560.63 171.73 607.38 189.94 -1.0 -1.0 -1.0 -1000.0 -1000.0 -1000.0 -10.0 0.9398870681155785
Car -1.0 -1 -10.0 613.14 176.03 649.33 188.16 -1.0 -1.0 -1.0 -1000.0 -1000.0 -1000.0 -10.0 0.9498170560852217
