Car 0.02 0 2.1 0.0 191.09 290.07 339.63 1.45 1.6 3.2 -5.54 1.71 8.97 1.56 0.05015844786880164
Car 0.81 1 -2.22 861.15 188.26 1241.0 374.0 1.49 1.68 3.8 3.17 1.62 4.56 -1.64 0.004807820142953223
Car 0.0 1 1.95 219.73 185.13 387.8 279.07 1.49 1.63 3.68 -5.62 1.75 13.64 1.56 0.22133100032087538
Car 0.0 1 -1.91 757.77 179.85 971.99 311.91 1.49 1.61 3.55 3.25 1.6 10.04 -1.61 0.5396697516033795
Car 0.0 0 0.99 473.11 177.78 529.27 203.11 1.41 1.57 3.53 -6.45 1.73 42.37 0.84 0.3000567070132495
Pedestrian 0.0 0 0.85 669.19 172.3 686.19 205.83 1.69 0.69 0.83 3.46 1.67 36.88 0.94 0.600845441162941
Car 0.0 1 3.1 609.95 153.35 687.69 193.7 3.58 2.43 7.0 3.52 1.86 66.54 -3.13 0.7123334547478499
Car -1.0 -1 -10.0 357.06 181.18 414.28 198.62 -1.0 -1.0 -1.0 -1000.0 -1000.0 -1000.0 -10.0 0.28803072056634205
Car -1.0 -1 -10.0 687.43 172.42 734.11 199.33 -1.0 -1.0 -1.0 -1000.0 -1000.0 -1000.0 -10.0 0.37542816328971584
Car -1.0 -1 -10.0 571.58 174.94 621.99 193.63 -1.0 -1.0 -1.0 -1000.0 -1000.0 -1000.0 -10.0 0.20619294058538906
