Pedestrian 0.46 0 -1.87 0.0 154.38 204.16 373.0 1.76 0.76 1.02 -2.91 1.63 4.05 -2.47 0.14759303731384488
Pedestrian 0.28 0 -1.78 160.85 172.94 252.19 373.0 1.68 0.64 0.91 -2.76 1.63 4.94 -2.27 0.3688319212404091
Pedestrian 0.47 3 -1.53 0.0 171.67 91.4 373.0 1.71 0.68 0.93 -4.21 1.64 5.26 -2.19 0.039117535082491384
Pedestrian 0.0 0 -2.17 296.24 161.1 379.24 346.37 1.8 0.83 0.92 -2.91 1.6 7.58 -2.53 0.22307250751961594
Pedestrian 0.0 1 -1.67 241.17 168.55 308.17 343.26 1.72 0.69 0.88 -3.54 1.59 7.63 -2.09 0.031959714583224885
Car 0.0 1 1.82 270.92 180.48 437.5 290.97 1.57 1.67 4.14 -4.07 1.56 12.46 1.51 0.33158469219581166
Cyclist 0.0 0 1.57 462.3 163.32 500.61 247.8 1.8 0.79 1.86 -2.76 1.41 16.35 1.4 0.361803553099319
Pedestrian 0.0 0 1.37 671.48 158.26 694.81 225.08 1.81 1.06 0.73 2.01 1.18 19.93 1.46 0.21101249680713174
Pedestrian 0.0 0 -1.57 527.71 168.98 543.71 215.37 1.73 0.84 0.86 -2.68 1.26 27.37 -1.67 0.6247392134791073
Pedestrian 0.0 0 -1.6 535.63 166.37 551.29 214.71 1.81 0.9 0.95 -2.22 1.24 27.5 -1.68 0.3186507196135665
