Car 0.0 0 1.96 184.39 192.28 399.17 312.34 1.47 1.66 3.76 -4.7 1.81 11.16 1.57 0.39168865383009144
Car 0.46 1 -2.08 878.0 189.7 1241.0 374.0 1.47 1.6 3.7 3.74 1.65 6.21 -1.56 0.7306816638262554
Car 0.0 1 1.85 347.4 186.45 467.98 258.01 1.43 1.68 3.76 -4.59 1.77 16.77 1.59 0.6048627658268233
Car 0.0 1 -1.86 770.39 182.17 942.62 291.18 1.49 1.64 3.52 3.77 1.66 11.78 -1.56 0.3838344102818849
Car 0.0 2 1.82 413.76 184.86 504.74 236.25 1.38 1.68 4.34 -4.54 1.78 22.19 1.62 0.6758221181083613
Car 0.0 2 -1.78 719.64 177.82 830.28 251.09 1.5 1.64 4.14 3.69 1.63 17.0 -1.57 0.7812888062723328
Car 0.0 0 1.71 515.5 178.99 554.61 208.09 1.45 1.6 3.2 -3.94 1.79 38.02 1.61 0.40535002167869805
Car 0.0 2 -1.71 703.52 177.24 776.0 231.42 1.51 1.66 3.5 3.84 1.66 22.03 -1.54 0.8909442255128759
Car 0.0 2 -1.68 695.79 175.88 749.41 218.58 1.51 1.61 3.51 4.19 1.64 27.51 -1.53 0.05302629488951083
Car -1.0 -1 -10.0 562.77 175.36 637.45 187.94 -1.0 -1.0 -1.0 -1000.0 -1000.0 -1000.0 -10.0 0.9996260257457754
Car -1.0 -1 -10.0 654.95 172.45 680.15 190.86 -1.0 -1.0 -1.0 -1000.0 -1000.0 -1000.0 -10.0 0.30844323233194826
