Car 0.79 0 -2.16 856.37 194.68 1241.0 374.0 1.45 1.61 3.34 2.85 1.62 4.31 -1.6 0.9466610532971691
Cyclist 0.78 0 2.25 0.0 170.67 161.57 374.0 1.76 0.57 1.83 -3.48 1.75 4.14 1.58 0.10687667772729703
Car 0.37 1 -1.13 0.0 212.02 280.11 374.0 1.34 1.69 3.6 -5.0 1.85 7.59 -1.7 0.9667424633017827
Car 0.0 0 -1.89 678.58 165.13 860.46 295.92 1.69 1.59 3.77 2.24 1.61 11.35 -1.7 0.04233425138710911
Car 0.0 1 1.88 182.6 193.81 374.57 301.23 1.47 1.74 4.41 -5.64 1.9 12.83 1.48 0.7952908593942638
Car 0.0 0 -1.71 598.63 184.09 667.01 235.19 1.49 1.71 3.58 0.62 1.87 23.37 -1.68 0.131442019774466
Car 0.0 0 -1.46 400.49 189.8 457.31 228.75 1.39 1.81 3.46 -7.18 2.1 28.76 -1.7 0.5350870477305254
Car 0.0 1 -1.66 573.35 185.14 613.53 219.44 1.47 1.55 3.37 -0.84 2.06 33.47 -1.68 0.899273091305034
Cyclist 0.15 0 1.92 171.06 180.56 341.06 374.0 1.69 0.66 2.0 -3.07 1.77 6.39 1.49 0.5626217102722628
Car -1.0 -1 -10.0 500.67 182.15 518.11 195.71 -1.0 -1.0 -1.0 -1000.0 -1000.0 -1000.0 -10.0 0.541890325066642
Car -1.0 -1 -10.0 526.86 182.15 549.15 195.71 -1.0 -1.0 -1.0 -1000.0 -1000.0 -1000.0 -10.0 0.5012349891118455
Car -1.0 -1 -10.0 465.74 184.09 494.82 208.32 -1.0 -1.0 -1.0 -1000.0 -1000.0 -1000.0 -10.0 0.8146372921466523
Car -1.0 -1 -10.0 555.0 186.03 583.11 204.44 -1.0 -1.0 -1.0 -1000.0 -1000.0 -1000.0 -10.0 0.2010223420470486
