Pedestrian 0.73 0 -2.07 1167.66 152.89 1237.0 373.0 1.65 0.88 0.49 4.33 1.46 4.73 -1.36 0.6104209926388139
Pedestrian 0.0 0 -2.02 366.74 159.64 400.28 254.96 1.88 0.69 0.47 -4.57 1.45 14.56 -2.32 0.04384139306464019
Pedestrian 0.0 2 2.1 207.29 159.74 283.8 347.18 1.77 0.67 0.91 -3.73 1.57 7.25 1.63 0.8231668802486536
Pedestrian 0.0 0 2.32 638.04 173.99 668.21 229.44 1.51 1.01 0.97 1.32 1.31 20.3 2.38 0.4626508556102338
Pedestrian 0.0 0 -0.68 515.12 170.13 536.74 236.49 1.66 0.65 0.72 -2.11 1.37 18.44 -0.8 0.4607386859981184
Pedestrian 0.0 0 1.63 566.23 166.94 583.75 220.91 1.72 0.88 0.9 -1.1 1.25 23.4 1.58 0.5444438953796292
Pedestrian 0.0 1 -1.51 628.98 165.04 644.49 214.1 1.77 0.94 0.93 1.26 1.18 26.48 -1.46 0.3053624449238088
Pedestrian 0.0 0 1.6 621.63 168.19 630.95 203.82 1.73 0.67 0.83 1.13 1.08 35.42 1.63 0.5638583206912636
Car 0.0 0 -1.83 738.52 27.85 1098.59 352.39 2.56 2.06 5.87 3.04 1.35 8.67 -1.51 0.3300660486297795
Car -1.0 -1 -10.0 586.1 166.19 614.12 208.71 -1.0 -1.0 -1.0 -1000.0 -1000.0 -1000.0 -10.0 0.4816951687391009
Car -1.0 -1 -10.0 676.05 166.19 733.08 209.68 -1.0 -1.0 -1.0 -1000.0 -1000.0 -1000.0 -10.0 0.022938769932119185
