Car 0.99 0 -2.45 964.74 150.2 1241.0 374.0 1.69 1.59 3.77 3.0 1.6 2.49 -1.63 0.6665368354038582
Car 0.93 0 2.3 0.0 215.13 223.18 374.0 1.47 1.74 4.41 -4.7 1.88 4.88 1.56 0.3143547131164214
Car 0.0 0 -1.8 679.63 182.43 805.73 267.0 1.49 1.71 3.58 2.52 1.7 14.77 -1.63 0.6972871087875184
Car 0.0 0 -1.41 399.5 190.96 483.78 246.67 1.39 1.81 3.46 -4.77 1.95 20.7 -1.64 0.37025089960169066
Car 0.0 1 -1.69 643.24 183.32 701.02 229.99 1.47 1.55 3.37 2.04 1.85 24.92 -1.61 0.1270577179538055
Car 0.0 1 -1.44 456.82 182.63 514.2 227.72 1.72 1.8 4.16 -5.14 2.14 30.05 -1.61 0.37220448988322885
Car 0.0 0 1.69 494.64 184.39 529.89 212.93 1.62 1.66 3.81 -5.92 2.34 43.85 1.56 0.3799024730278572
Cyclist 0.0 0 1.64 563.32 180.97 570.83 198.86 1.85 0.63 2.07 -4.52 2.71 76.0 1.58 0.14942428504002503
Cyclist 0.0 0 1.62 570.39 181.1 577.6 198.03 1.76 0.66 1.83 -3.8 2.63 76.11 1.57 0.1286949030340624
Car 0.0 1 -1.64 623.83 180.95 658.52 211.18 1.61 1.67 3.62 1.69 2.08 40.69 -1.6 0.8645203768814264
Car -1.0 -1 -10.0 594.79 180.21 600.58 194.74 -1.0 -1.0 -1.0 -1000.0 -1000.0 -1000.0 -10.0 0.9615402154242824
Car -1.0 -1 -10.0 543.36 184.09 555.94 195.7 -1.0 -1.0 -1.0 -1000.0 -1000.0 -1000.0 -10.0 0.3453648000313412
Car -1.0 -1 -10.0 604.49 179.24 619.01 188.91 -1.0 -1.0 -1.0 -1000.0 -1000.0 -1000.0 -10.0 0.06406938469789025
