Car 0.0 0 -0.42 765.54 180.52 1029.6 290.18 1.55 1.57 3.51 4.37 1.69 11.37 -0.07 0.7272323769741312
Car 0.8 0 0.79 0.0 183.51 123.06 353.0 1.53 1.72 4.15 -7.67 1.67 7.34 0.0 0.45003179001541493
Car 0.0 1 -2.66 9.15 182.54 301.06 280.45 1.52 1.57 4.01 -7.74 1.71 12.49 3.07 0.43674372639575343
Car 0.0 2 -0.39 723.72 184.83 931.19 270.3 1.48 1.63 3.43 4.04 1.73 13.85 -0.11 0.7569806647649858
Car 0.0 2 -2.89 140.66 173.58 341.48 251.25 1.7 1.62 4.01 -8.74 1.75 17.34 2.94 0.6596107854894558
Car 0.0 2 0.27 222.8 169.88 372.6 244.05 1.91 1.51 3.49 -8.53 1.85 19.84 -0.13 0.5538181360816514
Car 0.0 2 -3.02 254.15 171.13 371.8 223.7 1.78 1.65 3.75 -10.67 1.74 26.08 2.88 0.08987902180542395
Car 0.0 0 -1.83 452.28 180.02 491.08 205.07 1.66 1.66 3.98 -9.7 2.17 50.3 -2.02 0.8233108648103122
Car -1.0 -1 -10.0 1079.9 188.94 1128.39 222.87 -1.0 -1.0 -1.0 -1000.0 -1000.0 -1000.0 -10.0 0.31492377276959216
Car -1.0 -1 -10.0 1005.2 185.06 1058.54 205.41 -1.0 -1.0 -1.0 -1000.0 -1000.0 -1000.0 -10.0 0.08518751604318775
Car -1.0 -1 -10.0 430.8 179.24 455.03 190.85 -1.0 -1.0 -1.0 -1000.0 -1000.0 -1000.0 -10.0 0.8540151140222869
Car -1.0 -1 -10.0 374.53 178.27 402.64 189.88 -1.0 -1.0 -1.0 -1000.0 -1000.0 -1000.0 -10.0 0.8982296697579445
