Pedestrian 0.0 0 1.41 710.04 176.74 721.04 207.94 1.74 0.75 0.64 5.94 1.97 40.82 1.55 0.6443622402689544
Car 0.53 1 2.24 0.0 181.09 88.92 240.02 1.94 1.88 5.3 -21.12 2.24 25.28 1.55 0.05051356061914736
Car 0.0 0 2.15 90.35 186.59 154.19 224.87 1.54 0.85 2.84 -20.93 2.14 30.99 1.56 0.9425809685556262
Car 0.78 3 2.29 0.0 195.8 58.22 267.48 1.48 1.61 3.39 -13.78 2.01 15.22 1.56 0.15773044164111905
Car 0.0 0 1.98 238.89 185.43 320.8 226.55 1.6 1.78 3.86 -13.99 2.15 30.74 1.55 0.07179386818814237
Car 0.0 1 2.04 200.8 183.23 282.38 222.16 1.65 1.77 3.85 -16.82 2.14 33.09 1.57 0.16646748909997833
Car 0.0 0 1.84 397.38 183.5 436.78 206.2 1.58 1.82 3.87 -14.2 2.38 53.24 1.58 0.27460348603524987
Car -1.0 -1 -10.0 663.68 176.33 675.29 196.68 -1.0 -1.0 -1.0 -1000.0 -1000.0 -1000.0 -10.0 0.8889083973361482
Car -1.0 -1 -10.0 550.15 181.18 557.88 188.91 -1.0 -1.0 -1.0 -1000.0 -1000.0 -1000.0 -10.0 0.3286623465589855
Car -1.0 -1 -10.0 849.98 192.82 902.35 211.23 -1.0 -1.0 -1.0 -1000.0 -1000.0 -1000.0 -10.0 0.2607920105100233
Car -1.0 -1 -10.0 728.69 176.33 870.33 193.77 -1.0 -1.0 -1.0 -1000.0 -1000.0 -1000.0 -10.0 0.10973078373020873
