Pedestrian 0.0 0 0.27 668.97 145.67 689.64 202.72 1.76 0.53 0.64 2.27 0.69 22.19 0.37 0.8271302584521234
Pedestrian 0.0 1 -0.54 281.55 137.99 318.55 259.8 1.92 0.66 0.67 -5.1 1.25 11.59 -0.94 0.9314474269088798
Pedestrian 0.0 0 1.02 711.2 139.31 769.2 300.21 1.87 0.7 0.73 1.61 1.39 8.69 1.19 0.771101467191944
Pedestrian 0.0 1 1.09 707.35 134.87 762.01 273.35 1.81 0.57 0.96 1.6 1.21 9.78 1.25 0.07698569483562379
Pedestrian 0.0 0 0.79 645.11 141.76 700.11 299.09 1.82 0.66 0.97 0.98 1.37 8.75 0.9 0.6788279595040716
Pedestrian 0.0 0 1.03 631.38 142.87 688.71 306.34 1.78 0.6 1.15 0.66 1.37 8.35 1.1 0.32486438386582994
Pedestrian 0.0 0 1.36 538.15 141.95 570.82 220.09 1.77 0.66 1.0 -1.18 0.89 16.61 1.29 0.9722569847945263
Pedestrian 0.0 0 1.38 567.58 137.27 597.24 219.33 1.88 0.62 1.0 -0.63 0.89 16.78 1.35 0.8692629754906224
Pedestrian 0.0 1 1.33 531.47 142.18 559.47 214.15 1.81 0.75 0.96 -1.71 0.84 18.35 1.24 0.6119224905171965
Pedestrian 0.0 0 1.45 498.81 144.36 521.81 220.18 1.81 0.82 0.89 -2.36 0.94 17.43 1.32 0.9324362839838258
Pedestrian 0.0 1 1.31 417.23 141.25 444.23 217.1 1.8 0.58 0.92 -4.35 0.87 17.34 1.07 0.800694492964324
Pedestrian 0.0 1 1.36 450.97 146.67 471.64 213.15 1.62 0.52 0.87 -3.67 0.79 17.75 1.16 0.08853282962140485
Pedestrian 0.0 0 1.31 472.85 138.58 497.18 213.17 1.85 0.55 0.95 -3.11 0.81 18.04 1.15 0.9702808244689981
Car 0.97 3 -1.26 0.0 0.0 267.72 369.0 2.13 1.99 5.19 -3.17 1.66 3.69 -1.93 0.4747353518552201
Car -1.0 -1 -10.0 768.8 120.43 1220.11 154.81 -1.0 -1.0 -1.0 -1000.0 -1000.0 -1000.0 -10.0 0.4674175646281111
Car -1.0 -1 -10.0 322.23 157.73 374.78 203.59 -1.0 -1.0 -1.0 -1000.0 -1000.0 -1000.0 -10.0 0.508022068959435
