Car 0.0 1 2.67 866.13 143.28 979.18 180.44 1.52 1.76 4.1 13.69 -0.03 30.63 3.08 0.3342751380423752
Car 0.0 0 -1.5 529.84 171.8 562.46 196.94 1.5 1.78 3.69 -3.67 0.98 44.68 -1.58 0.7331050533371947
Cyclist 0.0 0 -0.05 617.39 166.57 643.63 191.8 1.74 0.6 1.79 1.8 0.78 49.67 -0.01 0.07393333988923811
Cyclist 0.0 0 -0.09 566.59 166.28 592.25 191.99 1.86 0.63 1.82 -1.87 0.83 52.13 -0.12 0.4268235946662713
Pedestrian 0.0 1 -3.07 586.03 170.02 600.94 195.47 1.8 0.68 1.44 -0.76 1.06 50.82 -3.09 0.6852700835118649
Pedestrian 0.0 1 0.26 459.22 171.92 473.54 199.76 1.92 0.57 1.32 -9.71 1.33 49.38 0.07 0.08568859299999021
Car -1.0 -1 -10.0 386.3 176.85 423.55 208.36 -1.0 -1.0 -1.0 -1000.0 -1000.0 -1000.0 -10.0 0.3603560086337051
Car -1.0 -1 -10.0 800.36 158.68 843.35 172.02 -1.0 -1.0 -1.0 -1000.0 -1000.0 -1000.0 -10.0 0.19301434985003385
Car -1.0 -1 -10.0 716.21 160.59 725.73 179.67 -1.0 -1.0 -1.0 -1000.0 -1000.0 -1000.0 -10.0 0.5984658457382653
Car -1.0 -1 -10.0 513.48 171.11 525.87 194.97 -1.0 -1.0 -1.0 -1000.0 -1000.0 -1000.0 -10.0 0.5589677771958392
