Car 0.0 0 -1.57 576.97 176.63 662.61 254.58 1.6 1.76 3.84 0.24 1.42 16.81 -1.55 0.6892069382467008
Car 0.0 0 -1.1 65.55 196.7 353.34 346.19 1.38 1.58 3.49 -4.58 1.57 8.82 -1.57 0.02830378525077748
Car 0.0 2 -1.04 56.65 185.4 269.5 278.65 1.5 1.64 3.93 -8.3 1.52 13.82 -1.57 0.6721478702761332
Car 0.0 0 -1.32 358.37 183.46 475.4 253.6 1.43 1.64 4.33 -4.43 1.41 17.2 -1.57 0.5267406817835517
Car 0.0 1 -1.42 428.56 117.05 541.64 225.86 3.48 2.57 11.68 -4.51 1.26 28.99 -1.57 0.7403110123437394
Car 0.0 1 -1.53 534.28 148.3 570.04 196.54 3.91 2.68 12.6 -4.85 0.87 64.85 -1.61 0.35990108809228283
Car 0.84 0 -0.83 0.0 187.08 54.47 262.89 1.48 1.57 3.75 -12.77 1.54 13.64 -1.57 0.5468034942501238
Car 0.0 2 -1.13 213.18 183.5 310.64 225.58 1.37 1.59 3.99 -12.38 1.33 25.95 -1.57 0.6978170506591156
Car 0.0 1 -1.22 304.44 167.14 377.31 211.51 1.88 1.83 3.95 -12.07 1.1 32.72 -1.57 0.19505658257497804
Car 0.0 0 -1.3 668.56 183.51 699.81 201.3 1.41 1.66 3.76 6.43 1.29 60.29 -1.2 0.9741636266242171
