Car 0.0 0 -1.57 562.19 178.41 609.13 221.2 1.6 1.76 3.84 -0.92 1.34 29.1 -1.6 0.09056174115137594
Car 0.9 0 -0.78 0.0 179.46 87.53 327.73 1.66 1.62 3.95 -7.67 1.61 7.42 -1.57 0.9092209873626006
Car 0.0 0 -1.28 265.08 179.22 475.26 317.82 1.64 1.72 4.24 -3.28 1.57 10.72 -1.57 0.2484828116153639
Car 0.0 1 -1.15 190.54 187.01 332.49 257.48 1.45 1.61 3.72 -8.11 1.52 17.14 -1.58 0.1032206497002015
Car 0.1 1 -0.96 0.0 185.5 173.54 257.29 1.51 1.66 4.13 -12.75 1.54 17.6 -1.58 0.9258403887495945
Car 0.0 1 -1.41 452.93 182.4 520.33 230.07 1.48 1.64 3.81 -4.08 1.39 24.54 -1.57 0.077096923457454
Car 0.0 2 -1.37 415.3 183.28 465.28 214.03 1.44 1.71 3.78 -8.43 1.36 36.38 -1.59 0.5067495028094836
Car 0.0 1 -1.46 506.97 183.14 548.01 212.33 1.37 1.61 4.21 -4.06 1.28 36.64 -1.57 0.23299538895368888
Car 0.0 1 -1.53 534.88 165.94 559.45 195.85 2.74 2.09 5.96 -5.78 0.95 69.32 -1.61 0.031305717955665946
Car 0.0 2 -1.12 189.21 183.9 292.99 232.53 1.5 1.55 3.99 -12.47 1.47 24.67 -1.58 0.3666394473393546
