Car 0.99 0 -2.37 933.63 216.6 1241.0 374.0 1.37 1.61 4.26 3.04 1.66 2.81 -1.6 0.025617997442929252
Car 0.0 0 1.73 415.19 183.17 495.04 244.67 1.51 1.55 3.92 -4.24 1.81 20.08 1.52 0.9646067843600528
Car 0.93 0 2.18 0.0 205.44 273.89 374.0 1.51 1.55 3.71 -3.43 1.76 3.96 1.5 0.2879840122452384
Car 0.0 1 -1.97 773.27 191.63 1056.12 374.0 1.5 1.53 3.37 2.98 1.74 7.92 -1.62 0.5952497878412544
Car 0.0 1 -1.8 689.27 182.25 805.47 265.86 1.47 1.56 3.16 2.6 1.68 14.54 -1.63 0.1816850088792249
Car 0.0 1 -1.74 652.47 181.11 735.79 243.38 1.48 1.56 3.62 2.09 1.7 19.16 -1.63 0.7430246971749033
Car 0.0 2 -1.71 634.09 183.38 696.51 227.94 1.39 1.54 4.6 1.81 1.77 25.33 -1.64 0.9887425870567271
Car 0.0 2 1.7 453.58 184.85 514.99 228.97 1.4 1.62 4.26 -4.44 1.85 25.79 1.53 0.2917136271169988
Car 0.0 2 1.67 487.1 183.65 527.12 213.71 1.39 1.6 3.8 -5.12 1.95 36.07 1.53 0.38667436142836886
Car 0.0 2 3.01 758.02 167.88 828.3 202.51 2.05 1.8 3.95 11.18 1.78 44.32 -3.03 0.9654510790080488
Car -1.0 -1 -10.0 539.48 180.21 587.97 194.74 -1.0 -1.0 -1.0 -1000.0 -1000.0 -1000.0 -10.0 0.09357150178257512
Car -1.0 -1 -10.0 588.96 177.3 631.62 197.65 -1.0 -1.0 -1.0 -1000.0 -1000.0 -1000.0 -10.0 0.15831057512992963
