Car 0.47 0 -2.05 800.74 171.74 1241.0 374.0 1.66 1.66 3.98 2.93 1.68 5.85 -1.6 0.8975762793035188
Car 0.19 3 -2.56 0.0 173.68 292.12 304.91 1.64 1.59 3.87 -6.74 1.68 9.98 3.14 0.459950889093662
Car 0.66 3 -2.42 0.0 175.39 184.36 345.02 1.6 1.56 4.11 -7.07 1.66 7.62 3.13 0.1430275632045962
Car 0.0 2 0.44 158.92 181.86 411.85 276.51 1.52 1.69 3.68 -5.61 1.7 12.67 0.03 0.5200851030016924
Car 0.0 2 -2.81 324.21 177.19 445.14 231.06 1.57 1.47 3.23 -6.91 1.72 22.16 -3.11 0.648832422762657
Car 0.0 2 -2.87 351.48 181.49 467.36 226.63 1.43 1.57 3.46 -6.73 1.74 24.28 3.14 0.10167798807598294
Car 0.0 2 -2.92 373.69 166.31 500.53 221.74 1.94 1.75 4.27 -6.35 1.74 26.69 3.13 0.4558698998351215
Car 0.0 0 -2.27 715.46 177.2 797.41 212.62 1.42 1.56 3.48 6.22 1.63 31.15 -2.08 0.34600571247022827
Car 0.0 0 -1.75 625.85 178.17 661.29 202.85 1.41 1.51 3.45 1.95 1.74 43.33 -1.71 0.8513112115636008
Car -1.0 -1 -10.0 507.46 179.24 541.39 195.71 -1.0 -1.0 -1.0 -1000.0 -1000.0 -1000.0 -10.0 0.5745477783155646
Car -1.0 -1 -10.0 545.3 172.45 557.88 185.03 -1.0 -1.0 -1.0 -1000.0 -1000.0 -1000.0 -10.0 0.506827795062852
Car -1.0 -1 -10.0 593.82 169.53 619.02 189.88 -1.0 -1.0 -1.0 -1000.0 -1000.0 -1000.0 -10.0 0.2938444281530258
