Car 0.0 0 -1.61 564.59 183.11 586.2 201.51 1.37 1.54 3.56 -2.58 1.22 56.51 -1.66 0.691328070304663
Car 0.78 0 -0.96 0.0 192.11 206.72 375.0 1.52 1.58 3.56 -4.98 1.61 5.83 -1.65 0.9768135620742506
Car 0.0 0 -1.77 638.19 181.3 765.07 273.44 1.6 1.76 3.84 1.71 1.53 14.63 -1.66 0.6846876872658506
Car 0.0 0 -1.27 236.76 191.97 384.48 275.9 1.36 1.61 3.76 -5.71 1.53 14.2 -1.65 0.9295526793785003
Car 0.0 1 -1.17 115.34 168.93 282.03 253.01 1.88 1.86 5.13 -10.45 1.5 18.84 -1.67 0.5360186321803259
Car 0.0 1 -1.37 351.78 188.5 437.67 243.76 1.37 1.59 3.89 -6.02 1.49 20.58 -1.65 0.28204849628659556
Car 0.0 0 -1.61 522.17 181.15 568.65 224.22 1.58 1.68 3.95 -2.58 1.43 28.69 -1.7 0.46692167663700135
Car 0.0 2 -1.43 393.56 184.28 454.0 223.8 1.42 1.69 4.53 -7.29 1.4 28.76 -1.68 0.12484235472545646
Car 0.0 2 -1.31 291.59 184.81 367.87 225.6 1.42 1.7 4.13 -10.65 1.42 27.76 -1.67 0.14472740174492005
Car 0.0 1 -1.46 441.68 184.26 477.56 211.4 1.42 1.53 4.2 -8.37 1.39 40.78 -1.66 0.40106167892270417
Car 0.0 2 -1.35 339.36 173.13 396.71 213.48 1.99 1.89 4.59 -12.6 1.38 37.99 -1.67 0.20672598456596025
Car 0.0 2 -1.49 456.86 182.83 485.7 204.86 1.43 1.62 4.08 -9.41 1.28 49.7 -1.68 0.5929577128569296
Car 0.0 1 -1.55 476.34 170.83 499.46 200.51 2.58 1.91 6.53 -10.96 1.31 66.09 -1.71 0.7259490013909574
Car 0.0 1 -1.58 516.11 165.13 547.45 202.2 2.64 2.22 5.52 -5.77 1.19 54.41 -1.68 0.8168551322978161
