Car 0.62 0 2.22 0.0 189.03 222.46 374.0 1.74 1.65 4.11 -6.18 1.95 7.82 1.57 0.1592394078105207
Car 0.0 0 1.72 483.03 182.07 541.72 219.21 1.41 1.76 4.4 -4.02 1.81 30.09 1.59 0.7495997122132896
Car 0.0 1 2.0 179.01 188.74 359.11 287.23 1.61 1.64 4.0 -6.53 1.96 14.25 1.58 0.13362790996803786
Car 0.0 1 1.82 372.35 187.09 449.6 233.18 1.43 1.7 3.74 -6.87 1.95 25.11 1.56 0.5517019863299727
Car 0.0 1 -1.61 629.15 174.86 657.96 200.07 1.55 1.66 4.15 2.11 1.7 46.83 -1.57 0.9609214144002085
Car 0.0 1 2.94 705.93 165.32 796.6 193.49 1.47 1.7 4.65 7.72 1.1 39.85 3.13 0.4876497124356385
Car 0.0 2 2.97 700.16 158.19 778.73 191.77 1.91 1.81 4.33 7.62 1.09 42.89 -3.13 0.4761707073523874
Car 0.0 2 -0.44 883.61 146.43 969.51 178.01 2.06 2.07 4.94 21.58 0.32 49.34 -0.03 0.6120380906337445
Car -1.0 -1 -10.0 1153.7 146.73 1240.01 203.95 -1.0 -1.0 -1.0 -1000.0 -1000.0 -1000.0 -10.0 0.3053562376097442
Car -1.0 -1 -10.0 581.2 171.96 591.84 182.6 -1.0 -1.0 -1.0 -1000.0 -1000.0 -1000.0 -10.0 0.4142751729194698
Car -1.0 -1 -10.0 656.89 164.2 724.78 179.69 -1.0 -1.0 -1.0 -1000.0 -1000.0 -1000.0 -10.0 0.9006138770757068
Car -1.0 -1 -10.0 796.61 157.41 869.35 173.88 -1.0 -1.0 -1.0 -1000.0 -1000.0 -1000.0 -10.0 0.5820101948876361
Car -1.0 -1 -10.0 466.29 183.13 496.02 207.31 -1.0 -1.0 -1.0 -1000.0 -1000.0 -1000.0 -10.0 0.6053218408404002
