Car 0.6 0 -2.07 832.42 174.85 1241.0 374.0 1.62 1.48 3.36 2.78 1.65 4.96 -1.59 0.5697551135838178
Car 0.76 0 0.76 0.0 182.72 178.83 374.0 1.59 1.63 3.75 -6.06 1.7 6.1 -0.0 0.7808120286003021
Car 0.45 3 -2.49 0.0 154.89 223.11 339.29 1.95 1.67 3.35 -6.73 1.78 8.5 3.14 0.7104960244858978
Car 0.0 2 -2.62 22.74 187.87 303.39 291.07 1.42 1.55 3.35 -6.77 1.68 11.1 3.13 0.3517470382690473
Car 0.0 2 0.41 192.68 187.49 411.29 268.87 1.43 1.49 3.56 -5.86 1.74 13.86 0.01 0.09637378174031863
Car 0.0 2 0.35 265.94 182.1 453.97 256.22 1.53 1.6 3.62 -5.52 1.76 16.08 0.02 0.6185890561191936
Car 0.0 2 0.37 307.11 179.45 449.08 247.95 1.66 1.57 3.11 -5.94 1.85 18.57 0.06 0.4459063268578114
Car 0.0 2 0.33 313.88 175.69 481.79 236.72 1.66 1.71 4.34 -6.1 1.77 20.89 0.05 0.6366820187265844
Car 0.0 2 -2.96 377.81 177.82 492.64 222.75 1.51 1.66 3.73 -6.21 1.71 25.76 3.09 0.044321360410447874
Car 0.0 2 0.17 429.25 165.62 525.0 210.05 2.08 1.8 4.37 -6.49 1.77 35.42 -0.01 0.6006173378653955
Cyclist 0.0 0 1.6 571.91 176.68 580.55 198.73 1.59 0.58 1.69 -2.5 1.88 53.12 1.55 0.5958457342586875
Car 0.0 0 -1.71 686.12 184.37 764.86 245.47 1.38 1.49 3.38 2.81 1.69 18.42 -1.56 0.034227495505079086
Car 0.0 1 -0.2 742.54 172.66 876.47 226.83 1.67 1.6 3.94 6.39 1.7 23.53 0.06 0.06722219536058427
Car 0.0 2 -0.18 689.7 170.47 766.29 204.67 1.77 1.69 3.82 6.3 1.67 38.96 -0.02 0.9683823779326415
Car 0.0 0 -1.67 635.42 177.4 662.51 197.91 1.41 1.56 4.08 2.77 1.76 52.36 -1.61 0.5982124183244034
Car -1.0 -1 -10.0 600.61 171.96 610.28 179.69 -1.0 -1.0 -1.0 -1000.0 -1000.0 -1000.0 -10.0 0.7971427645531102
Car -1.0 -1 -10.0 523.95 171.96 555.94 197.16 -1.0 -1.0 -1.0 -1000.0 -1000.0 -1000.0 -10.0 0.11751575705462713
Car -1.0 -1 -10.0 551.12 172.93 565.64 187.46 -1.0 -1.0 -1.0 -1000.0 -1000.0 -1000.0 -10.0 0.3307353276826721
Car -1.0 -1 -10.0 617.1 169.05 635.51 182.61 -1.0 -1.0 -1.0 -1000.0 -1000.0 -1000.0 -10.0 0.14240009399108022
