Car 0.96 0 -0.86 0.0 199.36 302.33 369.0 1.5 1.78 3.69 -3.17 1.66 3.35 -1.57 0.055296049211561726
Pedestrian 0.01 1 -0.58 1114.41 131.33 1184.59 290.7 1.75 0.57 1.07 6.26 1.22 8.1 0.06 0.2905372777869839
Pedestrian 0.46 0 -0.54 1139.06 121.28 1223.0 301.47 1.8 0.61 1.04 6.28 1.21 7.35 0.14 0.03312578542526523
Cyclist 0.0 1 -1.6 991.5 146.93 1029.3 216.28 1.72 0.78 1.71 10.56 0.89 18.51 -1.09 0.06951099397003535
Pedestrian 0.0 1 0.09 505.68 165.71 547.07 274.96 1.72 0.55 0.93 -1.15 1.49 11.49 -0.0 0.9708083676285698
Pedestrian 0.0 0 0.12 485.98 169.36 532.71 277.66 1.62 0.48 0.96 -1.44 1.46 10.9 -0.01 0.7922817518299825
Car 0.0 0 1.65 447.1 170.89 481.59 195.65 1.45 1.75 4.23 -8.7 0.88 44.05 1.46 0.24542032084448873
Car 0.0 0 -1.63 644.22 168.49 667.52 188.64 1.5 1.54 4.1 3.97 0.59 55.38 -1.56 0.18109056782325017
Car -1.0 -1 -10.0 879.73 158.2 904.55 192.58 -1.0 -1.0 -1.0 -1000.0 -1000.0 -1000.0 -10.0 0.6404389905835904
Car -1.0 -1 -10.0 628.23 167.77 639.66 179.2 -1.0 -1.0 -1.0 -1000.0 -1000.0 -1000.0 -10.0 0.6049120712805627
