Car 0.18 0 -1.99 778.85 187.86 1185.71 374.0 1.36 1.55 3.87 2.75 1.52 6.47 -1.6 0.0355336967519192
Car 0.0 1 -1.78 690.2 170.01 793.2 255.09 1.62 1.48 3.36 2.69 1.6 15.6 -1.61 0.9103463623554262
Car 0.0 2 0.46 170.13 173.79 414.91 259.24 1.55 1.7 4.09 -6.19 1.6 14.23 0.06 0.8957171114056377
Car 0.0 2 0.36 253.47 171.49 439.64 244.78 1.59 1.63 3.75 -6.1 1.59 16.87 0.01 0.9542894320785318
Car 0.0 2 -2.82 280.22 159.98 427.84 237.51 1.95 1.67 3.35 -6.79 1.64 19.27 3.13 0.7897161666483135
Car 0.0 2 0.24 377.02 174.47 492.3 218.79 1.43 1.49 3.56 -5.96 1.51 24.62 0.01 0.7291530765575184
Car 0.0 2 0.22 404.41 174.37 511.26 217.74 1.53 1.6 3.62 -5.65 1.61 26.89 0.01 0.5559923562077235
Car 0.0 2 0.26 413.65 169.75 499.98 212.67 1.66 1.57 3.11 -6.21 1.57 29.26 0.05 0.6258402928127181
Car 0.0 2 0.13 464.63 161.87 536.82 195.65 2.08 1.8 4.37 -6.99 1.42 46.29 -0.02 0.6413938464941265
Cyclist 0.0 0 1.58 577.4 170.61 583.89 187.65 1.59 0.58 1.69 -2.79 1.39 68.48 1.54 0.9687067611372197
Car 0.0 1 -1.68 654.13 176.79 701.04 213.37 1.38 1.49 3.38 2.65 1.56 29.28 -1.59 0.96236706802956
Car 0.0 0 -1.65 626.08 171.76 647.93 188.64 1.41 1.56 4.08 2.32 1.35 63.14 -1.62 0.004888119659939516
Car -1.0 -1 -10.0 525.89 169.05 569.52 182.61 -1.0 -1.0 -1.0 -1000.0 -1000.0 -1000.0 -10.0 0.7990740006764059
Car -1.0 -1 -10.0 598.69 166.98 605.93 175.36 -1.0 -1.0 -1.0 -1000.0 -1000.0 -1000.0 -10.0 0.39393921949824673
