Car 0.11 0 -1.29 200.52 196.66 472.41 374.0 1.5 1.55 4.21 -2.68 1.82 7.99 -1.61 0.940485813142713
Car 0.02 0 -1.86 729.19 163.55 999.38 374.0 1.82 1.65 3.67 2.42 1.77 7.97 -1.58 0.2928442428083944
Car 0.0 2 -1.78 701.4 185.72 839.47 288.44 1.52 1.51 4.28 2.68 1.78 13.18 -1.58 0.03238714909305063
Car 0.0 1 -1.42 434.96 204.24 512.53 254.18 1.0 1.43 2.52 -3.21 1.79 17.1 -1.6 0.1153453138118572
Car 0.0 1 1.71 467.16 181.89 539.17 235.02 1.42 1.57 4.1 -3.15 1.71 21.69 1.57 0.7897430710742693
Car 0.0 2 -1.75 659.27 181.18 756.64 246.27 1.43 1.64 4.14 2.29 1.65 18.17 -1.63 0.06684755358287653
Car 0.0 0 1.61 536.95 178.02 565.55 202.48 1.38 1.53 3.58 -3.48 1.7 42.91 1.53 0.21903318584328357
Car 0.0 0 -1.62 628.55 175.2 656.76 198.66 1.49 1.65 4.06 2.13 1.67 48.45 -1.58 0.06077459004554053
Car -1.0 -1 -10.0 573.44 174.87 596.7 180.66 -1.0 -1.0 -1.0 -1000.0 -1000.0 -1000.0 -10.0 0.8566684356676106
Car -1.0 -1 -10.0 606.43 170.99 642.3 189.4 -1.0 -1.0 -1.0 -1000.0 -1000.0 -1000.0 -10.0 0.7566141608279944
Car -1.0 -1 -10.0 557.91 173.9 577.29 193.28 -1.0 -1.0 -1.0 -1000.0 -1000.0 -1000.0 -10.0 0.9739822066360077
