Car 0.09 0 -1.97 768.15 170.43 1124.89 374.0 1.66 1.66 3.98 2.92 1.67 7.4 -1.61 0.163163922113155
Car 0.0 2 -2.63 27.75 173.04 330.07 285.99 1.64 1.59 3.87 -6.77 1.67 11.53 3.14 0.5606008581253782
Car 0.42 3 -2.5 0.0 175.65 247.95 315.95 1.6 1.56 4.11 -7.08 1.67 9.14 3.13 0.18186315523745944
Car 0.0 2 0.4 209.25 180.93 430.88 264.57 1.52 1.69 3.68 -5.64 1.7 14.22 0.03 0.9033110356857165
Car 0.0 2 -2.83 342.55 177.5 454.74 227.73 1.57 1.47 3.23 -6.93 1.74 23.72 -3.11 0.5386571302389642
Car 0.0 2 -2.89 367.01 181.44 475.31 223.82 1.43 1.57 3.46 -6.74 1.76 25.81 3.14 0.34112557903956897
Car 0.0 2 -2.93 386.65 167.06 506.05 219.39 1.94 1.75 4.27 -6.36 1.75 28.22 3.13 0.5349313363160975
Car 0.0 1 -2.26 710.73 178.06 788.29 211.72 1.42 1.56 3.48 6.23 1.68 32.7 -2.08 0.12889626547491073
Car 0.0 0 -1.75 625.06 178.19 659.17 201.98 1.41 1.51 3.45 1.93 1.75 44.86 -1.71 0.6436840745808509
Car -1.0 -1 -10.0 594.79 172.93 626.78 193.28 -1.0 -1.0 -1.0 -1000.0 -1000.0 -1000.0 -10.0 0.11742314593872949
Car -1.0 -1 -10.0 514.25 172.93 559.83 192.31 -1.0 -1.0 -1.0 -1000.0 -1000.0 -1000.0 -10.0 0.6223130887529409
