Pedestrian 0.0 0 -1.53 699.84 170.63 735.5 284.6 1.76 0.76 1.02 1.67 1.6 11.66 -1.4 0.4200241327951234
Pedestrian 0.0 0 2.5 434.98 171.76 474.98 256.29 1.78 0.82 0.8 -3.39 1.58 15.73 2.29 0.7985054006270534
Pedestrian 0.0 1 1.75 401.72 174.06 426.05 254.24 1.75 0.71 0.89 -4.35 1.59 16.17 1.48 0.8815046374546667
Pedestrian 0.0 0 1.28 817.13 167.09 843.79 246.99 1.67 0.78 0.95 4.9 1.37 15.53 1.58 0.09690367008211609
Pedestrian 0.0 1 1.35 791.64 166.27 817.64 244.64 1.74 0.72 0.77 4.35 1.4 16.37 1.6 0.8623467410092377
Pedestrian 0.0 0 -1.6 650.79 170.3 676.12 238.28 1.89 0.96 0.95 1.53 1.58 20.49 -1.53 0.2885125850991862
Pedestrian 0.0 1 -1.61 727.12 174.97 755.45 280.35 1.68 0.64 0.91 2.26 1.58 11.96 -1.43 0.4349936400136851
Pedestrian 0.0 2 -1.66 678.45 176.75 721.62 260.53 1.71 0.8 0.94 2.05 1.62 15.22 -1.54 0.3187530396457102
Pedestrian 0.0 1 -1.73 762.14 165.01 791.47 249.03 1.8 0.83 0.92 3.58 1.45 15.9 -1.52 0.21807142126286694
Pedestrian 0.0 2 -1.81 777.73 163.67 799.35 234.37 1.83 0.78 0.94 5.03 1.37 19.15 -1.57 0.07426373893486704
Car 0.0 0 1.68 558.93 178.53 601.54 211.89 1.57 1.67 4.14 -1.01 1.43 36.16 1.65 0.17000440905430014
Pedestrian 0.13 3 -2.11 16.29 177.94 73.96 307.2 1.81 0.73 0.84 -8.35 1.76 10.54 -2.78 0.5550020159040631
Car -1.0 -1 -10.0 617.05 175.38 630.56 186.95 -1.0 -1.0 -1.0 -1000.0 -1000.0 -1000.0 -10.0 0.681926432665289
Car -1.0 -1 -10.0 70.59 233.41 143.09 359.11 -1.0 -1.0 -1.0 -1000.0 -1000.0 -1000.0 -10.0 0.7783667439355626
