Car 0.0 0 1.33 785.38 178.56 888.02 245.6 1.52 1.55 3.91 5.6 1.67 18.41 1.62 0.846676377617057
Car 0.0 1 1.57 696.31 175.46 771.06 240.04 1.62 1.84 4.1 3.42 1.71 20.22 1.74 0.5625147291356296
Car 0.0 0 -1.72 190.35 192.98 255.0 231.63 1.38 1.73 3.97 -15.7 2.23 29.09 -2.21 0.23119907210295665
Car 0.0 1 -2.89 376.41 178.45 470.24 218.04 1.74 1.58 3.9 -8.58 2.02 33.23 -3.14 0.4750365473366521
Car 0.0 0 -1.61 129.97 185.83 159.66 209.76 1.77 1.77 5.1 -36.66 2.81 56.77 -2.18 0.9940883152656189
Car 0.0 0 -2.17 443.34 162.71 711.85 318.72 1.95 1.89 4.61 -0.79 1.85 11.39 -2.24 0.4835157763282929
Car 0.0 0 -1.95 307.59 196.87 437.37 264.81 1.35 1.64 3.76 -5.76 1.96 17.1 -2.27 0.555231413941185
Car -1.0 -1 -10.0 874.87 174.05 1028.2 216.8 -1.0 -1.0 -1.0 -1000.0 -1000.0 -1000.0 -10.0 0.6418355726752086
Car -1.0 -1 -10.0 26.89 183.14 93.7 207.3 -1.0 -1.0 -1.0 -1000.0 -1000.0 -1000.0 -10.0 0.10221987255755705
Car -1.0 -1 -10.0 0.0 187.49 17.44 222.39 -1.0 -1.0 -1.0 -1000.0 -1000.0 -1000.0 -10.0 0.15352868822670906
Car -1.0 -1 -10.0 170.76 192.34 201.78 221.42 -1.0 -1.0 -1.0 -1000.0 -1000.0 -1000.0 -10.0 0.1829032299064297
