Car 0.0 0 -1.42 450.77 170.54 528.41 224.96 1.5 1.78 3.69 -3.45 1.22 21.63 -1.58 0.11820338575732225
Cyclist 0.0 0 -0.12 815.33 147.57 870.65 197.5 1.74 0.6 1.79 8.47 0.59 25.27 0.2 0.5536105720701757
Cyclist 0.0 0 -0.29 751.48 153.09 798.75 198.14 1.86 0.63 1.82 7.17 0.72 29.87 -0.05 0.547835276645078
Pedestrian 0.0 1 0.44 517.3 161.91 538.84 207.56 1.83 0.69 1.03 -2.96 1.09 28.83 0.34 0.46395927222741407
Cyclist 0.0 0 -0.51 637.22 161.47 672.22 194.08 1.72 0.6 1.79 2.67 0.71 37.93 -0.44 0.20105996822495698
Pedestrian 0.0 0 0.23 418.77 159.94 442.86 209.55 1.8 0.61 1.04 -6.32 1.05 26.15 -0.0 0.7885196411825766
Cyclist 0.0 1 -0.69 305.72 170.56 361.98 222.86 1.7 0.64 1.74 -9.16 1.37 23.89 -1.05 0.728145409267342
Pedestrian 0.0 0 3.13 391.02 165.53 409.82 212.58 1.8 0.54 1.03 -7.82 1.23 27.57 2.85 0.46878766735488453
Car 0.0 1 -0.58 1005.26 146.22 1109.03 177.07 1.55 1.81 4.39 24.1 -0.21 37.79 -0.01 0.03929462096689218
Car -1.0 -1 -10.0 279.2 178.28 295.41 213.62 -1.0 -1.0 -1.0 -1000.0 -1000.0 -1000.0 -10.0 0.6761082005736267
Car -1.0 -1 -10.0 922.76 159.16 1005.91 186.85 -1.0 -1.0 -1.0 -1000.0 -1000.0 -1000.0 -10.0 0.5246013324554923
Car -1.0 -1 -10.0 1115.0 151.51 1178.07 172.5 -1.0 -1.0 -1.0 -1000.0 -1000.0 -1000.0 -10.0 0.2653412952549259
Car -1.0 -1 -10.0 615.8 166.81 634.88 177.28 -1.0 -1.0 -1.0 -1000.0 -1000.0 -1000.0 -10.0 0.5428669383928028
Car -1.0 -1 -10.0 709.52 164.9 718.08 182.07 -1.0 -1.0 -1.0 -1000.0 -1000.0 -1000.0 -10.0 0.04048761522918354
