Car 0.52 1 2.23 0.0 212.92 241.63 374.0 1.42 1.55 3.85 -5.94 1.96 7.98 1.6 0.10583221372851703
Car 0.0 1 1.99 177.21 199.7 357.57 300.59 1.43 1.48 3.71 -5.94 1.97 12.89 1.56 0.7471164131707165
Car 0.0 1 1.87 315.45 195.57 429.82 260.61 1.4 1.65 4.02 -6.03 2.04 18.69 1.57 0.4993336510665354
Car 0.0 0 2.6 941.59 137.67 1190.69 225.83 1.64 1.59 3.99 9.02 1.0 14.54 -3.14 0.27460136318778305
Car 0.0 2 2.65 912.24 140.28 1067.68 217.54 1.72 1.68 2.78 8.92 1.0 17.16 3.12 0.18069269166109792
Car 0.0 2 2.71 856.32 146.68 1012.07 212.88 1.67 1.67 3.43 8.63 1.02 19.47 3.12 0.9389676311313503
Car 0.0 2 2.79 801.74 155.14 941.05 209.18 1.57 1.62 3.69 7.96 1.07 22.27 3.13 0.020842088703085015
Car 0.0 1 1.84 409.46 188.44 484.87 232.78 1.43 1.61 4.13 -5.86 2.03 26.28 1.62 0.22319617458163565
Car 0.0 1 -1.76 682.63 175.43 766.65 233.17 1.47 1.6 3.87 3.12 1.57 20.55 -1.62 0.6978120034307526
Car 0.0 2 -1.69 669.98 173.55 727.78 221.16 1.57 1.57 4.04 3.1 1.62 26.08 -1.57 0.6572366978795268
Car -1.0 -1 -10.0 588.96 173.9 617.07 189.4 -1.0 -1.0 -1.0 -1000.0 -1000.0 -1000.0 -10.0 0.6678356056451311
Car -1.0 -1 -10.0 473.5 183.6 528.78 214.62 -1.0 -1.0 -1.0 -1000.0 -1000.0 -1000.0 -10.0 0.19891776896831814
Car -1.0 -1 -10.0 525.89 181.66 554.0 197.16 -1.0 -1.0 -1.0 -1000.0 -1000.0 -1000.0 -10.0 0.6048183254522569
Car -1.0 -1 -10.0 636.51 174.87 670.44 195.22 -1.0 -1.0 -1.0 -1000.0 -1000.0 -1000.0 -10.0 0.47050300959368396
Car -1.0 -1 -10.0 649.12 178.75 683.05 203.95 -1.0 -1.0 -1.0 -1000.0 -1000.0 -1000.0 -10.0 0.5884531540480186
