Car 0.28 0 2.16 0.0 193.15 255.76 363.38 1.45 1.6 3.2 -5.58 1.72 8.03 1.57 0.10961383449683926
Car 0.93 1 -2.32 898.93 190.92 1241.0 374.0 1.49 1.68 3.8 3.14 1.62 3.64 -1.65 0.6469615248380164
Car 0.0 1 1.97 180.84 184.77 369.71 286.98 1.49 1.63 3.68 -5.69 1.72 12.67 1.56 0.7053603076687153
Car 0.0 1 -1.94 766.31 180.25 1012.62 328.72 1.49 1.61 3.55 3.2 1.6 9.14 -1.61 0.6031606981837969
Car 0.0 0 1.04 471.4 177.11 527.77 203.35 1.41 1.57 3.53 -6.33 1.68 40.97 0.89 0.22157239379744287
Pedestrian 0.0 0 0.81 671.21 170.12 686.16 204.57 1.69 0.69 0.83 3.35 1.56 35.87 0.9 0.3761948836732666
Car 0.0 2 2.81 667.09 172.15 730.14 191.22 1.48 1.87 4.74 7.2 1.46 58.86 2.93 0.11938036261327822
Car 0.0 1 3.11 596.61 151.62 675.4 192.52 3.58 2.43 7.0 2.32 1.73 65.65 -3.14 0.24080445690259977
Car -1.0 -1 -10.0 355.12 181.66 415.25 200.07 -1.0 -1.0 -1.0 -1000.0 -1000.0 -1000.0 -10.0 0.47383947276047833
Car -1.0 -1 -10.0 566.65 174.87 622.9 195.22 -1.0 -1.0 -1.0 -1000.0 -1000.0 -1000.0 -10.0 0.5118504373836329
