Car 0.99 0 -0.74 0.0 242.09 115.86 374.0 1.39 1.81 3.46 -4.18 1.85 3.07 -1.64 0.9067616393275988
Car 0.14 0 -1.94 770.57 187.11 1105.34 374.0 1.47 1.55 3.37 2.63 1.63 6.74 -1.58 0.09778174284049757
Car 0.0 0 -1.22 220.95 181.59 427.34 307.27 1.72 1.8 4.16 -4.54 1.88 12.07 -1.57 0.26415834239454616
Car 0.0 0 1.76 437.35 181.71 503.93 231.02 1.62 1.66 3.81 -4.97 1.95 25.98 1.57 0.851662252772787
Cyclist 0.0 0 1.65 553.17 174.45 565.88 204.16 1.85 0.63 2.07 -3.24 1.96 46.13 1.58 0.9696405812067814
Cyclist 0.0 0 1.61 566.89 174.38 578.57 202.16 1.76 0.66 1.83 -2.43 1.87 46.7 1.56 0.3548601410151525
Car 0.0 0 1.7 495.43 182.42 535.2 209.66 1.46 1.67 4.92 -5.48 2.04 42.03 1.57 0.6700547504446241
Car 0.0 1 -1.57 633.89 176.09 655.89 194.18 1.51 1.84 4.1 3.03 1.81 62.97 -1.52 0.7416913691987951
Car 0.0 0 -1.7 662.82 174.19 732.86 230.72 1.61 1.67 3.62 2.62 1.67 22.57 -1.59 0.5809895911923364
Car -1.0 -1 -10.0 617.9 170.85 629.4 191.72 -1.0 -1.0 -1.0 -1000.0 -1000.0 -1000.0 -10.0 0.6782387385999911
