Car 0.0 0 -1.19 117.13 183.3 435.97 368.66 1.5 1.78 3.69 -3.24 1.56 7.78 -1.57 0.4561965820833367
Pedestrian 0.0 0 0.6 622.61 152.26 677.27 244.31 1.83 0.69 1.03 0.82 1.27 14.64 0.66 0.9641922793013123
Cyclist 0.0 1 -0.63 956.27 148.24 1010.33 194.46 1.72 0.6 1.79 14.35 0.51 26.86 -0.14 0.3205058973600109
Pedestrian 0.0 1 0.26 390.55 154.56 441.22 261.89 1.8 0.61 1.04 -3.27 1.37 12.25 0.01 0.5673157577983154
Cyclist 0.0 0 -1.5 914.68 148.34 945.73 204.16 1.72 0.78 1.71 10.46 0.73 22.76 -1.07 0.13430335230160118
Pedestrian 0.0 1 0.71 134.81 177.38 159.14 252.19 1.72 0.55 0.93 -10.64 1.66 16.62 0.15 0.29387617784173203
Pedestrian 0.0 0 0.66 115.1 182.26 147.1 255.33 1.62 0.48 0.96 -10.69 1.67 16.03 0.08 0.1430055157434792
Cyclist 0.0 2 -0.14 310.04 166.14 410.08 258.84 1.7 0.64 1.74 -4.77 1.43 13.7 -0.47 0.3338106553642929
Pedestrian 0.0 0 -2.55 65.7 183.56 108.03 261.03 1.6 0.54 0.84 -11.05 1.68 15.07 3.12 0.34433618271864197
Pedestrian 0.19 0 -2.85 5.82 174.89 52.82 272.17 1.8 0.54 1.03 -11.09 1.7 13.52 2.76 0.6837144374413807
Pedestrian 0.0 2 -2.61 177.08 163.44 209.74 257.49 1.95 0.56 0.82 -8.74 1.6 15.0 -3.12 0.529517666541092
Car 0.34 3 -0.67 1115.26 151.57 1223.0 191.93 1.28 1.7 3.95 19.76 0.34 23.79 0.02 0.19257346188608138
Car 0.0 0 1.63 460.41 168.66 490.49 191.04 1.45 1.75 4.23 -8.83 0.67 48.49 1.46 0.8625542369816129
Car -1.0 -1 -10.0 751.79 154.18 760.04 177.85 -1.0 -1.0 -1.0 -1000.0 -1000.0 -1000.0 -10.0 0.6215343662320655
Car -1.0 -1 -10.0 774.4 161.38 781.62 182.99 -1.0 -1.0 -1.0 -1000.0 -1000.0 -1000.0 -10.0 0.8564722855698574
