Car 0.0 0 -1.58 532.21 176.55 586.88 226.39 1.6 1.76 3.84 -1.75 1.32 25.29 -1.65 0.11677237160865428
Car 0.0 0 -1.42 373.14 179.48 480.32 261.4 1.58 1.68 3.95 -3.92 1.46 16.01 -1.66 0.08970548526641298
Car 0.77 0 -0.95 0.0 192.87 140.4 320.31 1.42 1.69 4.53 -7.95 1.56 8.86 -1.67 0.3921024013506128
Car 0.0 0 -1.23 227.0 185.16 341.02 244.36 1.42 1.53 4.2 -8.84 1.44 19.93 -1.65 0.07129949990939011
Car 0.0 1 -1.09 60.02 165.03 217.3 242.23 1.99 1.89 4.59 -13.46 1.45 20.97 -1.66 0.7813579018318685
Car 0.0 2 -1.44 421.7 184.57 479.53 229.12 1.39 1.5 3.4 -5.36 1.38 24.7 -1.66 0.9788630296019182
Car 0.0 1 -1.35 330.94 184.27 396.41 223.15 1.43 1.62 4.08 -9.86 1.41 29.23 -1.67 0.6788501182016738
Car 0.0 1 -1.24 239.93 184.87 307.79 218.84 1.39 1.5 4.04 -14.92 1.39 32.27 -1.67 0.37058580117079387
Car 0.0 1 -1.46 404.66 163.36 448.46 207.94 2.58 1.91 6.53 -11.28 1.29 45.09 -1.7 0.7819450262151266
Car 0.0 1 -1.51 459.05 156.59 505.41 207.15 2.64 2.22 5.52 -7.02 1.13 40.62 -1.68 0.7796317765828308
Car 0.0 1 -1.57 487.88 154.56 513.44 195.12 4.05 2.5 16.44 -11.96 0.93 80.24 -1.72 0.9245478671127543
