Car 0.0 2 0.51 156.79 183.16 413.92 280.62 1.52 1.64 3.65 -5.46 1.71 12.28 0.1 0.7210364691158873
Car 0.0 0 -1.75 726.77 184.36 833.01 261.03 1.43 1.58 3.37 3.47 1.69 15.45 -1.53 0.5158382418425069
Car 0.0 1 -2.85 291.63 181.57 465.49 238.8 1.41 1.53 4.11 -6.08 1.66 19.1 3.13 0.7836333563773031
Car 0.0 2 -2.91 380.54 179.24 497.57 224.76 1.46 1.57 3.6 -5.79 1.7 24.54 -3.14 0.6258374419292828
Car 0.0 2 -2.9 416.58 178.62 525.78 218.0 1.52 1.57 4.08 -5.61 1.77 29.23 -3.09 0.2569732341110774
Car 0.0 2 -1.72 707.16 177.87 784.91 240.94 1.62 1.61 3.55 3.72 1.77 20.44 -1.54 0.5694776229830127
Car 0.0 1 -1.71 680.86 181.5 724.02 213.19 1.39 1.51 3.4 4.25 1.81 33.83 -1.59 0.40490893961273633
Car 0.0 2 0.21 461.91 178.71 545.4 214.03 1.48 1.49 3.38 -4.67 1.76 31.69 0.06 0.6994491365904633
Car 0.0 0 -1.61 657.85 167.18 684.42 196.18 2.33 1.96 6.11 5.15 1.91 61.61 -1.53 0.821648422743699
Car -1.0 -1 -10.0 538.73 167.73 616.9 192.77 -1.0 -1.0 -1.0 -1000.0 -1000.0 -1000.0 -10.0 0.7313559906393353
Car -1.0 -1 -10.0 621.02 175.02 659.6 185.48 -1.0 -1.0 -1.0 -1000.0 -1000.0 -1000.0 -10.0 0.387165690185167
