Car 0.0 0 1.91 265.33 190.14 431.55 287.18 1.47 1.66 3.76 -4.65 1.82 13.28 1.58 0.2073274391305282
Car 0.97 0 -2.44 1053.18 186.45 1241.0 374.0 1.59 1.59 3.34 3.81 1.67 3.2 -1.62 0.21375359165982555
Car 0.0 1 -1.96 826.4 184.02 1123.76 351.7 1.47 1.6 3.7 3.78 1.62 8.32 -1.55 0.2113979433435892
Car 0.0 1 1.84 382.52 185.6 486.03 247.99 1.43 1.68 3.76 -4.52 1.79 18.9 1.6 0.09354448343739608
Car 0.0 1 -1.81 751.45 181.28 887.95 271.4 1.49 1.64 3.52 3.82 1.66 13.85 -1.55 0.05971508341850029
Car 0.0 2 1.8 435.82 184.82 515.92 231.26 1.38 1.68 4.34 -4.44 1.81 24.32 1.62 0.7523116430602089
Car 0.0 2 -1.76 712.12 178.76 807.43 243.1 1.5 1.64 4.14 3.78 1.67 19.07 -1.57 0.13526256642175494
Car 0.0 0 1.71 523.82 179.16 560.8 206.64 1.45 1.6 3.2 -3.76 1.82 40.17 1.62 0.8870692300670913
Car 0.0 2 -1.7 698.8 178.54 763.5 227.66 1.51 1.66 3.5 3.94 1.71 24.13 -1.54 0.3931448607354323
Car 0.0 2 -1.67 692.98 177.09 742.1 216.61 1.51 1.61 3.51 4.32 1.7 29.58 -1.53 0.7653991484842799
Car -1.0 -1 -10.0 564.77 172.94 681.48 190.69 -1.0 -1.0 -1.0 -1000.0 -1000.0 -1000.0 -10.0 0.4494526178728322
