Car 0.0 0 -1.58 550.76 175.98 599.82 220.72 1.6 1.76 3.84 -1.32 1.26 27.93 -1.63 0.46252096855269154
Car 0.0 0 -1.34 311.08 180.89 473.56 294.89 1.58 1.68 3.95 -3.43 1.52 12.07 -1.61 0.866449343868384
Car 0.0 0 -1.1 84.87 188.22 283.11 277.3 1.42 1.53 4.2 -8.06 1.51 14.09 -1.61 0.41037030942694475
Car 0.39 1 -0.96 0.0 159.5 150.27 262.03 1.99 1.89 4.59 -12.67 1.48 16.19 -1.62 0.5870689185388455
Car 0.0 2 -1.4 407.78 184.77 483.78 239.96 1.39 1.5 3.4 -4.51 1.4 20.27 -1.62 0.062369211906927124
Car 0.0 2 -1.28 285.46 184.89 375.67 233.8 1.43 1.62 4.08 -9.05 1.44 23.71 -1.64 0.14575055489633892
Car 0.0 1 -1.17 200.73 183.43 289.42 224.03 1.39 1.5 4.04 -13.63 1.34 27.2 -1.63 0.6735240846038861
Car 0.0 1 -1.43 397.21 160.47 451.68 212.2 2.58 1.91 6.53 -9.92 1.32 39.31 -1.67 0.01902914574467629
Car 0.0 1 -1.5 472.53 154.36 524.79 210.91 2.64 2.22 5.52 -5.47 1.18 36.61 -1.65 0.9133721734086672
Car 0.0 1 -1.58 509.42 152.85 536.16 195.47 4.05 2.5 16.44 -9.1 0.92 76.8 -1.69 0.27443189726337147
