Car 0.58 0 2.15 0.0 193.05 271.39 374.0 1.62 1.66 3.81 -5.02 1.86 6.98 1.55 0.03545295235781665
Cyclist 0.0 0 1.81 419.88 169.99 471.95 260.29 1.85 0.63 2.07 -3.61 1.81 15.86 1.59 0.748448797232838
Cyclist 0.0 0 1.7 462.28 174.0 502.9 256.37 1.76 0.66 1.83 -2.91 1.79 16.37 1.53 0.7241696680109143
Car 0.0 1 1.8 388.66 184.56 477.92 236.97 1.46 1.67 4.92 -5.58 1.86 23.23 1.57 0.8228235560480888
Cyclist 0.0 0 1.68 514.19 174.73 535.34 218.74 1.78 0.66 1.9 -3.59 1.87 30.22 1.56 0.8407160373807689
Car 0.0 1 1.79 496.17 181.23 541.84 207.39 1.42 1.73 4.41 -5.27 1.93 42.12 1.66 0.7876961215362336
Car 0.0 1 -1.56 639.71 176.15 671.72 202.44 1.51 1.84 4.1 2.78 1.73 43.95 -1.5 0.15843110315124476
Car 0.91 0 -2.18 856.19 168.25 1241.0 374.0 1.61 1.67 3.62 2.61 1.6 3.48 -1.57 0.8888531248060749
Car -1.0 -1 -10.0 619.98 173.98 635.65 190.69 -1.0 -1.0 -1.0 -1000.0 -1000.0 -1000.0 -10.0 0.5989554791477771
Car -1.0 -1 -10.0 702.27 162.52 724.19 210.48 -1.0 -1.0 -1.0 -1000.0 -1000.0 -1000.0 -10.0 0.6158008082113514
