Car 0.0 1 -3.02 430.55 174.24 523.69 206.75 1.47 1.53 4.21 -6.34 1.57 34.53 3.09 0.13585800155677363
Car 0.0 0 -1.69 654.82 172.65 703.94 213.46 1.64 1.62 4.2 2.92 1.67 31.47 -1.6 0.585029663008476
Car 0.0 0 1.68 525.27 179.55 573.64 217.45 1.35 1.47 3.43 -2.31 1.62 27.77 1.6 0.9455961834294624
Car 0.0 2 -2.9 274.13 176.72 455.74 238.07 1.48 1.61 4.24 -6.35 1.61 18.93 3.06 0.24851717083198865
Car 0.0 2 0.36 230.21 176.42 430.16 247.51 1.5 1.8 3.88 -6.33 1.61 16.54 0.0 0.8364877277153944
Car 0.0 2 0.49 147.77 182.79 398.58 275.49 1.51 1.55 3.72 -5.89 1.71 12.75 0.06 0.14244926421889648
Car 0.04 3 0.49 0.0 176.27 365.04 304.68 1.58 1.66 4.21 -5.82 1.65 9.98 -0.03 0.7916160473309405
Car 0.66 3 -2.42 0.0 174.22 165.96 344.41 1.55 1.5 3.4 -6.73 1.59 7.34 3.14 0.2149167889787723
Car 0.0 0 -1.78 715.74 190.8 858.87 279.92 1.27 1.58 4.03 2.93 1.63 12.92 -1.57 0.06810214844773654
Car 0.93 0 -2.18 855.43 211.86 1241.0 374.0 1.32 1.63 4.1 2.76 1.62 3.71 -1.58 0.8794138958259237
Car -1.0 -1 -10.0 632.48 176.06 650.23 190.69 -1.0 -1.0 -1.0 -1000.0 -1000.0 -1000.0 -10.0 0.2268667764523591
Car -1.0 -1 -10.0 601.23 170.85 614.81 184.43 -1.0 -1.0 -1.0 -1000.0 -1000.0 -1000.0 -10.0 0.07103651295924451
