Car 0.0 0 2.65 843.51 165.11 1157.85 279.86 1.76 1.71 4.4 6.41 1.67 12.24 3.12 0.0944328022443438
Car 0.62 1 0.69 0.0 230.6 143.63 374.0 1.08 1.29 2.05 -5.66 1.65 6.43 -0.01 0.99067585973464
Car 0.46 3 0.65 0.0 120.76 250.68 330.14 2.22 1.68 4.08 -6.77 1.69 8.55 -0.0 0.6612706778250519
Car 0.0 2 -2.6 16.62 184.83 290.86 286.71 1.4 1.46 3.23 -6.84 1.6 10.95 3.13 0.16963892810673642
Car 0.0 0 -1.7 661.33 142.0 753.7 230.56 2.33 1.96 6.11 2.78 1.56 22.22 -1.58 0.21069910799796598
Car 0.0 1 -2.8 246.65 178.72 441.92 241.52 1.46 1.61 4.31 -6.61 1.63 18.12 3.14 0.9919811584149563
Car 0.0 2 -3.0 341.58 167.9 490.62 228.11 1.8 1.77 4.41 -6.15 1.68 23.17 3.02 0.45158587657091
Car 0.0 2 -1.65 637.13 152.76 684.49 204.26 2.57 1.99 6.64 2.66 1.61 39.66 -1.59 0.15751122509220183
Car 0.0 2 -2.93 439.48 174.32 507.59 205.24 1.58 1.54 3.3 -7.25 1.68 38.37 -3.12 0.055622072918210974
Car 0.0 2 0.16 456.71 174.35 533.23 205.26 1.68 1.71 4.07 -6.53 1.8 41.08 0.0 0.744020074073706
Car 0.0 2 0.12 491.14 160.54 562.74 195.6 2.86 1.88 5.81 -7.0 1.88 61.07 0.01 0.5080271432826081
Car -1.0 -1 -10.0 567.9 173.98 632.52 182.35 -1.0 -1.0 -1.0 -1000.0 -1000.0 -1000.0 -10.0 0.6049795287601301
