Car 0.74 0 2.24 0.0 215.84 214.56 374.0 1.53 1.68 3.86 -5.84 2.06 7.1 1.57 0.23282385456533472
Car 0.0 1 2.04 151.66 200.67 356.03 305.37 1.42 1.55 3.85 -5.97 1.97 12.54 1.6 0.020515872025570148
Car 0.0 1 1.89 300.11 194.95 414.97 265.7 1.43 1.48 3.71 -5.96 2.0 17.34 1.56 0.6195640543075106
Car 0.0 1 1.82 378.43 191.6 461.79 241.67 1.4 1.65 4.02 -6.07 2.05 23.35 1.57 0.001518553876423967
Car 0.0 0 2.71 863.4 148.65 1042.92 214.65 1.64 1.59 3.99 8.98 1.05 19.17 -3.14 0.18033741163686656
Car 0.0 2 2.73 850.18 145.43 966.84 205.8 1.72 1.68 2.78 8.89 0.95 21.73 3.12 0.6944436976033056
Car 0.0 2 2.78 810.49 153.15 932.39 206.3 1.67 1.67 3.43 8.61 1.07 24.04 3.12 0.7735875754418398
Car 0.88 3 -0.77 1214.31 127.71 1241.0 174.11 1.53 1.85 4.94 23.4 0.01 24.08 -0.0 0.9527684065586782
Car 0.57 3 -0.77 1164.87 128.54 1241.0 173.32 1.57 1.85 4.92 23.66 -0.02 26.73 -0.05 0.06283710036990053
Car 0.0 2 2.84 769.65 158.19 882.32 202.64 1.57 1.62 3.69 7.96 1.07 26.9 3.13 0.13817591439382748
Car 0.0 1 1.79 441.33 186.62 500.54 223.72 1.43 1.61 4.13 -5.89 2.04 30.82 1.6 0.21715906167221277
Car 0.0 1 -1.7 671.36 174.73 732.82 220.99 1.47 1.6 3.87 3.09 1.56 25.14 -1.58 0.6840607617553394
Car 0.0 2 -1.67 661.38 174.22 708.58 214.1 1.57 1.57 4.04 3.1 1.66 30.74 -1.57 0.5100398610432202
Car -1.0 -1 -10.0 508.52 180.23 551.27 211.52 -1.0 -1.0 -1.0 -1000.0 -1000.0 -1000.0 -10.0 0.6157295304024095
Car -1.0 -1 -10.0 598.1 173.98 617.93 187.56 -1.0 -1.0 -1.0 -1000.0 -1000.0 -1000.0 -10.0 0.6256922408455529
Car -1.0 -1 -10.0 635.6 178.15 673.14 200.07 -1.0 -1.0 -1.0 -1000.0 -1000.0 -1000.0 -10.0 0.8278003115061218
