Pedestrian 0.0 0 -1.97 725.75 158.53 785.42 325.34 1.73 0.84 0.86 1.6 1.49 7.97 -1.78 0.2713705545213032
Pedestrian 0.0 0 -1.99 813.52 148.95 875.52 315.26 1.81 0.9 0.95 2.66 1.45 8.35 -1.69 0.9174074419453584
Pedestrian 0.0 0 -1.7 239.1 165.25 289.43 283.19 1.79 0.86 1.02 -5.53 1.54 11.57 -2.14 0.9088311323715598
Pedestrian 0.0 0 -1.81 629.98 164.55 652.98 240.61 1.75 0.78 0.84 0.73 1.36 17.01 -1.77 0.6057896423256681
Pedestrian 0.0 0 -2.11 774.92 155.08 821.92 269.14 1.71 0.71 1.03 2.96 1.31 11.34 -1.87 0.5783943240112687
Pedestrian 0.0 0 2.75 1089.94 138.51 1212.94 331.0 1.77 0.85 1.15 5.29 1.38 7.14 -2.92 0.8099450466032059
Pedestrian 0.0 2 1.76 1098.49 141.58 1158.82 291.51 1.73 0.69 0.56 6.17 1.27 8.73 2.35 0.2658593653999469
Pedestrian 0.0 1 1.93 360.95 167.84 401.61 271.14 1.69 0.68 1.11 -3.87 1.47 12.34 1.63 0.5077042344696758
Car 0.0 0 1.9 323.68 210.09 385.12 280.52 1.03 0.62 1.01 -3.97 1.51 11.49 1.57 0.8778855944295573
Pedestrian 0.0 2 1.88 333.65 165.72 364.99 272.67 1.75 0.68 1.1 -4.54 1.49 12.33 1.53 0.08366867002658118
Pedestrian 0.0 2 -2.99 1064.73 137.02 1177.15 283.25 1.75 0.87 1.06 6.65 1.21 9.25 -2.39 0.9522244848664594
Car 0.0 0 1.56 523.8 160.88 566.3 203.77 1.82 1.8 4.4 -2.62 0.94 33.02 1.48 0.5155542763795182
Car 0.0 0 1.74 392.63 151.46 485.63 227.49 2.11 2.04 4.62 -4.94 1.27 22.46 1.52 0.14376305404644352
Car 0.0 2 1.67 445.76 157.09 504.38 214.26 2.09 1.79 4.99 -5.0 1.19 28.96 1.5 0.5811480280488424
Car -1.0 -1 -10.0 667.85 177.67 730.22 226.54 -1.0 -1.0 -1.0 -1000.0 -1000.0 -1000.0 -10.0 0.05554066158458104
