Car 0.0 0 1.89 295.48 189.29 444.58 277.81 1.47 1.66 3.76 -4.62 1.83 14.34 1.58 0.08588247583129949
Car 0.88 0 -2.31 974.9 184.72 1241.0 374.0 1.59 1.59 3.34 3.82 1.68 4.26 -1.62 0.5903211265557173
Car 0.0 1 -1.92 807.7 184.85 1053.05 329.42 1.47 1.6 3.7 3.8 1.65 9.38 -1.55 0.07203320087969667
Car 0.0 1 1.83 396.97 185.23 493.73 243.87 1.43 1.68 3.76 -4.48 1.79 19.97 1.61 0.31804964215803755
Car 0.0 1 -1.8 743.75 180.92 867.07 263.85 1.49 1.64 3.52 3.84 1.67 14.89 -1.55 0.876114545089304
Car 0.0 2 1.79 445.33 184.8 520.86 229.11 1.38 1.68 4.34 -4.39 1.83 25.39 1.62 0.9472235997920895
Car 0.0 2 -1.76 708.88 179.15 797.97 239.79 1.5 1.64 4.14 3.83 1.69 20.11 -1.57 0.08316640106878481
Car 0.0 0 1.71 527.64 179.24 563.66 205.98 1.45 1.6 3.2 -3.67 1.83 41.24 1.62 0.020607349543460995
Car 0.0 2 -1.69 696.72 179.11 758.09 226.03 1.51 1.66 3.5 3.99 1.74 25.17 -1.54 0.02032572188535331
Car 0.0 2 -1.67 691.71 177.63 738.83 215.73 1.51 1.61 3.51 4.38 1.73 30.62 -1.53 0.12127441033096786
Car -1.0 -1 -10.0 555.4 173.98 591.9 190.69 -1.0 -1.0 -1.0 -1000.0 -1000.0 -1000.0 -10.0 0.25368982793682093
Car -1.0 -1 -10.0 614.77 173.98 678.35 189.65 -1.0 -1.0 -1.0 -1000.0 -1000.0 -1000.0 -10.0 0.29866958177049074
