Car 0.31 0 -2.01 805.85 175.7 1231.81 374.0 1.62 1.48 3.36 2.77 1.67 5.82 -1.59 0.7903412125485738
Car 0.57 1 0.69 0.0 180.99 231.56 366.15 1.59 1.63 3.75 -6.07 1.69 7.07 -0.0 0.6637284400030995
Car 0.26 3 -2.54 0.0 157.4 259.91 321.78 1.95 1.67 3.35 -6.73 1.79 9.48 3.14 0.8859596476642763
Car 0.0 2 -2.65 71.14 186.73 324.59 280.86 1.42 1.55 3.35 -6.81 1.68 12.08 3.12 0.044938464800271416
Car 0.0 2 0.38 222.11 187.05 424.22 262.72 1.43 1.49 3.56 -5.85 1.75 14.84 0.01 0.5995741619283068
Car 0.0 2 0.33 285.56 181.74 461.62 251.39 1.53 1.6 3.62 -5.54 1.76 17.05 0.02 0.017950527635738456
Car 0.0 2 0.35 322.13 179.66 456.24 244.61 1.66 1.57 3.11 -5.96 1.87 19.54 0.06 0.3356693449691276
Car 0.0 2 0.32 326.66 175.03 486.47 233.25 1.66 1.71 4.34 -6.12 1.75 21.87 0.05 0.2678922475757449
Car 0.0 2 -2.97 386.49 177.79 496.61 220.99 1.51 1.66 3.73 -6.21 1.71 26.75 3.09 0.7735323882314595
Car 0.0 2 0.16 432.79 167.92 525.82 211.13 2.08 1.8 4.37 -6.56 1.87 36.39 -0.01 0.8798762997905663
Cyclist 0.0 0 1.6 572.95 177.12 581.33 198.61 1.59 0.58 1.69 -2.5 1.92 54.48 1.55 0.3370287739965493
Car 0.0 0 -1.7 681.7 184.17 755.32 241.84 1.38 1.49 3.38 2.79 1.7 19.4 -1.56 0.858272110011787
Car 0.0 1 -0.19 737.37 172.15 865.3 224.1 1.67 1.6 3.94 6.39 1.68 24.52 0.06 0.031025759740636594
Car 0.0 2 -0.17 687.12 171.36 761.7 204.71 1.77 1.69 3.82 6.27 1.71 39.93 -0.02 0.9644916819604225
Car 0.0 0 -1.66 634.26 178.23 660.76 198.36 1.41 1.56 4.08 2.72 1.83 53.34 -1.61 0.6065543000331385
Car -1.0 -1 -10.0 529.35 176.06 568.98 195.89 -1.0 -1.0 -1.0 -1000.0 -1000.0 -1000.0 -10.0 0.839407947558596
Car -1.0 -1 -10.0 601.23 175.02 608.56 182.35 -1.0 -1.0 -1.0 -1000.0 -1000.0 -1000.0 -10.0 0.18009705308648882
Car -1.0 -1 -10.0 617.9 168.77 640.86 189.65 -1.0 -1.0 -1.0 -1000.0 -1000.0 -1000.0 -10.0 0.42160520806381185
