Car 0.0 0 -1.91 744.83 193.05 995.33 338.3 1.35 1.58 4.05 2.93 1.66 9.22 -1.61 0.17407624877439443
Car 0.68 0 -2.43 0.0 151.4 159.96 346.66 1.7 1.61 3.21 -6.58 1.54 7.07 3.13 0.15177675673464408
Car 0.0 0 -1.71 653.39 175.7 712.51 224.22 1.76 1.71 4.35 2.77 1.9 28.61 -1.61 0.3070734836717476
Car 0.0 2 -2.8 344.43 180.12 471.32 229.84 1.52 1.58 3.61 -6.5 1.77 23.26 -3.07 0.6135238741454248
Car 0.0 2 0.21 361.39 179.04 499.75 224.84 1.52 1.71 4.49 -6.32 1.76 25.59 -0.03 0.23333166169438413
Car 0.0 2 0.19 429.38 168.07 529.46 209.92 1.95 1.64 4.57 -6.35 1.75 35.2 0.01 0.9371318446070169
Pedestrian 0.0 2 2.06 245.8 162.37 263.14 216.97 1.81 0.54 0.41 -11.9 1.47 24.18 1.6 0.5511823979900078
Car 0.0 2 -2.87 367.06 199.86 454.41 250.44 1.13 0.52 1.9 -4.7 1.78 16.91 -3.13 0.7856926837252625
Car 0.0 0 -1.27 354.87 195.47 409.24 261.21 1.19 0.55 1.65 -4.55 1.66 14.34 -1.57 0.6786236217655196
Car 0.0 2 -3.08 387.86 192.69 464.06 242.01 1.17 0.51 1.81 -4.61 1.68 17.98 2.95 0.7068786343327238
Car 0.0 2 -2.3 714.72 195.27 825.26 266.57 1.18 0.84 2.06 2.9 1.63 13.52 -2.09 0.18019675505033406
Car -1.0 -1 -10.0 516.85 170.85 589.81 199.02 -1.0 -1.0 -1.0 -1000.0 -1000.0 -1000.0 -10.0 0.03734583375017697
Car -1.0 -1 -10.0 609.56 167.73 658.56 197.98 -1.0 -1.0 -1.0 -1000.0 -1000.0 -1000.0 -10.0 0.5267650841146087
Car -1.0 -1 -10.0 600.19 171.9 609.61 178.19 -1.0 -1.0 -1.0 -1000.0 -1000.0 -1000.0 -10.0 0.7074536849661295
