Car 0.0 0 -1.55 591.72 176.56 674.24 251.55 1.6 1.76 3.84 0.59 1.41 17.37 -1.52 0.24374722528984782
Car 0.93 0 -0.8 0.0 210.06 179.65 375.0 1.38 1.58 3.49 -4.5 1.61 4.39 -1.57 0.3719102594876975
Car 0.59 3 -0.89 0.0 186.1 164.88 311.72 1.5 1.64 3.93 -8.24 1.53 9.98 -1.57 0.4338346622063387
Car 0.0 0 -1.24 246.05 186.03 434.83 289.68 1.43 1.64 4.33 -4.39 1.47 12.44 -1.57 0.04159459586158387
Car 0.0 1 -1.4 382.3 100.43 531.52 239.16 3.48 2.57 11.68 -4.45 1.31 24.0 -1.58 0.8807644430529107
Car 0.0 1 -1.53 527.56 143.47 566.74 196.16 3.91 2.68 12.6 -4.87 0.76 59.91 -1.61 0.7526139540576056
Car 0.0 1 -1.05 121.33 184.75 254.27 237.27 1.37 1.59 3.99 -12.29 1.38 21.28 -1.57 0.09501045815595821
Car 0.0 2 -1.17 253.97 164.33 344.41 216.26 1.88 1.83 3.95 -12.03 1.11 28.24 -1.57 0.754953113645208
Car 0.0 0 -1.49 646.62 184.44 679.73 211.08 1.39 1.56 3.45 3.1 1.36 40.02 -1.42 0.3578358125060984
Car 0.0 0 -1.29 700.89 183.17 731.66 200.23 1.41 1.66 3.76 9.5 1.25 62.78 -1.14 0.9409846258257794
