Car 0.9 0 2.11 0.0 204.32 389.66 374.0 1.52 1.57 4.42 -2.74 1.78 4.12 1.56 0.7178931794834655
Car 0.58 0 1.06 826.02 187.78 1241.0 374.0 1.55 1.47 3.36 2.78 1.68 5.11 1.54 0.06013650041695828
Cyclist 0.0 0 -1.81 783.32 187.56 814.53 255.63 1.44 0.36 1.26 4.14 1.77 16.03 -1.56 0.6494160422522055
Car 0.0 0 1.68 461.91 191.98 536.89 255.42 1.46 1.6 3.33 -2.88 2.0 19.09 1.53 0.22914964331929377
Car 0.0 0 -1.7 665.15 182.31 746.1 249.39 1.64 1.7 3.54 2.47 1.91 19.71 -1.58 0.472708143146059
Car 0.0 2 -1.69 644.38 181.2 698.19 227.65 1.74 1.66 4.23 2.39 2.09 29.44 -1.61 0.7399058705994798
Car 0.0 0 1.63 540.24 186.84 572.92 214.79 1.55 1.68 4.42 -3.21 2.43 43.68 1.56 0.42712592752236833
Car 0.0 2 -1.67 637.92 176.87 674.84 212.12 2.0 1.76 4.61 2.73 2.27 43.73 -1.61 0.6396037749531909
Car -1.0 -1 -10.0 581.44 186.48 598.15 199.02 -1.0 -1.0 -1.0 -1000.0 -1000.0 -1000.0 -10.0 0.37233047061127966
Car -1.0 -1 -10.0 608.52 185.44 626.27 194.86 -1.0 -1.0 -1.0 -1000.0 -1000.0 -1000.0 -10.0 0.9264178153559126
