Car 0.0 0 -1.58 555.5 175.04 602.62 218.01 1.6 1.76 3.84 -1.21 1.21 29.0 -1.62 0.3155696566964492
Car 0.0 0 -1.31 267.99 181.8 464.22 315.33 1.58 1.68 3.95 -3.34 1.54 10.62 -1.61 0.6099438869716988
Car 0.07 0 -1.03 0.0 190.12 242.87 299.31 1.42 1.53 4.2 -7.88 1.54 11.94 -1.6 0.35948946959969874
Car 0.68 1 -0.9 0.0 160.04 108.2 265.22 1.99 1.89 4.59 -12.5 1.51 14.35 -1.61 0.3561464614275417
Car 0.0 2 -1.38 397.58 184.99 482.38 245.31 1.39 1.5 3.4 -4.3 1.4 18.7 -1.6 0.5791862167473315
Car 0.0 2 -1.24 259.79 185.21 363.44 239.26 1.43 1.62 4.08 -8.81 1.45 21.67 -1.63 0.8753395363162924
Car 0.0 1 -1.14 175.11 183.04 275.13 227.04 1.39 1.5 4.04 -13.31 1.33 25.21 -1.62 0.033865795693583944
Car 0.0 1 -1.41 393.77 159.13 453.12 214.18 2.58 1.91 6.53 -9.4 1.33 37.15 -1.66 0.2765247536512446
Car 0.0 0 -1.51 473.71 153.03 527.38 212.05 2.64 2.22 5.52 -5.16 1.18 35.2 -1.65 0.009274606234612626
Car 0.0 1 -1.58 518.21 152.17 545.41 195.6 4.05 2.5 16.44 -8.02 0.91 75.54 -1.68 0.9801883907596592
