Pedestrian 0.0 0 -1.79 786.39 159.7 859.06 349.34 1.73 0.84 0.86 2.0 1.54 7.0 -1.53 0.016210400412465575
Pedestrian 0.0 0 -1.97 865.43 153.75 959.1 348.85 1.81 0.9 0.95 2.93 1.55 7.17 -1.6 0.6602686207088647
Pedestrian 0.0 0 -1.62 128.88 165.23 197.21 348.02 1.78 0.92 1.01 -4.79 1.62 7.65 -2.18 0.1802917475633562
Pedestrian 0.0 0 -2.76 453.0 165.44 489.33 270.17 1.79 0.86 1.02 -2.44 1.52 12.81 -2.95 0.8303891254417626
Pedestrian 0.0 0 -1.94 694.89 162.89 727.89 240.34 1.75 0.78 0.84 2.36 1.33 16.72 -1.8 0.2223207419952139
Pedestrian 0.0 1 -2.87 881.99 154.73 962.99 274.38 1.71 0.71 1.03 4.94 1.33 10.84 -2.45 0.21610665448602284
Pedestrian 0.0 0 2.81 1131.71 137.97 1198.37 282.06 1.77 0.85 1.15 7.12 1.24 9.39 -2.85 0.09301957965501129
Pedestrian 0.0 1 1.8 1001.22 147.74 1043.22 260.17 1.73 0.69 0.56 6.55 1.21 11.49 2.3 0.23394456999296254
Pedestrian 0.0 1 1.86 464.85 172.16 490.52 238.82 1.69 0.68 1.11 -3.11 1.46 18.81 1.69 0.6278786681685956
Car 0.0 2 1.79 455.42 197.94 489.05 241.26 1.03 0.62 1.01 -3.27 1.46 18.06 1.61 0.4359689352425794
Pedestrian 0.0 2 1.76 445.62 170.48 463.95 238.14 1.75 0.68 1.1 -3.97 1.46 19.16 1.55 0.4226293873055421
Car 0.0 0 1.58 548.39 166.77 576.71 195.39 1.82 1.8 4.4 -2.59 0.88 48.39 1.52 0.22659330700321179
Car 0.0 2 1.71 441.66 158.69 518.19 224.27 2.11 2.04 4.62 -4.23 1.37 25.66 1.54 0.49157418922546414
Car 0.0 2 1.65 481.69 163.52 531.95 214.67 2.09 1.79 4.99 -4.14 1.35 32.07 1.52 0.1577027664994305
Car -1.0 -1 -10.0 25.5 163.75 101.13 352.7 -1.0 -1.0 -1.0 -1000.0 -1000.0 -1000.0 -10.0 0.9568762810657089
