Car 0.0 1 -2.99 394.98 178.61 501.0 215.33 1.47 1.53 4.21 -6.87 1.74 30.73 3.07 0.47538149994374934
Car 0.0 0 -1.7 648.76 174.58 705.53 221.26 1.64 1.62 4.2 2.47 1.74 27.78 -1.61 0.5796534010144414
Car 0.0 0 1.7 499.57 183.51 557.07 228.3 1.35 1.47 3.43 -2.69 1.72 24.02 1.58 0.3714153559979183
Car 0.0 2 -2.83 170.78 180.31 407.84 258.51 1.48 1.61 4.24 -6.6 1.66 15.11 3.05 0.9754740409580852
Car 0.0 2 0.45 92.99 184.81 367.25 279.85 1.5 1.8 3.88 -6.57 1.74 12.71 -0.02 0.7990473200883398
Car 0.18 3 0.62 0.0 188.52 311.47 324.49 1.51 1.55 3.72 -5.95 1.73 8.98 0.05 0.23023861874578
Car 0.73 0 0.7 0.0 184.01 218.91 374.0 1.58 1.66 4.21 -5.99 1.7 6.22 -0.04 0.8666641936403147
Car 0.0 0 -1.86 738.91 198.14 970.09 335.08 1.27 1.58 4.03 2.8 1.66 9.34 -1.58 0.36783109733657104
Car -1.0 -1 -10.0 623.1 178.15 640.85 192.78 -1.0 -1.0 -1.0 -1000.0 -1000.0 -1000.0 -10.0 0.797925179167037
Car -1.0 -1 -10.0 589.77 175.02 605.44 188.6 -1.0 -1.0 -1.0 -1000.0 -1000.0 -1000.0 -10.0 0.6661287416175514
