Car 0.71 0 -2.1 869.44 154.22 1241.0 374.0 1.77 1.77 5.1 3.88 1.7 5.99 -1.55 0.41048774933699816
Car 0.0 0 1.77 477.23 187.68 538.97 229.55 1.47 1.66 3.76 -3.92 2.07 28.06 1.63 0.10840011497282054
Car 0.0 2 -1.84 779.01 193.2 950.63 297.98 1.41 1.66 3.86 4.02 1.79 12.17 -1.53 0.5902607031387705
Car 0.0 2 -1.82 735.46 182.17 836.04 254.2 1.59 1.59 3.34 4.2 1.83 17.86 -1.59 0.804772961239728
Car 0.0 2 -1.7 716.38 185.02 783.99 236.53 1.47 1.6 3.7 4.35 1.88 23.02 -1.52 0.32491513414478734
Car 0.0 2 -1.69 702.26 183.74 755.93 224.93 1.49 1.64 3.52 4.59 1.94 28.44 -1.53 0.10509052044264167
Car 0.0 0 1.7 570.65 183.49 597.11 203.55 1.45 1.6 3.2 -1.98 2.28 54.99 1.66 0.9252332330036759
Car -1.0 -1 -10.0 655.4 179.19 689.82 193.81 -1.0 -1.0 -1.0 -1000.0 -1000.0 -1000.0 -10.0 0.568408390069329
Car -1.0 -1 -10.0 682.48 184.4 703.36 210.48 -1.0 -1.0 -1.0 -1000.0 -1000.0 -1000.0 -10.0 0.8782138712169298
Car -1.0 -1 -10.0 525.19 187.52 568.98 215.69 -1.0 -1.0 -1.0 -1000.0 -1000.0 -1000.0 -10.0 0.5387593618899603
