Car 0.0 0 -1.84 723.73 159.27 949.58 324.25 1.76 1.71 4.35 2.74 1.64 9.94 -1.58 0.8572430772718914
Car 0.64 3 0.69 0.0 187.34 237.17 366.93 1.52 1.71 4.49 -6.39 1.69 7.04 -0.03 0.2061009967984243
Car 0.18 3 -2.51 0.0 187.79 304.62 314.5 1.49 1.61 3.87 -6.35 1.72 9.5 -3.08 0.6566273199025269
Car 0.0 2 -2.63 84.88 179.68 344.88 277.93 1.5 1.58 3.47 -6.5 1.63 12.02 -3.11 0.651055313164226
Car 0.0 2 0.39 211.26 159.39 439.84 251.22 1.95 1.64 4.57 -6.41 1.69 16.45 0.03 0.3729694005589709
Car 0.0 2 -2.72 185.93 174.55 390.15 265.63 1.66 1.58 3.31 -6.28 1.72 14.21 -3.13 0.9699415143586249
Car 0.0 2 -1.8 693.43 180.77 809.04 257.72 1.44 1.66 3.25 2.83 1.61 15.3 -1.62 0.2991477846397843
Car 0.0 2 -2.8 272.74 163.16 431.31 239.99 1.87 1.61 3.53 -6.65 1.66 18.72 3.14 0.8989668970548544
Car 0.0 2 -2.83 328.13 171.75 476.0 227.64 1.72 1.65 4.33 -6.75 1.72 23.54 -3.1 0.5858122757614339
Car 0.0 2 0.28 406.05 174.49 509.54 212.51 1.57 1.54 4.1 -6.58 1.67 31.22 0.07 0.2119475497464447
Car 0.0 2 -2.96 437.72 165.9 521.29 205.38 1.89 1.59 3.87 -6.51 1.58 36.07 -3.14 0.8715017236237841
Car 0.0 1 -1.67 647.67 176.15 691.33 210.38 1.45 1.59 3.59 2.62 1.62 32.79 -1.59 0.41272633112589685
Car 0.0 2 -1.7 673.71 176.33 750.59 235.69 1.54 1.67 3.72 2.8 1.66 20.78 -1.57 0.6572938637212309
Car -1.0 -1 -10.0 516.85 164.6 593.98 189.64 -1.0 -1.0 -1.0 -1000.0 -1000.0 -1000.0 -10.0 0.6030428446537784
Car -1.0 -1 -10.0 597.27 165.42 632.08 181.73 -1.0 -1.0 -1.0 -1000.0 -1000.0 -1000.0 -10.0 0.9424898062053464
Car -1.0 -1 -10.0 622.58 172.75 654.25 196.25 -1.0 -1.0 -1.0 -1000.0 -1000.0 -1000.0 -10.0 0.7736836845473967
