Car 0.0 0 -1.57 560.93 178.82 619.62 232.34 1.6 1.76 3.84 -0.61 1.4 23.65 -1.59 0.701513223327223
Car 0.99 0 -0.81 0.0 207.25 286.52 375.0 1.46 1.66 4.29 -3.16 1.64 3.0 -1.58 0.4408667601984575
Car 0.12 1 -0.99 0.0 185.07 242.99 307.04 1.55 1.55 3.94 -7.58 1.57 11.32 -1.57 0.25025150334050417
Car 0.0 0 -1.29 280.43 178.29 476.86 312.65 1.65 1.7 3.9 -3.23 1.55 10.82 -1.57 0.06528413227240037
Car 0.0 2 -1.24 310.98 178.2 405.76 235.53 1.66 1.62 3.95 -7.87 1.45 22.95 -1.56 0.3505400600461318
Car 0.0 0 -1.44 474.72 178.43 543.09 232.08 1.64 1.72 4.24 -3.28 1.43 24.34 -1.57 0.6297187299235885
Car 0.0 2 -1.18 274.13 184.07 348.39 221.11 1.42 1.51 3.84 -12.4 1.39 30.23 -1.57 0.06883685408920082
Car 0.0 1 -1.46 507.36 182.24 547.79 212.91 1.48 1.64 3.81 -4.11 1.34 37.07 -1.57 0.7262337788913975
Car 0.0 1 -1.49 530.25 181.92 558.4 202.8 1.37 1.61 4.21 -4.4 1.15 50.14 -1.58 0.8848275602625482
Car 0.0 2 -1.06 100.08 187.4 229.86 245.49 1.42 1.56 3.39 -12.12 1.5 19.87 -1.6 0.5880368799685829
