Car 0.53 3 -2.49 0.0 193.46 199.58 335.59 1.42 1.55 3.35 -6.83 1.69 8.19 3.12 0.6879888815858821
Car 0.0 2 0.5 70.41 189.29 359.41 294.44 1.43 1.49 3.56 -5.88 1.71 10.91 0.01 0.5119975835150586
Car 0.0 2 0.41 182.98 183.44 419.63 275.27 1.53 1.6 3.62 -5.55 1.75 13.14 0.02 0.9288321776912573
Car 0.0 2 0.42 250.28 178.66 422.47 260.58 1.66 1.57 3.11 -5.9 1.81 15.64 0.06 0.2687981427961854
Car 0.0 2 0.37 263.76 177.84 462.06 249.3 1.66 1.71 4.34 -6.09 1.81 17.95 0.05 0.3468516031230555
Car 0.0 2 -2.8 302.33 178.66 437.23 237.79 1.58 1.62 3.26 -6.78 1.76 20.45 -3.12 0.013030754288328783
Car 0.0 2 -2.93 347.19 179.91 478.5 230.86 1.51 1.66 3.73 -6.2 1.75 22.83 3.09 0.1773078856319502
Car 0.0 2 -2.85 351.58 180.63 488.15 227.71 1.56 1.57 4.37 -6.66 1.86 25.38 -3.1 0.3866737780705033
Car 0.0 2 -3.0 403.26 176.91 504.5 219.04 1.65 1.68 3.88 -6.43 1.84 29.88 3.08 0.09212202450766394
Car 0.0 2 0.18 410.69 166.54 515.9 215.13 2.08 1.8 4.37 -6.56 1.83 32.46 -0.01 0.13142473156885126
Cyclist 0.0 0 1.6 567.56 176.96 577.06 200.87 1.59 0.58 1.69 -2.58 1.88 49.05 1.55 0.07984309705372195
Car 0.0 0 -1.73 699.84 185.96 798.85 260.51 1.38 1.49 3.38 2.83 1.69 15.47 -1.56 0.7312912053634116
Car 0.0 1 -0.23 760.9 174.47 916.67 236.66 1.67 1.6 3.94 6.39 1.75 20.58 0.06 0.49303398413440735
Car 0.0 2 -0.19 694.81 173.73 777.99 210.79 1.77 1.69 3.82 6.24 1.84 36.03 -0.02 0.25611089788316643
Car 0.0 0 -1.67 636.48 181.63 665.3 203.51 1.41 1.56 4.08 2.74 2.03 49.41 -1.61 0.4523972101809386
Car -1.0 -1 -10.0 512.69 177.1 562.73 199.02 -1.0 -1.0 -1.0 -1000.0 -1000.0 -1000.0 -10.0 0.5856671227804757
Car -1.0 -1 -10.0 584.89 175.18 638.56 193.57 -1.0 -1.0 -1.0 -1000.0 -1000.0 -1000.0 -10.0 0.186055287251916
