Car 0.0 0 -1.75 687.45 185.37 779.85 250.16 1.37 1.54 3.56 2.9 1.4 17.46 -1.59 0.11055917718416797
Car 0.8 0 -0.94 0.0 187.04 311.38 375.0 1.57 1.61 3.42 -3.51 1.6 4.65 -1.55 0.02938847951620127
Car 0.0 0 -1.66 632.4 178.75 665.76 204.22 1.46 1.66 4.04 2.44 1.08 43.64 -1.6 0.7703831663843425
Car 0.0 0 -1.28 289.13 185.85 463.33 292.82 1.47 1.61 4.16 -3.74 1.51 12.27 -1.57 0.8683560948902332
Car 0.0 1 -1.1 150.69 185.89 311.34 260.96 1.4 1.53 3.74 -8.07 1.44 15.72 -1.57 0.4881369614153803
Car 0.0 1 -1.39 442.81 179.28 510.06 228.18 1.52 1.58 3.56 -4.39 1.33 24.29 -1.56 0.016992925916946122
Car 0.0 1 -1.25 324.53 183.39 404.31 227.66 1.41 1.52 3.8 -8.51 1.37 25.35 -1.57 0.2547935994788034
Car 0.0 2 -1.32 396.84 172.58 446.72 212.74 1.8 1.52 3.18 -8.75 1.22 33.94 -1.57 0.05208004611928252
Car 0.0 1 -1.45 499.42 181.89 539.44 210.12 1.36 1.61 3.76 -4.52 1.2 37.04 -1.58 0.842865484261098
Car 0.0 2 -1.38 439.39 172.09 486.06 204.53 1.88 1.86 5.13 -8.93 1.1 44.61 -1.57 0.9094923163885327
Car 0.0 1 -1.45 523.7 180.66 555.04 202.51 1.37 1.59 3.89 -4.5 1.08 47.57 -1.54 0.7659715216902302
Car 0.0 0 -1.56 587.17 178.22 616.33 205.58 1.58 1.68 3.95 -0.37 1.17 43.81 -1.57 0.3020580374062338
