Car 0.0 0 1.93 147.43 197.56 428.65 352.07 1.41 1.76 4.4 -3.8 1.79 9.36 1.55 0.367938919125989
Car 0.35 3 2.17 0.0 202.21 230.12 352.38 1.43 1.7 3.74 -6.77 1.88 9.31 1.56 0.9074768560694585
Car 0.0 1 -1.65 644.1 176.01 692.11 215.49 1.55 1.66 4.15 2.37 1.7 30.65 -1.58 0.6802475051011755
Car 0.0 1 1.8 380.7 185.69 486.83 254.83 1.41 1.66 3.35 -4.04 1.74 16.88 1.57 0.029161717834465417
Car 0.0 1 2.83 773.82 164.09 932.98 212.03 1.47 1.7 4.65 7.88 1.23 23.76 -3.14 0.3399233609608031
Car 0.0 2 2.86 759.55 153.43 891.26 207.85 1.91 1.81 4.33 7.89 1.24 26.81 -3.14 0.36048425691158514
Car 0.0 2 -0.61 1022.43 135.91 1160.23 183.31 2.06 2.07 4.94 21.96 0.45 33.09 -0.03 0.5186286173935353
Car -1.0 -1 -10.0 486.65 176.06 546.07 202.14 -1.0 -1.0 -1.0 -1000.0 -1000.0 -1000.0 -10.0 0.08408942644167472
Car -1.0 -1 -10.0 546.02 171.9 562.73 192.78 -1.0 -1.0 -1.0 -1000.0 -1000.0 -1000.0 -10.0 0.8883319166480561
Car -1.0 -1 -10.0 586.65 171.9 603.36 186.53 -1.0 -1.0 -1.0 -1000.0 -1000.0 -1000.0 -10.0 0.8098327453133456
Car -1.0 -1 -10.0 611.65 175.02 633.57 189.65 -1.0 -1.0 -1.0 -1000.0 -1000.0 -1000.0 -10.0 0.5883533256691352
Car -1.0 -1 -10.0 939.77 152.1 1046.06 178.18 -1.0 -1.0 -1.0 -1000.0 -1000.0 -1000.0 -10.0 0.8416393079602649
Car -1.0 -1 -10.0 685.6 166.69 731.48 183.4 -1.0 -1.0 -1.0 -1000.0 -1000.0 -1000.0 -10.0 0.8625295054197987
Car -1.0 -1 -10.0 729.35 165.65 818.98 199.03 -1.0 -1.0 -1.0 -1000.0 -1000.0 -1000.0 -10.0 0.05661255208555882
