Car 0.63 0 -2.42 0.0 150.67 207.2 370.98 1.89 1.59 3.87 -6.35 1.73 7.02 -3.14 0.0860918778190084
Car 0.91 0 -2.2 873.78 202.36 1241.0 374.0 1.45 1.59 3.59 2.78 1.67 3.64 -1.59 0.6018874404597813
Car 0.0 0 -1.72 690.88 175.49 810.15 271.11 1.66 1.74 3.65 2.62 1.73 14.47 -1.55 0.8743532536056692
Car 0.11 3 0.6 0.0 189.99 300.02 317.78 1.52 1.49 3.5 -6.24 1.78 9.59 0.03 0.7404330555669087
Car 0.0 2 0.51 126.75 188.86 367.4 286.59 1.49 1.6 3.24 -6.02 1.79 12.11 0.05 0.1471028931621624
Car 0.0 2 -2.77 158.97 182.24 407.44 268.25 1.59 1.63 4.3 -6.54 1.81 14.68 3.1 0.5496742734263537
Car 0.0 2 -1.74 668.45 182.93 747.22 236.74 1.36 1.55 3.87 2.64 1.66 20.53 -1.61 0.1964736679910305
Car 0.0 2 -1.7 650.53 177.33 697.74 219.83 1.62 1.48 3.36 2.54 1.82 29.55 -1.61 0.16614052179738237
Car 0.0 2 -2.95 418.7 169.68 499.07 213.9 1.95 1.67 3.35 -6.93 1.83 33.17 3.13 0.45643607285911303
Car 0.0 2 0.16 458.11 182.56 529.37 210.61 1.43 1.49 3.56 -6.21 1.97 38.58 0.0 0.6857642680281585
Car 0.0 2 -1.64 636.74 179.25 665.9 203.48 1.38 1.49 3.38 2.42 1.78 43.35 -1.59 0.480247410634021
Car -1.0 -1 -10.0 523.1 172.94 589.81 191.73 -1.0 -1.0 -1.0 -1000.0 -1000.0 -1000.0 -10.0 0.9581715185256715
Car -1.0 -1 -10.0 608.52 170.85 634.6 188.6 -1.0 -1.0 -1.0 -1000.0 -1000.0 -1000.0 -10.0 0.44994486482260143
Car -1.0 -1 -10.0 596.02 172.94 605.44 181.31 -1.0 -1.0 -1.0 -1000.0 -1000.0 -1000.0 -10.0 0.8102988909687181
