Car 0.84 0 -2.18 917.12 187.22 1241.0 374.0 1.6 1.65 3.77 3.55 1.72 4.63 -1.56 0.4873142309357964
Car 0.0 0 1.75 410.51 163.32 542.83 282.13 1.86 1.63 4.2 -2.34 1.74 13.47 1.58 0.89970015767447
Car 0.35 0 1.38 934.91 190.06 1097.09 374.0 1.64 0.75 0.83 2.58 1.76 4.76 1.85 0.2718044537919774
Car 0.99 0 2.45 0.0 215.18 239.95 374.0 1.45 1.46 3.41 -2.92 1.68 2.35 1.61 0.3844242409137596
Car 0.0 1 -1.8 729.94 188.81 842.94 257.23 1.37 1.61 4.26 4.02 1.79 17.28 -1.58 0.8387504145177178
Car 0.0 1 1.27 790.96 190.71 989.02 314.74 1.46 1.44 4.53 3.99 1.78 11.21 1.61 0.006149142865027213
Car 0.0 1 1.62 556.64 179.33 592.47 212.61 1.51 1.55 3.92 -1.71 1.84 35.1 1.57 0.35464755413573446
Car 0.0 2 1.7 483.25 181.26 561.65 245.24 1.51 1.55 3.71 -2.26 1.74 19.09 1.59 0.34611785456863675
Car 0.0 2 -1.75 721.55 184.81 792.24 238.68 1.5 1.53 3.37 4.42 1.89 22.28 -1.56 0.8643246205971948
Car 0.0 2 -1.76 700.18 182.73 754.63 222.26 1.47 1.56 3.16 4.62 1.88 28.98 -1.6 0.2717966891635166
Car 0.0 2 -1.72 686.72 181.04 732.37 214.84 1.48 1.56 3.62 4.57 1.87 33.72 -1.59 0.12833275386845722
Car -1.0 -1 -10.0 611.65 173.98 683.57 195.9 -1.0 -1.0 -1.0 -1000.0 -1000.0 -1000.0 -10.0 0.8425632033252951
