Car 0.0 0 -1.84 724.11 170.14 894.05 301.88 1.62 1.48 3.36 2.71 1.62 10.68 -1.6 0.8245220388316403
Car 0.2 3 0.64 0.0 181.32 319.86 316.11 1.55 1.7 4.09 -6.18 1.69 9.31 0.06 0.23103771369721227
Car 0.0 2 0.45 97.25 175.6 374.81 281.53 1.59 1.63 3.75 -6.09 1.66 11.95 -0.01 0.5469310642801066
Car 0.0 2 -2.72 162.51 160.97 370.69 266.6 1.95 1.67 3.35 -6.76 1.75 14.37 3.13 0.9836141751374459
Car 0.0 2 -2.78 227.43 182.58 397.3 247.94 1.42 1.55 3.35 -6.94 1.67 16.95 3.12 0.30517671911770294
Car 0.0 2 0.29 320.67 180.9 467.48 236.65 1.43 1.49 3.56 -5.88 1.67 19.74 0.01 0.4556567185695888
Car 0.0 2 0.26 357.6 179.24 490.87 232.72 1.53 1.6 3.62 -5.62 1.75 21.94 0.02 0.7938549927775154
Car 0.0 2 0.3 375.22 172.48 480.57 224.28 1.66 1.57 3.11 -6.14 1.68 24.36 0.05 0.13805221388839595
Car 0.0 2 0.27 376.63 172.61 505.24 219.91 1.66 1.71 4.34 -6.24 1.68 26.76 0.04 0.44165212872794
Car 0.0 2 0.15 447.17 163.8 528.62 201.73 2.08 1.8 4.37 -6.97 1.6 41.33 -0.02 0.20780251316177056
Cyclist 0.0 0 1.59 573.9 172.23 581.24 191.26 1.59 0.58 1.69 -2.77 1.55 61.41 1.55 0.19309039183177423
Car 0.0 0 -1.68 664.73 181.83 720.81 226.59 1.38 1.49 3.38 2.69 1.7 24.34 -1.57 0.6621552355782412
Car 0.0 2 -0.15 710.17 171.12 814.25 214.13 1.67 1.6 3.94 6.12 1.63 29.48 0.06 0.44901373054183824
Car 0.0 0 -1.66 629.0 176.42 652.89 194.79 1.41 1.56 4.08 2.45 1.72 58.23 -1.62 0.7063532868192812
Car -1.0 -1 -10.0 528.31 172.94 564.81 200.06 -1.0 -1.0 -1.0 -1000.0 -1000.0 -1000.0 -10.0 0.3594091183103637
Car -1.0 -1 -10.0 599.15 169.81 629.4 182.35 -1.0 -1.0 -1.0 -1000.0 -1000.0 -1000.0 -10.0 0.6834345653487444
