Car 0.0 0 -1.83 707.85 78.05 992.44 329.26 2.57 1.99 6.64 2.89 1.64 10.76 -1.57 0.45715289384008073
Car 0.26 0 -2.51 0.0 178.7 246.44 309.43 1.58 1.54 3.3 -6.92 1.67 9.59 -3.12 0.1418179299964143
Car 0.0 2 0.49 73.48 172.53 367.54 281.63 1.68 1.71 4.07 -6.49 1.71 12.24 0.01 0.9770487761260768
Car 0.0 2 -2.78 157.77 180.02 410.37 263.39 1.53 1.7 4.32 -6.46 1.69 14.55 3.09 0.23918339914839026
Car 0.0 2 0.3 306.5 179.4 476.34 238.68 1.54 1.78 4.2 -6.06 1.75 20.19 0.01 0.22993628373122188
Car 0.0 1 0.14 405.67 177.47 520.59 216.53 1.5 1.66 4.4 -5.96 1.72 29.49 -0.05 0.7079923603197589
Car 0.0 2 0.21 391.36 149.55 531.11 217.12 2.86 1.88 5.81 -6.57 1.89 32.14 0.01 0.6369172492967944
Car 0.0 0 -1.67 653.3 181.71 706.16 221.48 1.41 1.62 4.19 2.61 1.77 28.15 -1.58 0.4344956607654279
Car -1.0 -1 -10.0 519.98 173.98 561.69 194.85 -1.0 -1.0 -1.0 -1000.0 -1000.0 -1000.0 -10.0 0.7353214999317342
Car -1.0 -1 -10.0 579.35 172.94 611.68 187.56 -1.0 -1.0 -1.0 -1000.0 -1000.0 -1000.0 -10.0 0.2417482679472952
Car -1.0 -1 -10.0 614.77 173.98 640.85 190.69 -1.0 -1.0 -1.0 -1000.0 -1000.0 -1000.0 -10.0 0.5466324228714394
