Car 0.0 2 0.16 412.01 177.46 518.15 216.67 1.58 1.66 4.21 -6.14 1.8 30.74 -0.03 0.9005735921216326
Car 0.0 2 -1.64 642.27 181.1 682.85 210.56 1.27 1.58 4.03 2.37 1.67 33.69 -1.57 0.8349178219765856
Car 0.0 0 -1.68 650.02 183.72 712.55 227.2 1.32 1.63 4.1 2.3 1.71 24.54 -1.59 0.9756521689362694
Car 0.0 1 0.34 257.01 180.64 449.1 248.37 1.58 1.56 4.25 -6.37 1.8 18.06 0.0 0.2220246535516126
Car 0.16 3 -2.57 0.0 189.08 307.58 313.88 1.5 1.58 3.88 -6.42 1.75 9.76 3.14 0.2077034892020676
Car 0.0 0 -0.54 864.43 183.13 1217.27 306.85 1.5 1.62 3.88 5.69 1.66 9.9 -0.03 0.2353554152270514
Car 0.63 3 -2.45 0.0 199.67 204.81 364.38 1.44 1.55 3.94 -6.56 1.75 7.29 3.12 0.8782300094240342
Car -1.0 -1 -10.0 513.73 170.85 579.4 200.06 -1.0 -1.0 -1.0 -1000.0 -1000.0 -1000.0 -10.0 0.2845184222591668
Car -1.0 -1 -10.0 590.81 171.9 603.35 186.53 -1.0 -1.0 -1.0 -1000.0 -1000.0 -1000.0 -10.0 0.9722594895025027
Car -1.0 -1 -10.0 616.85 173.98 651.27 195.9 -1.0 -1.0 -1.0 -1000.0 -1000.0 -1000.0 -10.0 0.3278444116892667
