Car 0.9 0 -2.18 863.56 210.05 1241.0 374.0 1.37 1.61 4.26 3.04 1.68 4.2 -1.59 0.4255072192866477
Car 0.0 0 1.72 426.84 192.49 500.36 251.72 1.51 1.55 3.92 -4.28 2.14 21.41 1.52 0.5144584037627035
Car 0.72 0 2.06 0.0 202.83 335.48 374.0 1.51 1.55 3.71 -3.45 1.8 5.29 1.5 0.9407027364166145
Car 0.0 1 -1.92 750.96 194.38 971.85 344.61 1.5 1.53 3.37 2.95 1.82 9.32 -1.62 0.7483957329542739
Car 0.0 1 -1.79 681.18 190.79 785.09 268.26 1.47 1.56 3.16 2.57 1.9 15.92 -1.63 0.45119755322588195
Car 0.0 2 -1.72 647.88 185.04 723.62 243.45 1.48 1.56 3.62 2.03 1.84 20.55 -1.63 0.7964381534686648
Car 0.0 2 -1.7 632.75 191.35 691.23 234.9 1.39 1.54 4.6 1.8 2.11 26.72 -1.63 0.12062026318662633
Car 0.0 2 1.68 460.3 192.49 516.98 235.42 1.4 1.62 4.26 -4.53 2.19 27.22 1.52 0.5231873168764385
Car 0.0 2 1.66 491.5 191.46 529.44 221.2 1.39 1.6 3.8 -5.15 2.39 37.45 1.53 0.16740088357345229
Car 0.0 2 3.01 750.65 176.12 818.5 209.61 2.05 1.8 3.95 10.99 2.28 45.71 -3.04 0.7634118328220462
Car -1.0 -1 -10.0 540.81 183.35 625.23 208.39 -1.0 -1.0 -1.0 -1000.0 -1000.0 -1000.0 -10.0 0.7433176295705919
