Car 0.0 1 -3.01 414.12 176.27 513.31 210.78 1.47 1.53 4.21 -6.59 1.66 32.62 3.08 0.4435383520196523
Car 0.0 0 -1.69 651.59 172.12 704.25 215.68 1.64 1.62 4.2 2.68 1.65 29.62 -1.6 0.5369295642085099
Car 0.0 0 1.69 512.58 180.69 565.21 221.62 1.35 1.47 3.43 -2.53 1.64 25.88 1.59 0.36123114839614934
Car 0.0 2 -2.87 228.66 178.3 434.31 247.06 1.48 1.61 4.24 -6.48 1.64 17.02 3.05 0.13588144641294964
Car 0.0 2 0.4 171.23 180.32 402.55 261.41 1.5 1.8 3.88 -6.45 1.67 14.62 -0.01 0.030818892651086394
Car 0.0 2 0.54 63.84 185.32 366.35 295.97 1.51 1.55 3.72 -5.84 1.72 10.83 0.05 0.7524723845286757
Car 0.39 1 0.58 0.0 179.53 307.09 338.79 1.58 1.66 4.21 -5.91 1.68 8.1 -0.04 0.23124733445643442
Car 0.0 0 -1.82 725.42 192.9 902.84 300.41 1.27 1.58 4.03 2.86 1.63 11.14 -1.57 0.9120910354939182
Car -1.0 -1 -10.0 625.19 176.06 647.11 192.77 -1.0 -1.0 -1.0 -1000.0 -1000.0 -1000.0 -10.0 0.6597716715307531
Car -1.0 -1 -10.0 596.02 173.98 608.56 186.52 -1.0 -1.0 -1.0 -1000.0 -1000.0 -1000.0 -10.0 0.02581308210449662
