Car 0.85 0 -2.17 847.84 178.32 1241.0 374.0 1.66 1.66 3.98 2.94 1.7 4.32 -1.61 0.030581457198524786
Car 0.47 3 -2.49 0.0 170.84 238.36 326.76 1.64 1.59 3.87 -6.76 1.65 8.45 3.13 0.606583321692447
Car 0.88 3 -2.31 0.0 175.45 92.97 373.34 1.6 1.56 4.11 -7.05 1.65 6.11 3.13 0.22733487322845114
Car 0.0 2 0.49 90.97 180.98 385.09 289.45 1.52 1.69 3.68 -5.64 1.66 11.15 0.03 0.7225010799636626
Car 0.0 2 -2.68 158.33 181.36 368.87 264.74 1.45 1.55 3.21 -6.46 1.63 13.57 -3.11 0.8740503312343333
Car 0.0 1 -2.79 301.97 175.89 432.86 233.85 1.57 1.47 3.23 -6.92 1.68 20.65 -3.11 0.9750643041920288
Car 0.0 2 -2.86 332.84 180.39 457.53 228.63 1.43 1.57 3.46 -6.74 1.69 22.73 3.14 0.12670534364235886
Car 0.0 2 -2.91 358.0 164.37 493.37 223.31 1.94 1.75 4.27 -6.38 1.68 25.16 3.13 0.4866564190023215
Car 0.0 0 -2.28 720.66 176.24 807.52 213.62 1.42 1.56 3.48 6.22 1.59 29.6 -2.08 0.1300657979843951
Car 0.0 0 -1.75 625.72 177.55 662.55 203.15 1.41 1.51 3.45 1.91 1.69 41.82 -1.71 0.44609833063273974
Car -1.0 -1 -10.0 474.15 168.77 568.98 201.1 -1.0 -1.0 -1.0 -1000.0 -1000.0 -1000.0 -10.0 0.06360653581480358
Car -1.0 -1 -10.0 573.1 166.69 624.18 189.65 -1.0 -1.0 -1.0 -1000.0 -1000.0 -1000.0 -10.0 0.9380854158377163
