Car 0.0 0 -1.77 694.58 184.99 797.51 255.87 1.37 1.54 3.56 2.93 1.39 16.1 -1.59 0.4561527890171123
Car 0.0 0 -1.14 99.18 181.15 407.43 366.71 1.57 1.61 3.42 -3.54 1.53 7.83 -1.55 0.5026390422153008
Car 0.0 0 -1.66 636.85 177.3 673.48 204.93 1.46 1.66 4.04 2.59 1.03 40.38 -1.6 0.8940899196384526
Car 0.67 1 -0.87 0.0 186.44 146.14 314.78 1.45 1.57 3.6 -7.8 1.48 9.04 -1.57 0.98460425858376
Car 0.0 1 -1.33 363.65 182.92 488.64 263.62 1.47 1.61 4.16 -3.76 1.44 15.43 -1.57 0.7024086759955998
Car 0.0 2 -1.16 233.16 184.02 355.22 244.89 1.4 1.53 3.74 -8.1 1.39 18.84 -1.56 0.9323982594823823
Car 0.0 1 -1.28 350.39 183.64 420.43 223.86 1.41 1.52 3.8 -8.52 1.37 27.74 -1.57 0.1224797134887915
Car 0.0 2 -1.34 413.34 172.53 458.3 209.67 1.8 1.52 3.18 -8.72 1.17 36.57 -1.58 0.8558747798709792
Car 0.0 1 -1.46 507.3 181.37 544.06 207.59 1.36 1.61 3.76 -4.5 1.16 39.65 -1.58 0.2780386506312654
Car 0.0 2 -1.39 450.38 171.39 493.34 201.82 1.88 1.86 5.13 -8.9 1.01 47.39 -1.57 0.7829727450685696
Car 0.0 1 -1.49 527.14 179.99 554.69 200.82 1.37 1.59 3.89 -4.6 1.02 49.7 -1.59 0.9840497806122636
Car 0.0 0 -1.56 588.4 177.84 616.21 203.94 1.58 1.68 3.95 -0.35 1.12 45.84 -1.57 0.3855326394202241
Car 0.0 1 -1.58 617.68 178.12 631.22 191.91 1.44 1.41 3.41 1.79 0.69 77.42 -1.56 0.3540256199120432
