Car 0.0 0 2.01 183.43 190.27 370.52 295.24 1.56 1.63 3.62 -5.81 1.91 12.99 1.59 0.8458331373047707
Car 0.1 0 -2.0 791.36 178.64 1159.23 374.0 1.51 1.6 3.54 3.0 1.58 6.89 -1.61 0.06047763685274676
Car 0.0 2 -1.91 722.77 176.78 882.62 283.25 1.53 1.5 3.34 3.04 1.62 12.21 -1.67 0.5682817511448014
Car 0.0 1 1.86 325.79 188.97 427.53 256.42 1.46 1.43 3.52 -5.73 1.89 17.95 1.56 0.052268836179040434
Pedestrian 0.0 2 -1.8 765.97 153.95 788.3 221.11 1.96 0.68 0.8 5.01 1.42 21.55 -1.57 0.7938626727779987
Pedestrian 0.0 2 -1.82 787.07 153.45 809.74 220.74 1.94 0.65 0.74 5.51 1.39 21.23 -1.57 0.632203610489029
Car 0.0 2 -1.77 702.03 178.48 791.03 241.75 1.39 1.45 3.44 3.22 1.54 17.79 -1.59 0.322654086316012
Car 0.0 2 -2.74 368.18 175.97 455.94 210.32 1.95 1.89 4.61 -11.67 2.16 42.58 -3.0 0.5073157761760491
Car -1.0 -1 -10.0 860.6 161.48 968.98 194.85 -1.0 -1.0 -1.0 -1000.0 -1000.0 -1000.0 -10.0 0.009218153617650104
Car -1.0 -1 -10.0 0.0 185.44 133.38 246.94 -1.0 -1.0 -1.0 -1000.0 -1000.0 -1000.0 -10.0 0.5016207054255286
