Car 0.66 1 2.22 0.0 215.0 224.5 374.0 1.4 1.65 4.02 -5.95 1.94 7.49 1.57 0.27352458462048546
Car 0.89 3 2.32 1180.92 136.73 1241.0 286.44 1.67 1.67 3.43 8.72 1.25 8.06 3.12 0.9036994703171977
Car 0.28 3 2.5 1001.7 151.53 1241.0 266.45 1.57 1.62 3.69 8.13 1.29 10.83 3.13 0.47614600118082395
Car 0.0 0 1.99 239.79 195.68 406.1 281.36 1.43 1.61 4.13 -5.75 1.95 14.91 1.62 0.6359381650103269
Car 0.0 0 -1.92 771.24 182.47 1023.82 332.71 1.47 1.6 3.87 3.26 1.61 9.14 -1.58 0.5896143324358145
Car 0.0 1 -1.78 716.45 176.65 840.93 266.95 1.57 1.57 4.04 3.22 1.67 14.71 -1.57 0.3924626742769992
Car 0.0 1 1.84 366.4 190.29 453.37 249.21 1.48 1.5 3.58 -5.68 2.02 20.73 1.57 0.3113713951021517
Car 0.0 1 1.39 681.42 180.34 749.7 227.29 1.46 1.61 3.61 3.46 1.72 24.47 1.52 0.6876000537470569
Car 0.0 1 1.82 443.68 186.11 506.13 225.68 1.48 1.56 4.09 -5.56 2.06 29.98 1.64 0.22419137388084742
Car 0.0 2 -1.74 664.38 181.97 720.24 219.93 1.46 1.67 3.89 3.34 1.86 30.24 -1.63 0.287378613313204
Car 0.0 1 1.68 502.3 182.16 535.37 208.7 1.56 1.63 3.62 -5.67 2.15 44.97 1.56 0.5916169087278026
Car 0.0 1 -1.71 649.73 179.21 689.1 209.0 1.51 1.6 3.54 3.12 1.86 38.76 -1.63 0.9123229833196425
Car 0.0 0 -2.21 561.27 175.43 603.37 191.86 1.5 1.71 4.35 -2.67 1.77 68.38 -2.25 0.1671177888013753
Car -1.0 -1 -10.0 58.52 173.98 168.98 233.4 -1.0 -1.0 -1.0 -1000.0 -1000.0 -1000.0 -10.0 0.8695822238519532
Car -1.0 -1 -10.0 299.15 168.77 404.4 215.69 -1.0 -1.0 -1.0 -1000.0 -1000.0 -1000.0 -10.0 0.7723715523349128
