Car 0.0 0 -1.86 720.35 182.64 924.06 312.32 1.49 1.71 3.58 2.73 1.64 10.26 -1.61 0.44690741528726086
Car 0.0 0 -1.36 357.74 195.26 472.04 267.82 1.39 1.81 3.46 -4.37 1.95 16.5 -1.62 0.6468575812850095
Car 0.0 0 -1.72 664.08 181.28 737.35 238.38 1.47 1.55 3.37 2.46 1.72 20.55 -1.6 0.299506825639823
Car 0.0 1 -1.39 441.1 182.11 513.19 235.15 1.72 1.8 4.16 -4.69 2.06 25.81 -1.57 0.27791424682954613
Car 0.0 0 1.68 496.24 182.95 534.29 214.49 1.62 1.66 3.81 -5.19 2.19 39.68 1.55 0.8233243158130044
Cyclist 0.0 0 1.63 570.33 177.84 578.41 197.6 1.85 0.63 2.07 -3.4 2.33 68.84 1.58 0.6832853166347601
Cyclist 0.0 0 1.6 579.22 178.19 586.93 196.87 1.76 0.66 1.83 -2.58 2.27 69.01 1.57 0.7864048881905149
Car 0.0 1 -1.67 639.71 177.89 680.93 211.9 1.61 1.67 3.62 2.45 1.88 36.33 -1.61 0.7633377686749598
Car -1.0 -1 -10.0 608.49 172.55 639.81 194.15 -1.0 -1.0 -1.0 -1000.0 -1000.0 -1000.0 -10.0 0.5126205926041718
Car -1.0 -1 -10.0 529.25 179.75 564.42 202.08 -1.0 -1.0 -1.0 -1000.0 -1000.0 -1000.0 -10.0 0.6206209451263105
