Car 0.0 0 1.89 214.0 194.75 445.13 324.03 1.41 1.76 4.4 -3.84 1.78 10.65 1.56 0.26548889692746214
Car 0.09 1 2.12 0.0 203.28 263.58 334.96 1.43 1.7 3.74 -6.8 1.94 10.45 1.56 0.5417026384871864
Car 0.0 1 -1.65 641.99 176.35 687.68 214.17 1.55 1.66 4.15 2.33 1.72 31.91 -1.58 0.30992521500832815
Car 0.0 1 1.79 399.44 186.74 494.47 249.85 1.41 1.66 3.35 -4.09 1.79 18.38 1.57 0.3035591174953497
Car 0.0 1 2.84 765.1 163.63 915.99 209.28 1.47 1.7 4.65 7.84 1.2 24.91 -3.14 0.5348452369211044
Car 0.0 2 2.87 752.13 153.31 877.61 205.36 1.91 1.81 4.33 7.84 1.21 27.99 -3.14 0.29686595244173786
Car 0.0 2 -0.59 1007.17 135.97 1139.25 181.7 2.06 2.07 4.94 21.88 0.39 34.26 -0.03 0.6110256107849378
Car -1.0 -1 -10.0 490.81 179.19 546.06 203.19 -1.0 -1.0 -1.0 -1000.0 -1000.0 -1000.0 -10.0 0.5062374093959623
Car -1.0 -1 -10.0 685.6 159.4 732.52 185.48 -1.0 -1.0 -1.0 -1000.0 -1000.0 -1000.0 -10.0 0.8095478614964056
Car -1.0 -1 -10.0 910.6 150.02 1027.31 179.23 -1.0 -1.0 -1.0 -1000.0 -1000.0 -1000.0 -10.0 0.03529450522381539
Car -1.0 -1 -10.0 719.98 170.85 817.94 193.81 -1.0 -1.0 -1.0 -1000.0 -1000.0 -1000.0 -10.0 0.6735549930240792
Car -1.0 -1 -10.0 541.85 175.02 571.06 191.73 -1.0 -1.0 -1.0 -1000.0 -1000.0 -1000.0 -10.0 0.2956964166252555
Car -1.0 -1 -10.0 585.6 171.9 602.31 186.53 -1.0 -1.0 -1.0 -1000.0 -1000.0 -1000.0 -10.0 0.30048716199422587
Car -1.0 -1 -10.0 611.65 172.94 634.61 186.52 -1.0 -1.0 -1.0 -1000.0 -1000.0 -1000.0 -10.0 0.11996861246596868
