Pedestrian 0.0 1 0.87 1011.84 139.61 1102.17 364.59 1.74 0.46 0.9 3.71 1.42 5.94 1.41 0.5466688145568114
Pedestrian 0.0 1 0.82 1047.64 145.24 1119.17 361.05 1.7 0.46 0.82 4.16 1.42 6.01 1.4 0.12829763901945845
Pedestrian 0.0 1 -1.98 652.63 141.47 672.3 202.34 1.76 0.53 0.64 1.63 0.63 20.85 -1.9 0.8877617905374896
Pedestrian 0.0 1 -1.56 282.65 138.09 321.48 259.3 1.92 0.66 0.67 -5.0 1.24 11.61 -1.95 0.1879486939890399
Pedestrian 0.0 1 1.43 515.19 154.4 545.32 232.7 1.52 0.53 0.68 -1.51 1.01 14.1 1.33 0.8707025866671478
Pedestrian 0.0 0 1.38 552.05 148.82 582.77 232.39 1.64 0.68 1.0 -0.84 1.02 14.46 1.32 0.3481384906193543
Pedestrian 0.0 0 -2.35 833.89 147.72 889.54 270.16 1.64 0.59 0.9 3.64 1.2 9.98 -2.0 0.60467095274271
Pedestrian 0.0 0 1.36 478.89 141.42 506.12 219.49 1.87 0.7 0.73 -2.81 0.93 17.42 1.21 0.10870400947981185
Pedestrian 0.0 1 1.09 474.42 141.02 497.98 212.31 1.81 0.57 0.96 -3.27 0.81 18.5 0.92 0.112295998830373
Pedestrian 0.0 1 0.99 433.2 140.33 463.23 214.54 1.82 0.66 0.97 -3.79 0.83 17.9 0.79 0.8114002265265684
Pedestrian 0.0 1 1.2 430.66 139.18 458.9 215.57 1.78 0.6 1.15 -3.94 0.82 17.13 0.98 0.8907020571386588
Pedestrian 0.0 2 -2.51 598.7 139.99 612.87 193.98 1.9 0.61 0.63 0.01 0.47 25.32 -2.51 0.8701701632909009
Pedestrian 0.0 1 -2.59 645.52 145.79 665.18 198.75 1.84 0.59 0.82 1.62 0.63 25.02 -2.52 0.5570951849313296
Car 0.97 3 -1.26 0.0 0.0 268.03 369.0 2.13 1.99 5.19 -3.16 1.65 3.69 -1.93 0.8511641221634061
Car -1.0 -1 -10.0 328.35 135.68 422.93 201.49 -1.0 -1.0 -1.0 -1000.0 -1000.0 -1000.0 -10.0 0.5089676799714697
Car -1.0 -1 -10.0 707.6 125.4 1220.49 166.54 -1.0 -1.0 -1.0 -1000.0 -1000.0 -1000.0 -10.0 0.12159968960820777
