Car 0.96 0 -0.86 0.0 199.28 302.27 369.0 1.5 1.78 3.69 -3.17 1.66 3.35 -1.57 0.7035491880257989
Pedestrian 0.0 1 -0.51 1052.82 138.53 1136.48 295.61 1.75 0.57 1.07 5.32 1.29 8.22 0.04 0.3241874007596305
Pedestrian 0.0 0 -0.54 1048.55 130.77 1150.88 306.61 1.8 0.61 1.04 5.4 1.3 7.58 0.06 0.5375476601335605
Cyclist 0.0 1 -1.6 991.41 147.0 1029.1 216.34 1.72 0.78 1.71 10.56 0.89 18.51 -1.08 0.613194030359924
Pedestrian 0.0 0 0.17 455.34 166.47 491.01 275.59 1.72 0.55 0.93 -2.1 1.51 11.5 -0.0 0.337501227854786
Pedestrian 0.0 0 0.2 416.25 170.77 464.92 279.31 1.62 0.48 0.96 -2.45 1.48 10.87 -0.01 0.4368401596822733
Car 0.0 1 1.65 446.87 170.87 481.37 195.64 1.45 1.75 4.23 -8.72 0.88 44.05 1.46 0.11594778295797259
Car 0.0 0 -1.7 649.06 169.14 679.63 192.39 1.5 1.54 4.1 4.02 0.76 48.28 -1.61 0.5143415374066991
Car -1.0 -1 -10.0 877.18 156.24 905.99 196.35 -1.0 -1.0 -1.0 -1000.0 -1000.0 -1000.0 -10.0 0.4334572330946619
Car -1.0 -1 -10.0 626.4 166.51 642.87 179.9 -1.0 -1.0 -1.0 -1000.0 -1000.0 -1000.0 -10.0 0.373435594385066
