Car 0.99 0 -2.34 900.7 155.2 1241.0 374.0 1.76 1.71 4.35 2.82 1.7 2.7 -1.59 0.43802013578127175
Car 0.2 3 0.6 0.0 156.75 340.27 320.17 1.95 1.64 4.57 -6.21 1.79 9.55 0.03 0.35699416793691763
Car 0.57 0 -2.43 0.0 185.0 203.79 372.73 1.66 1.58 3.31 -6.24 1.81 7.26 -3.13 0.6944774505063606
Car 0.0 1 -1.92 758.66 193.18 1026.83 362.18 1.44 1.66 3.25 2.83 1.7 8.1 -1.59 0.023819192175288495
Car 0.0 2 -2.62 74.85 170.24 342.57 293.79 1.87 1.61 3.53 -6.53 1.86 11.9 -3.11 0.7168241926987327
Car 0.0 2 0.53 183.27 187.93 399.66 277.53 1.59 1.56 3.5 -6.1 1.9 13.9 0.12 0.6998767933283575
Car 0.0 2 -2.73 211.34 182.96 428.72 263.66 1.72 1.65 4.33 -6.59 1.98 16.56 -3.1 0.7891089542940956
Car 0.0 2 0.33 349.46 187.37 484.74 236.91 1.57 1.54 4.1 -6.47 2.08 24.25 0.08 0.4302004883666152
Car 0.0 1 -2.92 401.03 177.87 506.18 227.09 1.89 1.59 3.87 -6.28 2.12 29.08 -3.13 0.6740727596535668
Car 0.0 1 -1.7 663.41 190.28 721.78 236.09 1.45 1.59 3.59 2.84 2.11 25.73 -1.59 0.7384044427956118
Car 0.0 1 -1.77 708.15 190.9 841.39 289.33 1.54 1.67 3.72 2.91 1.92 13.66 -1.56 0.5315011673251671
Car 0.0 1 -1.64 646.2 185.17 686.17 220.61 1.66 1.74 3.65 2.76 2.3 36.48 -1.56 0.3063326304641063
Car -1.0 -1 -10.0 482.48 180.23 598.15 208.4 -1.0 -1.0 -1.0 -1000.0 -1000.0 -1000.0 -10.0 0.16529586647758143
Car -1.0 -1 -10.0 603.31 180.23 636.68 195.9 -1.0 -1.0 -1.0 -1000.0 -1000.0 -1000.0 -10.0 0.6102917441040453
