Car 0.0 1 0.13 438.18 179.13 526.86 212.15 1.58 1.66 4.21 -6.4 1.92 36.36 -0.04 0.9179983865885035
Car 0.0 0 -1.67 637.86 182.74 686.72 217.28 1.32 1.63 4.1 2.09 1.75 30.24 -1.6 0.6371832849715313
Car 0.0 2 0.26 339.22 178.24 482.21 229.46 1.58 1.56 4.25 -6.49 1.78 23.63 -0.0 0.36861582282821104
Car 0.0 2 -2.76 194.19 185.48 407.86 262.24 1.5 1.58 3.88 -6.52 1.8 15.39 3.13 0.03138187301866857
Car 0.0 1 -0.38 772.25 181.13 979.79 256.55 1.5 1.62 3.88 5.62 1.7 15.64 -0.04 0.37099282032691516
Car 0.0 2 -2.69 97.94 187.83 364.98 277.38 1.44 1.55 3.94 -6.65 1.74 12.86 3.13 0.03571819429837808
Car 0.13 3 -2.66 0.0 168.09 321.31 305.6 1.77 1.68 4.12 -6.6 1.73 10.4 3.06 0.0929597781698226
Car 0.49 3 0.67 0.0 191.26 268.34 351.89 1.51 1.59 4.28 -6.25 1.74 7.77 0.01 0.9229402230855205
Car 0.83 0 0.83 0.0 199.68 163.66 374.0 1.5 1.49 3.86 -5.8 1.74 5.44 0.04 0.8715260199953001
Car 0.82 0 -0.86 1106.4 183.42 1241.0 374.0 1.55 1.58 3.51 6.33 1.64 5.95 -0.07 0.5650757893959145
Car -1.0 -1 -10.0 505.4 172.94 574.19 195.9 -1.0 -1.0 -1.0 -1000.0 -1000.0 -1000.0 -10.0 0.31860287610957383
Car -1.0 -1 -10.0 610.6 177.1 648.14 194.85 -1.0 -1.0 -1.0 -1000.0 -1000.0 -1000.0 -10.0 0.18904751151411614
Car -1.0 -1 -10.0 585.6 173.98 597.1 186.52 -1.0 -1.0 -1.0 -1000.0 -1000.0 -1000.0 -10.0 0.14993993369280045
