Car 0.0 0 -1.57 572.4 172.97 615.35 212.12 1.6 1.76 3.84 -0.63 1.09 31.61 -1.59 0.9278697183517658
Car 0.64 1 -0.88 0.0 190.47 136.26 303.83 1.44 1.58 3.66 -8.8 1.55 10.3 -1.57 0.6715057517849643
Car 0.0 0 -1.11 92.72 185.77 357.26 319.49 1.49 1.64 3.95 -5.13 1.52 10.24 -1.57 0.04935849055910091
Car 0.0 2 -1.16 222.76 168.35 350.45 243.42 1.78 1.66 3.84 -8.39 1.37 19.09 -1.57 0.6233953884108909
Car 0.0 0 -1.33 372.48 149.24 477.05 248.97 2.23 1.88 2.54 -4.39 1.42 17.46 -1.57 0.024936822540752912
Car 0.0 1 -1.38 417.22 147.52 510.3 232.6 2.38 1.98 4.65 -4.4 1.31 22.55 -1.57 0.23896429856652202
Car 0.0 1 -1.24 326.51 183.66 397.37 223.71 1.31 1.34 3.44 -8.74 1.27 25.72 -1.57 0.6062013189533219
Car 0.0 1 -1.45 486.53 171.53 531.54 207.92 1.78 1.81 4.32 -5.12 1.1 37.62 -1.59 0.9318627521135768
Car 0.0 1 -1.48 512.46 179.64 542.26 201.82 1.45 1.67 3.88 -5.49 1.07 49.33 -1.59 0.16491131503802559
Car 0.0 1 -1.51 528.34 163.66 556.54 194.64 2.52 2.02 6.17 -5.57 0.74 61.92 -1.6 0.44397863902689993
Car 0.0 2 -1.05 110.14 183.37 251.0 241.76 1.45 1.6 3.96 -11.88 1.42 20.26 -1.57 0.03900225925143619
