Pedestrian 0.17 0 -2.15 874.55 149.71 987.55 373.0 1.76 0.76 1.02 2.23 1.55 5.26 -1.77 0.7885739516563582
Pedestrian 0.0 2 -1.74 362.77 156.88 402.77 259.21 1.89 0.96 0.95 -4.3 1.43 13.88 -2.04 0.7036659244361189
Pedestrian 0.0 0 -2.03 813.78 162.62 884.78 354.88 1.68 0.64 0.91 2.24 1.52 6.8 -1.73 0.8731843732899313
Pedestrian 0.0 0 -2.37 637.91 161.22 702.16 333.85 1.71 0.68 0.93 0.61 1.51 7.67 -2.3 0.8050737873333987
Pedestrian 0.0 0 -2.26 496.18 163.05 553.18 304.54 1.71 0.8 0.94 -1.14 1.49 9.31 -2.38 0.6953396115285965
Pedestrian 0.0 0 -2.47 713.67 156.89 775.0 295.22 1.8 0.83 0.92 1.84 1.48 9.96 -2.3 0.05116531530966173
Pedestrian 0.0 0 -2.63 577.96 157.81 626.3 275.12 1.82 0.68 0.99 -0.14 1.46 11.7 -2.64 0.7962414323074988
Pedestrian 0.0 1 -2.35 653.09 169.88 703.09 313.73 1.63 0.71 0.88 0.94 1.5 8.69 -2.25 0.48317793585337476
Pedestrian 0.0 2 -2.43 632.91 153.57 680.91 261.04 1.83 0.78 0.94 0.7 1.36 12.84 -2.38 0.29283218650073006
Pedestrian 0.0 2 -2.32 652.63 160.13 734.49 292.36 1.72 0.69 0.88 1.23 1.44 9.91 -2.2 0.41592913753195526
Car 0.0 1 1.73 462.86 170.37 550.55 236.06 1.57 1.67 4.14 -2.46 1.3 19.4 1.6 0.2772182578344876
