Cyclist 0.0 3 -2.0 1012.17 138.43 1123.61 287.0 1.8 0.52 1.75 6.0 1.39 9.63 -1.45 0.8998954274946349
Pedestrian 0.0 1 -2.51 1072.79 153.31 1116.7 262.75 1.7 0.69 0.68 7.89 1.4 11.65 -1.93 0.26203184980565575
Pedestrian 0.0 0 -2.17 1114.66 149.76 1186.84 260.84 1.7 0.48 0.87 8.55 1.35 11.49 -1.55 0.2461944986532475
Car 0.0 2 -2.12 1089.61 194.54 1150.6 256.48 1.0 0.5 0.77 8.58 1.37 12.22 -1.52 0.6088476739965512
Cyclist 0.0 3 -1.74 799.35 165.8 819.56 211.49 1.64 0.44 1.56 7.33 1.39 26.67 -1.47 0.048929427052733176
Car -1.0 -1 -10.0 485.6 176.06 507.52 184.44 -1.0 -1.0 -1.0 -1000.0 -1000.0 -1000.0 -10.0 0.08767450354809425
Car -1.0 -1 -10.0 550.19 173.98 565.86 183.4 -1.0 -1.0 -1.0 -1000.0 -1000.0 -1000.0 -10.0 0.2962936504246825
Car -1.0 -1 -10.0 601.23 173.98 628.36 184.44 -1.0 -1.0 -1.0 -1000.0 -1000.0 -1000.0 -10.0 0.011539284349748713
Car -1.0 -1 -10.0 647.06 175.02 671.06 183.4 -1.0 -1.0 -1.0 -1000.0 -1000.0 -1000.0 -10.0 0.917042253445329
Car -1.0 -1 -10.0 685.6 163.56 1001.27 175.06 -1.0 -1.0 -1.0 -1000.0 -1000.0 -1000.0 -10.0 0.0003152294437204217
Car -1.0 -1 -10.0 821.02 179.19 1001.27 203.19 -1.0 -1.0 -1.0 -1000.0 -1000.0 -1000.0 -10.0 0.1256951019352318
Car -1.0 -1 -10.0 1129.4 161.48 1240.05 202.15 -1.0 -1.0 -1.0 -1000.0 -1000.0 -1000.0 -10.0 0.15357226127859236
