Car 0.0 0 1.28 947.83 163.63 1094.69 246.25 1.52 1.55 3.91 8.48 1.37 15.31 1.77 0.7739395144591802
Car 0.0 2 1.43 835.47 166.65 946.33 243.42 1.62 1.84 4.1 6.56 1.51 17.37 1.78 0.08847409049073729
Car 0.0 0 -1.71 318.02 186.26 377.27 223.81 1.38 1.73 3.97 -10.76 1.94 29.32 -2.06 0.3970446591510882
Car 0.0 1 -2.88 494.54 170.43 589.05 211.14 1.74 1.58 3.9 -3.04 1.67 32.15 -2.97 0.3929632348788835
Car 0.0 0 1.67 113.73 188.73 159.21 220.62 1.58 1.68 3.76 -25.46 2.46 38.84 1.09 0.8683418606948878
Car 0.0 0 -1.58 274.63 180.06 299.06 202.61 1.77 1.77 5.1 -26.89 2.39 59.97 -2.0 0.9344280703201255
Car 0.0 0 -2.18 555.21 146.04 892.81 349.01 1.95 1.89 4.61 1.07 1.72 9.38 -2.07 0.9323062332109712
Car 0.0 0 -1.92 421.28 192.88 551.84 266.0 1.35 1.64 3.76 -2.89 1.82 15.98 -2.09 0.4690518554211405
Car -1.0 -1 -10.0 159.56 186.48 182.52 209.44 -1.0 -1.0 -1.0 -1000.0 -1000.0 -1000.0 -10.0 0.8253845924083069
Car -1.0 -1 -10.0 191.85 180.23 251.27 200.06 -1.0 -1.0 -1.0 -1000.0 -1000.0 -1000.0 -10.0 0.6358514989490259
Car -1.0 -1 -10.0 1051.2 148.98 1239.97 218.81 -1.0 -1.0 -1.0 -1000.0 -1000.0 -1000.0 -10.0 0.1680453594117387
Car -1.0 -1 -10.0 0.0 204.19 90.67 344.86 -1.0 -1.0 -1.0 -1000.0 -1000.0 -1000.0 -10.0 0.14494704836915984
