Car 0.0 2 0.06 466.32 165.85 537.3 194.57 1.99 1.8 4.96 -7.8 1.53 52.26 -0.09 0.799896308668131
Car 0.0 1 -2.95 332.85 180.49 465.6 225.76 1.47 1.53 4.21 -7.3 1.76 25.15 3.05 0.9792679849393254
Car 0.0 0 -1.71 642.12 174.08 715.17 233.45 1.64 1.62 4.2 1.98 1.71 22.31 -1.63 0.5545845558820481
Car 0.0 0 1.73 451.0 186.13 530.66 246.32 1.35 1.47 3.43 -3.0 1.72 18.46 1.57 0.040766566261646875
Car 0.33 3 -2.65 0.0 183.02 289.31 309.58 1.48 1.61 4.24 -6.77 1.64 9.54 3.03 0.5538985787433862
Car 0.72 3 0.72 0.0 184.09 169.66 359.26 1.5 1.8 3.88 -6.87 1.64 7.08 -0.03 0.6006510012249417
Car 0.92 0 -2.17 841.59 218.34 1241.0 374.0 1.27 1.58 4.03 2.66 1.63 3.78 -1.6 0.2858932136464605
Car -1.0 -1 -10.0 609.56 175.02 634.6 193.81 -1.0 -1.0 -1.0 -1000.0 -1000.0 -1000.0 -10.0 0.7958221536939303
Car -1.0 -1 -10.0 578.31 172.94 591.89 183.4 -1.0 -1.0 -1.0 -1000.0 -1000.0 -1000.0 -10.0 0.9160254376483344
Car -1.0 -1 -10.0 518.94 171.9 561.69 186.53 -1.0 -1.0 -1.0 -1000.0 -1000.0 -1000.0 -10.0 0.4726164107921922
