Car 0.13 0 -1.99 802.19 179.66 1215.72 374.0 1.4 1.61 3.77 3.0 1.48 6.48 -1.57 0.467187242015796
Car 0.0 1 -1.72 727.1 175.8 850.38 268.97 1.41 1.57 3.16 2.94 1.48 12.59 -1.49 0.9963170753725955
Car 0.0 0 1.92 287.91 192.45 410.83 268.24 1.53 1.56 3.58 -6.05 2.03 17.04 1.59 0.8911567442332976
Car 0.0 1 1.72 476.44 185.82 514.11 213.47 1.42 1.54 3.5 -6.32 2.15 39.84 1.56 0.5133585996286278
Car 0.0 1 -1.64 641.83 173.9 675.5 200.56 1.51 1.75 3.78 2.85 1.6 43.32 -1.57 0.24471190479298022
Car 0.0 2 1.72 493.61 184.59 527.42 207.85 1.36 1.51 4.02 -6.24 2.12 45.42 1.58 0.4816418818354523
Car -1.0 -1 -10.0 523.1 178.15 561.68 200.07 -1.0 -1.0 -1.0 -1000.0 -1000.0 -1000.0 -10.0 0.23683589488314072
Car -1.0 -1 -10.0 565.81 175.02 618.98 191.73 -1.0 -1.0 -1.0 -1000.0 -1000.0 -1000.0 -10.0 0.042100897820816274
Car -1.0 -1 -10.0 623.1 173.98 635.64 185.48 -1.0 -1.0 -1.0 -1000.0 -1000.0 -1000.0 -10.0 0.2216911543324015
Car -1.0 -1 -10.0 661.65 163.56 705.44 180.27 -1.0 -1.0 -1.0 -1000.0 -1000.0 -1000.0 -10.0 0.5183177868910082
Car -1.0 -1 -10.0 788.73 160.44 812.73 178.19 -1.0 -1.0 -1.0 -1000.0 -1000.0 -1000.0 -10.0 0.6589479228809642
