Pedestrian 0.0 0 -1.64 613.91 161.14 670.91 307.89 1.73 0.84 0.86 0.38 1.49 8.95 -1.61 0.29947892081721994
Pedestrian 0.0 0 -1.73 672.72 153.0 730.05 302.09 1.81 0.9 0.95 1.17 1.46 9.24 -1.62 0.6745375964285879
Pedestrian 0.0 1 -1.27 235.41 158.34 295.08 318.43 1.78 0.92 1.01 -4.06 1.52 8.56 -1.71 0.9344041753587289
Cyclist 0.01 0 1.92 242.32 156.84 382.87 373.0 1.81 0.65 1.7 -2.71 1.61 6.84 1.55 0.7413936427341775
Cyclist 0.0 0 1.77 425.24 167.08 493.73 274.25 1.7 0.81 1.72 -2.42 1.47 12.31 1.57 0.9211123163079451
Cyclist 0.0 2 1.7 443.88 165.47 482.85 248.66 1.79 0.62 1.9 -3.17 1.45 16.51 1.51 0.7550238431480147
Pedestrian 0.0 1 -1.5 727.44 162.59 744.44 228.69 1.63 0.61 0.82 3.46 1.16 18.16 -1.32 0.469836543024332
Car 0.0 0 1.66 480.99 167.04 522.5 204.74 2.11 2.04 4.62 -5.88 1.3 42.93 1.52 0.1157566383715225
Car -1.0 -1 -10.0 545.26 167.28 561.92 187.06 -1.0 -1.0 -1.0 -1000.0 -1000.0 -1000.0 -10.0 0.2550056533001973
Car -1.0 -1 -10.0 0.0 171.44 49.91 289.91 -1.0 -1.0 -1.0 -1000.0 -1000.0 -1000.0 -10.0 0.15460342963890383
Car -1.0 -1 -10.0 58.71 172.16 88.68 253.99 -1.0 -1.0 -1.0 -1000.0 -1000.0 -1000.0 -10.0 0.42948325283510946
