Car 0.52 0 2.04 0.0 206.22 378.01 374.0 1.41 1.76 4.4 -3.7 1.8 6.6 1.54 0.9732172183460188
Car 0.83 3 2.3 0.0 208.96 137.39 368.06 1.43 1.7 3.74 -6.71 1.87 7.01 1.56 0.5477832688345838
Car 0.0 1 -1.66 650.28 178.12 703.08 220.75 1.55 1.66 4.15 2.53 1.77 28.54 -1.58 0.8283686537259446
Car 0.0 1 1.84 329.36 188.89 467.13 276.03 1.41 1.66 3.35 -3.95 1.75 13.86 1.57 0.3432144379391603
Car 0.0 1 2.79 793.97 165.15 972.68 218.47 1.47 1.7 4.65 7.98 1.29 21.45 -3.14 0.11450122000644303
Car 0.0 2 2.83 776.44 153.72 922.64 213.57 1.91 1.81 4.33 8.0 1.32 24.46 -3.14 0.18297876013336123
Car 0.0 1 1.71 480.22 183.62 517.08 210.46 1.53 1.68 3.86 -6.77 2.2 44.01 1.56 0.9524684664709399
Car 0.0 2 -0.65 1056.3 135.78 1207.14 186.92 2.06 2.07 4.94 22.11 0.56 30.75 -0.03 0.5860008158679596
Car -1.0 -1 -10.0 738.73 165.65 843.98 204.23 -1.0 -1.0 -1.0 -1000.0 -1000.0 -1000.0 -10.0 0.4877837915618377
Car -1.0 -1 -10.0 992.9 151.06 1085.65 179.23 -1.0 -1.0 -1.0 -1000.0 -1000.0 -1000.0 -10.0 0.4810316722569582
Car -1.0 -1 -10.0 517.9 177.1 563.77 195.89 -1.0 -1.0 -1.0 -1000.0 -1000.0 -1000.0 -10.0 0.8660390381941083
Car -1.0 -1 -10.0 590.81 173.98 606.48 188.6 -1.0 -1.0 -1.0 -1000.0 -1000.0 -1000.0 -10.0 0.8349830952332219
Car -1.0 -1 -10.0 613.73 175.02 639.81 191.73 -1.0 -1.0 -1.0 -1000.0 -1000.0 -1000.0 -10.0 0.7708839292578952
Car -1.0 -1 -10.0 687.69 167.73 738.77 187.56 -1.0 -1.0 -1.0 -1000.0 -1000.0 -1000.0 -10.0 0.7106507117554928
