Pedestrian 0.0 1 -2.76 675.1 145.26 693.1 201.94 1.76 0.53 0.64 2.38 0.67 22.36 -2.65 0.6726866714574256
Pedestrian 0.0 1 0.94 256.2 137.11 295.2 258.95 1.92 0.66 0.67 -5.47 1.24 11.57 0.51 0.47591726641747356
Pedestrian 0.33 0 1.0 879.92 135.07 1099.38 369.0 1.77 0.66 1.0 2.15 1.54 4.15 1.45 0.7849030412184186
Pedestrian 0.3 1 0.88 973.66 116.81 1206.0 369.0 1.88 0.62 1.0 2.79 1.55 4.24 1.43 0.8488963870580551
Pedestrian 0.0 0 1.26 742.1 143.33 819.1 308.69 1.81 0.75 0.96 1.99 1.4 8.27 1.49 0.39544489881866385
Pedestrian 0.0 0 1.05 679.26 144.92 736.93 305.11 1.81 0.82 0.89 1.21 1.41 8.56 1.19 0.18369901029555813
Pedestrian 0.0 0 0.77 835.76 140.21 901.1 305.0 1.79 0.57 0.96 2.95 1.35 8.21 1.1 0.8914801332416159
Pedestrian 0.0 1 0.72 911.82 145.64 965.16 303.14 1.69 0.46 1.07 3.76 1.32 8.18 1.14 0.3541346451806334
Pedestrian 0.0 2 2.95 953.06 165.86 996.73 243.38 1.89 0.52 1.08 9.19 1.54 17.61 -2.86 0.003076615588668452
Pedestrian 0.0 0 1.41 491.02 143.51 539.02 298.37 1.8 0.58 0.92 -1.08 1.37 8.75 1.29 0.4540450258292301
Pedestrian 0.0 1 1.29 533.8 153.81 563.47 283.67 1.62 0.52 0.87 -0.72 1.29 9.33 1.21 0.4587920559593478
Pedestrian 0.0 0 1.39 567.95 139.35 611.29 281.22 1.85 0.55 0.95 -0.3 1.31 9.72 1.37 0.11584620760295283
Pedestrian 0.0 0 1.31 616.11 158.88 650.45 275.3 1.56 0.56 0.77 0.33 1.27 9.93 1.34 0.7140753264710604
Pedestrian 0.0 1 1.26 632.12 142.21 670.12 267.15 1.77 0.64 0.89 0.75 1.22 10.51 1.33 0.3440982536302889
Pedestrian 0.0 1 1.39 477.28 142.98 507.62 234.86 1.78 0.61 0.88 -2.29 1.05 14.22 1.24 0.4355613840332323
Pedestrian 0.0 2 1.38 559.55 146.84 586.55 231.31 1.67 0.64 0.89 -0.68 1.0 14.51 1.34 0.6455599722281522
Pedestrian 0.0 1 1.32 593.7 141.83 622.37 233.43 1.82 0.67 0.99 -0.01 1.05 14.61 1.32 0.2782750922993793
Pedestrian 0.0 2 1.29 642.46 141.71 683.27 228.33 1.75 0.58 0.96 1.17 0.96 14.82 1.37 0.4696343765796054
Car 0.97 3 -1.26 0.0 0.0 267.4 369.0 2.13 1.99 5.19 -3.17 1.67 3.69 -1.93 0.4415579668620383
Car -1.0 -1 -10.0 300.6 137.74 364.35 241.57 -1.0 -1.0 -1.0 -1000.0 -1000.0 -1000.0 -10.0 0.9491840657824797
Car -1.0 -1 -10.0 420.85 145.96 437.32 182.99 -1.0 -1.0 -1.0 -1000.0 -1000.0 -1000.0 -10.0 0.5551978105115155
