Pedestrian 0.0 0 -0.33 687.82 148.05 705.33 205.58 1.76 0.53 0.64 2.79 0.77 22.01 -0.2 0.5315642938200783
Pedestrian 0.0 1 0.48 273.98 136.6 312.2 256.67 1.92 0.66 0.67 -5.2 1.22 11.66 0.07 0.4072918394177377
Pedestrian 0.03 0 0.71 899.82 143.42 999.56 369.0 1.87 0.7 0.73 2.93 1.57 6.16 1.14 0.7451112496989959
Pedestrian 0.0 1 0.9 887.66 136.79 967.82 330.39 1.81 0.57 0.96 3.1 1.4 7.14 1.3 0.890858322526213
Pedestrian 0.0 2 0.6 770.77 137.77 911.33 360.92 1.82 0.66 0.97 2.06 1.47 6.34 0.9 0.2339202635972385
Pedestrian 0.11 0 0.78 817.16 141.71 913.67 369.0 1.78 0.6 1.15 1.96 1.51 5.59 1.1 0.7457186798624714
Pedestrian 0.0 0 1.29 566.02 141.56 605.49 237.03 1.77 0.66 1.0 -0.38 1.05 13.7 1.26 0.727711568126142
Pedestrian 0.0 0 1.3 602.7 134.19 642.62 233.12 1.88 0.62 1.0 0.24 1.0 14.02 1.32 0.6137342526128152
Pedestrian 0.0 1 1.23 562.58 140.9 595.75 223.91 1.81 0.75 0.96 -0.81 0.94 16.0 1.19 0.4427802948261499
Pedestrian 0.0 0 1.4 527.68 142.23 563.89 227.77 1.81 0.82 0.89 -1.31 1.0 15.5 1.32 0.4552613880686477
Pedestrian 0.0 2 1.16 594.02 145.12 628.65 214.5 1.69 0.46 1.07 0.12 0.83 17.83 1.17 0.2012112950320739
Pedestrian 0.0 1 1.52 442.44 141.37 467.88 228.36 1.8 0.58 0.92 -3.26 0.99 15.16 1.32 0.7879808872310047
Pedestrian 0.0 0 1.33 469.72 147.61 491.62 221.59 1.62 0.52 0.87 -2.88 0.9 16.0 1.16 0.7300073011839252
Pedestrian 0.0 0 1.29 487.86 137.42 513.6 220.12 1.85 0.55 0.95 -2.44 0.88 16.33 1.15 0.07706757327250802
Pedestrian 0.0 1 1.3 519.86 152.61 541.43 221.32 1.56 0.56 0.77 -1.84 0.92 16.51 1.19 0.48590641280999747
Car 0.97 3 -1.26 0.0 0.0 267.65 369.0 2.13 1.99 5.19 -3.17 1.66 3.69 -1.93 0.7011902599027866
Car -1.0 -1 -10.0 323.21 152.13 378.74 187.1 -1.0 -1.0 -1.0 -1000.0 -1000.0 -1000.0 -10.0 0.24755126848979914
Car -1.0 -1 -10.0 408.51 145.96 441.43 200.46 -1.0 -1.0 -1.0 -1000.0 -1000.0 -1000.0 -10.0 0.99356910025998
Car -1.0 -1 -10.0 710.32 112.39 1222.0 164.01 -1.0 -1.0 -1.0 -1000.0 -1000.0 -1000.0 -10.0 0.7694695383177481
