Cyclist 0.0 3 -1.87 887.2 152.96 947.09 252.59 1.8 0.52 1.75 5.85 1.45 13.92 -1.48 0.46617763578865323
Pedestrian 0.0 1 -1.99 927.72 161.08 958.72 235.08 1.7 0.69 0.68 7.77 1.44 16.99 -1.57 0.7864591215378408
Pedestrian 0.0 1 -2.04 964.14 159.85 989.48 235.03 1.7 0.48 0.87 8.46 1.41 16.77 -1.58 0.8693737042105681
Car 0.0 2 -1.97 947.23 191.0 983.17 234.11 1.0 0.5 0.77 8.48 1.44 17.33 -1.52 0.01705399144604136
Cyclist 0.0 3 -1.69 770.1 168.57 785.86 208.44 1.64 0.44 1.56 7.05 1.47 30.45 -1.46 0.5661694978920027
Car -1.0 -1 -10.0 661.65 166.69 872.11 179.23 -1.0 -1.0 -1.0 -1000.0 -1000.0 -1000.0 -10.0 0.21011470551978106
Car -1.0 -1 -10.0 985.64 158.95 1240.0 195.69 -1.0 -1.0 -1.0 -1000.0 -1000.0 -1000.0 -10.0 0.9101041070149959
Car -1.0 -1 -10.0 561.92 173.92 580.75 183.42 -1.0 -1.0 -1.0 -1000.0 -1000.0 -1000.0 -10.0 0.8578775077939919
Car -1.0 -1 -10.0 603.31 172.94 632.52 184.44 -1.0 -1.0 -1.0 -1000.0 -1000.0 -1000.0 -10.0 0.3977121268400676
Car -1.0 -1 -10.0 484.56 177.1 502.31 185.47 -1.0 -1.0 -1.0 -1000.0 -1000.0 -1000.0 -10.0 0.5353836228260918
