Car 0.0 0 -1.77 697.32 185.13 804.6 258.66 1.37 1.54 3.56 2.93 1.39 15.59 -1.59 0.7865085112349317
Car 1.0 0 -0.58 0.0 215.9 121.1 375.0 1.46 1.63 3.82 -3.55 1.65 2.05 -1.57 0.9109696301441066
Car 0.0 0 -1.28 324.01 178.47 473.64 279.47 1.57 1.61 3.42 -3.62 1.46 12.93 -1.55 0.23437807683325673
Car 0.0 0 -1.67 642.2 176.64 683.41 207.5 1.46 1.66 4.04 2.7 1.04 36.37 -1.6 0.3732639221045875
Car 0.0 0 -1.05 69.12 184.09 272.83 276.58 1.45 1.57 3.6 -7.87 1.44 13.3 -1.58 0.810291974834497
Car 0.0 1 -1.38 430.9 180.37 514.89 237.16 1.47 1.61 4.16 -3.83 1.34 20.87 -1.56 0.24985377611204074
Car 0.0 2 -1.23 312.53 185.94 399.94 233.85 1.4 1.53 3.74 -8.17 1.45 23.58 -1.57 0.05896291988822633
Car 0.0 1 -1.32 392.03 183.8 447.33 217.63 1.41 1.52 3.8 -8.49 1.37 32.64 -1.58 0.2682034701822221
Car 0.0 2 -1.36 433.04 172.08 472.39 205.17 1.8 1.52 3.18 -8.79 1.07 40.86 -1.57 0.19177882580624173
Car 0.0 1 -1.48 516.97 179.91 549.12 203.18 1.36 1.61 3.76 -4.58 1.04 44.24 -1.58 0.15814495401499495
Car 0.0 2 -1.41 465.3 172.51 502.8 199.91 1.88 1.86 5.13 -8.95 0.99 52.33 -1.58 0.975350887491681
Car 0.0 0 -1.56 587.97 176.73 613.79 200.97 1.58 1.68 3.95 -0.47 1.02 49.22 -1.57 0.8997688910614889
Car 0.0 0 -1.58 620.08 177.36 634.88 192.28 1.44 1.41 3.41 1.95 0.67 71.68 -1.56 0.9596667164780165
Car -1.0 -1 -10.0 546.37 176.53 565.21 190.15 -1.0 -1.0 -1.0 -1000.0 -1000.0 -1000.0 -10.0 0.827177660811443
Car -1.0 -1 -10.0 575.61 179.67 591.32 194.34 -1.0 -1.0 -1.0 -1000.0 -1000.0 -1000.0 -10.0 0.346968227129147
