Pedestrian 0.0 0 0.61 33.32 162.02 72.14 217.57 1.8 0.46 0.91 -18.4 1.46 23.78 -0.05 0.21024822400081855
Pedestrian 0.0 1 2.99 488.15 162.06 501.4 199.09 1.86 0.57 1.08 -5.99 1.32 36.78 2.83 0.010119270995998741
Car 0.0 1 1.25 439.53 155.02 494.43 197.11 2.21 1.76 4.11 -8.03 1.3 40.1 1.05 0.4530700643101957
Car 0.0 1 -2.01 476.9 162.39 531.39 193.68 1.75 1.57 4.07 -6.29 1.19 42.4 -2.16 0.6478257638649186
Car 0.0 1 -2.05 525.02 163.99 589.54 191.2 1.54 1.71 5.03 -3.27 1.07 43.41 -2.13 0.2015856641188355
Car 0.0 1 0.92 671.55 153.15 735.52 187.8 2.14 1.77 4.44 6.0 0.95 46.97 1.05 0.9499539079634728
Car 0.0 2 -2.23 706.48 161.57 754.53 185.01 1.53 1.41 3.4 8.12 0.82 48.98 -2.06 0.23498228511436225
Car 0.0 1 -2.41 745.5 159.3 797.86 184.25 1.69 1.61 3.36 11.36 0.79 50.92 -2.19 0.03355222423059934
Car 0.0 1 -2.49 773.73 164.66 833.63 184.48 1.44 1.62 4.26 14.64 0.87 54.78 -2.23 0.4725057754920412
Car 0.0 1 -2.44 809.99 164.05 854.4 184.02 1.48 1.61 2.86 16.96 0.84 55.21 -2.15 0.2545908084627583
Car 0.0 1 -2.4 832.4 165.62 881.62 184.48 1.41 1.5 3.48 19.06 0.89 55.83 -2.07 0.17572323068304518
Car 0.0 1 0.76 854.84 163.32 912.66 183.02 1.48 1.48 4.41 21.39 0.79 56.59 1.12 0.46789035369229537
Car 0.0 3 0.52 899.08 153.4 960.89 180.94 2.17 1.89 4.27 26.43 0.65 59.71 0.93 0.8597779109309523
Car 0.0 1 0.47 925.78 161.14 981.0 179.88 1.5 1.67 3.84 28.89 0.57 60.81 0.91 0.9458451346354876
Car 0.0 2 0.51 950.99 162.2 999.43 179.36 1.41 1.57 3.36 31.39 0.54 62.1 0.98 0.41164518554268514
Car -1.0 -1 -10.0 329.35 153.15 637.73 179.23 -1.0 -1.0 -1.0 -1000.0 -1000.0 -1000.0 -10.0 0.6928321408802209
Car -1.0 -1 -10.0 1009.6 145.85 1113.81 180.27 -1.0 -1.0 -1.0 -1000.0 -1000.0 -1000.0 -10.0 0.26822170994828964
