Car 0.0 0 -1.58 560.36 177.52 601.22 214.78 1.6 1.76 3.84 -1.29 1.26 33.15 -1.62 0.2709787958054991
Car 0.91 0 -0.97 0.0 187.16 317.84 375.0 1.58 1.68 3.95 -3.23 1.62 4.0 -1.61 0.7750666139501198
Car 0.0 1 -1.26 269.15 191.98 434.9 297.16 1.39 1.5 3.4 -4.0 1.54 11.67 -1.58 0.1958658965215423
Car 0.03 3 -1.03 0.0 190.04 245.15 294.6 1.43 1.62 4.08 -8.09 1.55 12.37 -1.6 0.3583443850607284
Car 0.41 3 -0.93 0.0 188.86 126.92 260.95 1.39 1.5 4.04 -12.96 1.5 16.22 -1.6 0.7041419610400032
Car 0.0 2 -1.17 207.67 184.54 327.93 246.8 1.45 1.54 3.59 -8.84 1.45 18.94 -1.6 0.346538301163815
Car 0.0 1 -1.34 336.05 150.14 431.83 228.16 2.58 1.91 6.53 -8.26 1.4 27.17 -1.63 0.3630588012010485
Car 0.0 2 -1.14 179.52 185.18 284.69 231.6 1.45 1.8 3.73 -12.94 1.47 24.96 -1.61 0.6257099495448507
Car 0.0 1 -1.35 395.74 181.72 447.84 214.58 1.48 1.64 3.82 -8.97 1.33 34.84 -1.6 0.2770303205466579
Car 0.0 1 -1.47 496.23 165.39 539.35 208.18 2.41 2.03 5.13 -5.36 1.28 43.29 -1.59 0.3177171844212434
Car 0.0 0 -1.46 451.62 148.69 525.41 223.08 2.64 2.22 5.52 -4.61 1.33 28.5 -1.61 0.3952768752164838
Car 0.0 1 -1.54 520.67 148.84 552.59 196.65 4.05 2.5 16.44 -6.67 0.91 69.4 -1.64 0.5221151307822441
Car 0.0 2 -1.21 292.77 180.33 354.85 214.99 1.5 1.51 3.42 -13.03 1.28 33.1 -1.58 0.30809838053959415
