Car 0.0 0 2.03 118.13 200.07 327.37 310.69 1.42 1.54 3.5 -6.09 1.92 11.73 1.56 0.09043328406763207
Car 0.0 1 -1.76 699.66 174.85 820.16 257.4 1.51 1.75 3.78 2.97 1.58 15.27 -1.57 0.3070313935126008
Car 0.0 1 1.91 295.07 192.88 418.59 260.65 1.36 1.51 4.02 -5.98 1.89 17.39 1.58 0.39459084190276494
Car 0.0 1 1.8 404.39 178.97 478.32 232.65 1.74 1.65 4.11 -5.92 1.97 25.63 1.57 0.46108444892643496
Car 0.0 2 1.77 445.38 182.16 500.58 221.15 1.61 1.64 4.0 -6.09 2.04 32.28 1.59 0.6107342737208292
Car 0.0 1 -1.61 637.12 176.03 657.9 194.08 1.55 1.66 4.15 3.32 1.85 64.57 -1.56 0.2659260711161473
Car -1.0 -1 -10.0 524.15 176.06 589.82 197.98 -1.0 -1.0 -1.0 -1000.0 -1000.0 -1000.0 -10.0 0.31188369266314864
Car -1.0 -1 -10.0 598.1 172.94 611.68 186.52 -1.0 -1.0 -1.0 -1000.0 -1000.0 -1000.0 -10.0 0.8130344005017218
Car -1.0 -1 -10.0 499.15 182.31 525.23 203.19 -1.0 -1.0 -1.0 -1000.0 -1000.0 -1000.0 -10.0 0.34543497937279855
Car -1.0 -1 -10.0 667.9 168.77 751.27 187.56 -1.0 -1.0 -1.0 -1000.0 -1000.0 -1000.0 -10.0 0.1716568897341363
Car -1.0 -1 -10.0 798.1 156.27 900.23 187.56 -1.0 -1.0 -1.0 -1000.0 -1000.0 -1000.0 -10.0 0.287878763168
