Car 1.0 0 -2.75 1179.73 208.32 1241.0 374.0 1.4 1.61 3.77 3.0 1.52 0.92 -1.57 0.22218684116415688
Car 0.0 0 -1.88 800.65 180.06 1097.16 368.22 1.41 1.57 3.16 2.93 1.49 7.05 -1.5 0.36192868117710186
Car 0.0 0 2.06 112.28 200.03 331.6 320.55 1.53 1.56 3.58 -6.02 2.02 11.6 1.59 0.916859961267027
Car 0.0 1 1.74 454.57 188.16 500.39 220.93 1.42 1.54 3.5 -6.25 2.17 34.15 1.56 0.36295649581251244
Car 0.0 1 -1.65 646.81 175.52 686.17 206.29 1.51 1.75 3.78 2.88 1.67 37.79 -1.57 0.2307223041382357
Car 0.0 2 1.74 476.3 186.99 516.36 213.99 1.36 1.51 4.02 -6.24 2.17 39.78 1.58 0.2055114528371771
Car 0.0 2 -1.02 126.18 201.87 199.35 230.14 1.43 1.8 3.96 -25.94 3.19 41.96 -1.57 0.5434961369627322
Car 0.0 2 -1.06 171.52 199.99 237.59 227.56 1.4 1.6 3.97 -23.47 3.04 41.87 -1.57 0.367657252450734
Car 0.0 2 -1.1 209.93 196.56 279.87 226.36 1.49 1.7 4.51 -20.84 2.91 41.33 -1.56 0.3062722571015136
Car 0.0 2 -1.16 260.6 196.96 321.99 226.7 1.5 1.56 4.45 -18.27 2.95 41.51 -1.57 0.06556381190550464
Car -1.0 -1 -10.0 510.6 179.19 563.77 203.19 -1.0 -1.0 -1.0 -1000.0 -1000.0 -1000.0 -10.0 0.6445202441777608
Car -1.0 -1 -10.0 559.56 175.02 595.02 190.69 -1.0 -1.0 -1.0 -1000.0 -1000.0 -1000.0 -10.0 0.5515507007121984
Car -1.0 -1 -10.0 598.1 177.1 643.98 194.85 -1.0 -1.0 -1.0 -1000.0 -1000.0 -1000.0 -10.0 0.03837750114269811
