Car 0.0 0 -1.79 719.61 168.6 905.47 308.09 1.66 1.74 3.65 2.66 1.64 10.48 -1.54 0.48271725214309047
Car 0.89 0 0.83 0.0 203.25 104.53 374.0 1.52 1.49 3.5 -6.27 1.8 5.63 0.02 0.12966684349689783
Car 0.33 3 0.66 0.0 193.84 263.78 345.32 1.49 1.6 3.24 -5.96 1.76 8.13 0.04 0.47749010117764756
Car 0.06 3 -2.64 0.0 184.88 341.2 306.39 1.59 1.63 4.3 -6.48 1.8 10.66 3.11 0.31069049682590755
Car 0.0 2 -2.64 126.71 190.44 374.23 277.66 1.45 1.6 3.76 -6.52 1.81 13.23 -3.09 0.8419825194266716
Car 0.0 2 -1.77 684.03 183.44 787.42 251.93 1.36 1.55 3.87 2.71 1.62 16.58 -1.61 0.6198195710196336
Car 0.0 1 -1.71 658.55 174.87 714.55 224.52 1.62 1.48 3.36 2.61 1.72 25.53 -1.61 0.8922607634584453
Car 0.0 2 0.31 355.58 179.37 492.5 228.76 1.55 1.7 4.09 -6.18 1.79 24.07 0.06 0.5023180801971344
Car 0.0 2 -2.92 393.04 171.52 485.62 221.97 1.95 1.67 3.35 -6.88 1.92 29.17 3.13 0.3301158310367859
Car 0.0 2 0.18 442.65 181.81 522.72 213.16 1.43 1.49 3.56 -6.09 1.88 34.57 0.0 0.7658509939661878
Car 0.0 2 -1.65 641.71 179.1 674.58 205.94 1.38 1.49 3.38 2.56 1.73 39.3 -1.59 0.6032153215489479
Car -1.0 -1 -10.0 502.27 170.85 593.98 199.02 -1.0 -1.0 -1.0 -1000.0 -1000.0 -1000.0 -10.0 0.5168678272766347
Car -1.0 -1 -10.0 600.19 170.85 643.98 189.64 -1.0 -1.0 -1.0 -1000.0 -1000.0 -1000.0 -10.0 0.5175950162034959
