Car 0.0 0 -1.78 734.35 183.35 868.7 265.59 1.38 1.73 3.97 3.59 1.61 14.39 -1.54 0.4665112013214263
Car 0.67 1 3.08 1126.15 158.72 1241.0 258.07 1.74 1.58 3.9 11.75 1.49 13.05 -2.48 0.4101800146004472
Car 0.0 2 -1.71 710.15 177.87 792.21 238.24 1.5 1.62 4.11 3.78 1.65 20.11 -1.53 0.5544687809723498
Car 0.0 0 1.79 479.26 178.97 539.04 219.66 1.58 1.68 3.76 -4.17 1.85 30.15 1.65 0.7656959825728897
Car 0.0 2 -3.0 944.71 165.28 1142.69 226.9 1.49 1.53 4.38 11.51 1.34 19.38 -2.47 0.9589318727547347
Car 0.0 2 1.75 504.09 177.92 554.9 213.25 1.61 1.74 4.06 -3.9 1.87 35.25 1.64 0.2744135824678786
Car 0.16 3 -3.08 1037.91 169.29 1241.0 247.31 1.55 1.8 3.98 11.91 1.5 15.98 -2.45 0.6475165201906791
Car 0.0 0 -1.58 684.34 170.19 712.46 198.05 1.77 1.77 5.1 5.95 1.64 48.9 -1.46 0.5154649771630938
Car 0.0 1 0.36 254.1 185.67 357.64 218.85 1.5 1.87 4.23 -14.71 2.15 34.99 -0.04 0.057686623120189684
Car -1.0 -1 -10.0 554.35 179.19 575.23 200.06 -1.0 -1.0 -1.0 -1000.0 -1000.0 -1000.0 -10.0 0.7309293393878521
Car -1.0 -1 -10.0 597.06 169.81 666.89 190.69 -1.0 -1.0 -1.0 -1000.0 -1000.0 -1000.0 -10.0 0.21047937568737562
