Car 0.0 1 -1.71 673.51 178.93 754.96 240.46 1.55 1.66 4.15 2.79 1.73 20.41 -1.58 0.3595248272838619
Car 0.93 0 2.29 0.0 229.27 243.93 374.0 1.41 1.66 3.35 -3.82 1.86 4.12 1.57 0.25993517102364117
Car 0.0 0 2.6 912.34 162.21 1225.51 250.68 1.47 1.7 4.65 8.21 1.32 13.26 -3.14 0.09955030223291494
Car 0.0 2 2.69 864.25 141.09 1096.7 231.94 1.91 1.81 4.33 8.25 1.26 16.42 -3.14 0.42871215491103154
Car 0.0 0 -1.28 352.06 207.78 424.58 245.44 0.91 1.32 2.41 -6.31 1.96 20.58 -1.57 0.9552125944368296
Car 0.0 2 -1.32 390.71 183.92 466.27 236.62 1.63 1.61 3.81 -6.16 2.03 24.74 -1.57 0.5776511936100064
Car 0.0 1 1.98 192.5 197.6 359.62 289.99 1.43 1.57 3.48 -6.19 1.95 13.69 1.57 0.8120002752693798
Car 0.0 0 2.81 793.68 161.04 952.2 216.77 1.63 1.67 4.32 8.08 1.31 22.52 -3.13 0.9454174731631498
Car 0.0 1 1.74 461.38 183.23 508.66 216.37 1.53 1.68 3.86 -6.2 2.06 35.97 1.57 0.09642698049338816
Car 0.06 2 -0.7 1105.79 146.61 1241.0 192.63 1.74 1.8 4.37 22.52 0.75 28.75 -0.04 0.524781027446661
Car 0.0 2 -0.55 1054.56 146.8 1191.55 184.07 1.55 1.85 4.65 22.61 0.47 31.98 0.06 0.7594937885700295
Car 0.93 3 -0.8 1224.34 129.81 1241.0 194.71 2.06 2.07 4.94 22.47 0.66 22.49 -0.02 0.841841599107432
Car -1.0 -1 -10.0 498.1 177.1 570.02 206.31 -1.0 -1.0 -1.0 -1000.0 -1000.0 -1000.0 -10.0 0.4083837530434453
Car -1.0 -1 -10.0 603.31 171.9 618.98 186.53 -1.0 -1.0 -1.0 -1000.0 -1000.0 -1000.0 -10.0 0.5847050699688252
Car -1.0 -1 -10.0 624.15 172.94 656.48 192.77 -1.0 -1.0 -1.0 -1000.0 -1000.0 -1000.0 -10.0 0.9104754853713227
Car -1.0 -1 -10.0 717.9 161.48 771.07 190.69 -1.0 -1.0 -1.0 -1000.0 -1000.0 -1000.0 -10.0 0.5259924458581617
