Car 0.0 0 -1.57 579.23 176.7 616.57 210.75 1.6 1.76 3.84 -0.53 1.19 36.07 -1.59 0.9117912215565538
Car 0.9 0 -0.91 0.0 200.08 298.09 375.0 1.48 1.64 3.81 -3.52 1.62 4.24 -1.57 0.8433121953757907
Car 0.78 3 -0.85 0.0 194.11 133.0 328.78 1.44 1.71 3.78 -7.63 1.59 8.29 -1.58 0.7425469485212826
Car 0.0 0 -1.21 270.49 186.6 383.78 245.19 1.39 1.62 3.73 -7.51 1.45 19.52 -1.57 0.41589598446366527
Car 0.0 0 -1.36 401.22 188.13 512.36 259.6 1.37 1.61 4.21 -3.34 1.47 16.5 -1.56 0.4542338312013109
Car 0.0 1 -1.31 376.21 183.89 444.05 223.6 1.45 1.64 3.86 -7.86 1.42 28.81 -1.57 0.20809531474636178
Car 0.0 1 -1.43 471.78 184.7 524.86 219.0 1.38 1.71 4.49 -4.82 1.38 32.02 -1.58 0.031592660781004755
Car 0.0 1 -1.5 515.95 157.72 554.5 201.91 2.74 2.09 5.96 -4.76 1.01 47.89 -1.6 0.9625627267556472
Car 0.11 3 -0.95 0.0 185.59 180.23 259.83 1.49 1.59 4.32 -12.25 1.52 17.01 -1.57 0.0316818566936482
Car 0.0 2 -1.15 242.1 185.11 327.22 223.31 1.33 1.55 3.83 -12.4 1.35 27.77 -1.57 0.13168489593055566
Car 0.0 2 -1.23 312.19 177.51 378.18 213.24 1.63 1.71 4.13 -12.77 1.27 35.14 -1.57 0.23772258207601082
