Pedestrian 0.0 0 -1.75 583.41 181.09 603.41 234.97 1.73 0.84 0.86 -0.37 1.72 23.68 -1.77 0.8645622129768987
Pedestrian 0.0 0 -2.91 600.88 177.47 621.91 233.11 1.81 0.9 0.95 0.45 1.68 23.89 -2.9 0.4563369389601538
Pedestrian 0.0 2 -2.59 253.36 171.82 333.65 359.38 1.77 0.85 1.15 -3.24 1.68 7.28 -3.0 0.4570004229420621
Pedestrian 0.0 1 -2.99 304.6 181.07 342.06 272.56 1.75 0.87 1.06 -5.5 1.74 14.33 2.92 0.37909013048109286
Car 1.0 0 2.36 0.0 124.55 320.14 373.0 1.82 1.8 4.4 -2.62 1.67 2.19 1.54 0.42988142858182254
Pedestrian 0.0 2 1.57 275.35 178.61 327.94 279.15 1.82 0.87 0.91 -5.7 1.77 13.61 1.18 0.9735778289488879
Pedestrian 0.0 0 -3.03 781.11 164.49 835.73 297.49 1.78 0.89 1.06 2.75 1.56 10.23 -2.78 0.3255911823303713
Pedestrian 0.0 0 -3.0 1016.17 158.25 1108.86 332.53 1.79 0.8 1.02 4.95 1.55 8.01 -2.47 0.43105660505805343
Pedestrian 0.0 0 -1.28 333.16 184.51 362.56 250.91 1.75 0.83 0.72 -6.98 1.83 19.4 -1.62 0.9299448585124045
Pedestrian 0.0 0 1.68 500.38 179.39 516.45 231.19 1.79 0.89 1.04 -3.44 1.72 25.52 1.54 0.6772950433347141
Car 0.0 0 1.76 360.28 167.24 470.66 255.07 2.11 2.04 4.62 -4.96 1.77 19.77 1.51 0.11972264827241885
Car 0.0 2 1.68 429.49 170.96 495.18 234.1 2.09 1.79 4.99 -5.02 1.74 26.49 1.49 0.5047746081163436
Car -1.0 -1 -10.0 676.16 196.37 764.5 255.63 -1.0 -1.0 -1.0 -1000.0 -1000.0 -1000.0 -10.0 0.09473495547046473
