Car 0.0 0 -1.77 691.09 122.86 860.81 271.87 2.33 1.96 6.11 2.93 1.59 14.44 -1.57 0.1716109778034446
Car 0.1 0 -2.59 0.0 181.85 334.5 295.24 1.46 1.61 4.31 -6.48 1.62 10.38 -3.14 0.12484750092977626
Car 0.0 1 -2.89 206.22 163.25 443.53 255.9 1.8 1.77 4.41 -5.96 1.64 15.42 3.03 0.9392607907726257
Car 0.0 2 1.4 676.91 181.07 751.12 235.85 1.47 1.56 3.55 2.95 1.72 21.35 1.54 0.8352945738541835
Car 0.0 2 -1.67 648.14 146.67 710.3 212.24 2.57 1.99 6.64 2.89 1.58 31.86 -1.58 0.17591165387356889
Car 0.0 1 -2.89 402.0 174.57 488.67 213.46 1.58 1.54 3.3 -6.99 1.67 30.65 -3.12 0.730898519851872
Car 0.0 2 0.2 421.99 173.93 517.76 212.27 1.68 1.71 4.07 -6.44 1.76 33.29 0.01 0.2112678650137877
Car 0.0 2 0.13 479.26 157.41 561.62 197.7 2.86 1.88 5.81 -6.58 1.78 53.27 0.01 0.6707712642630964
Car -1.0 -1 -10.0 560.6 173.98 635.64 183.4 -1.0 -1.0 -1.0 -1000.0 -1000.0 -1000.0 -10.0 0.33843544175489293
Car -1.0 -1 -10.0 633.52 179.19 654.39 196.94 -1.0 -1.0 -1.0 -1000.0 -1000.0 -1000.0 -10.0 0.9047952742467564
