Car 0.54 3 0.69 0.0 47.89 324.63 356.28 2.86 1.88 5.81 -6.37 1.73 7.7 0.02 0.7291702724727168
Car 0.94 0 -2.18 859.61 208.39 1241.0 374.0 1.41 1.62 4.19 2.76 1.68 3.63 -1.57 0.7988366533237687
Car 0.34 3 -0.56 985.6 205.73 1241.0 345.44 1.42 1.59 3.21 6.42 1.85 8.51 0.07 0.18486423292722087
Car 0.0 2 2.74 819.15 196.14 1117.65 288.6 1.47 1.77 4.42 6.17 1.92 12.89 -3.11 0.42827530212802867
Car 0.0 1 -2.78 187.65 187.44 419.02 268.26 1.54 1.66 4.16 -6.37 1.88 15.2 3.11 0.8783376535346632
Car 0.0 0 -1.64 638.7 192.7 668.17 215.29 1.32 1.63 4.1 2.76 2.65 46.96 -1.58 0.4573315149299313
Car 0.0 2 0.16 462.61 188.08 542.55 217.75 1.58 1.56 4.25 -6.03 2.47 40.61 0.01 0.5530942119603197
Car 0.0 1 -0.21 701.05 191.58 795.05 227.39 1.5 1.62 3.88 6.13 2.38 32.43 -0.02 0.5722826763291099
Car 0.0 2 0.33 361.79 187.67 499.74 239.0 1.5 1.49 3.86 -5.54 1.98 22.34 0.09 0.11708986394853971
Car 0.0 2 -2.86 274.75 190.31 463.81 258.75 1.52 1.64 4.07 -5.8 1.98 17.59 3.11 0.2768805581858954
Car 0.0 2 -0.35 758.29 190.18 885.25 243.24 1.55 1.58 3.51 6.61 2.13 22.84 -0.07 0.7627722511170929
Car 0.0 1 -0.39 777.05 195.47 919.98 249.67 1.4 1.59 3.49 6.67 2.08 20.5 -0.08 0.47950405682341657
Car -1.0 -1 -10.0 545.67 183.32 594.44 202.19 -1.0 -1.0 -1.0 -1000.0 -1000.0 -1000.0 -10.0 0.03635279118796908
Car -1.0 -1 -10.0 601.58 186.75 609.91 197.42 -1.0 -1.0 -1.0 -1000.0 -1000.0 -1000.0 -10.0 0.09268551287830817
Car -1.0 -1 -10.0 623.1 191.69 641.89 202.15 -1.0 -1.0 -1.0 -1000.0 -1000.0 -1000.0 -10.0 0.4319865089615592
