Pedestrian 0.0 0 -1.53 658.23 171.33 682.57 234.54 1.73 0.84 0.86 1.75 1.45 20.14 -1.45 0.8905823693266751
Pedestrian 0.0 0 -1.56 673.5 168.13 697.83 234.1 1.81 0.9 0.95 2.36 1.44 20.22 -1.45 0.7284576697861932
Pedestrian 0.0 0 -1.44 488.08 165.48 516.41 233.1 1.78 0.92 1.01 -2.89 1.36 19.48 -1.59 0.2150921169064286
Car -1.0 -1 -10.0 565.0 169.36 618.02 204.72 -1.0 -1.0 -1.0 -1000.0 -1000.0 -1000.0 -10.0 0.6536731594170669
Car -1.0 -1 -10.0 622.14 173.51 646.07 189.13 -1.0 -1.0 -1.0 -1000.0 -1000.0 -1000.0 -10.0 0.9847632274723984
Car -1.0 -1 -10.0 853.81 198.45 1058.51 369.91 -1.0 -1.0 -1.0 -1000.0 -1000.0 -1000.0 -10.0 0.30559798645477876
Car -1.0 -1 -10.0 708.36 172.48 740.6 217.19 -1.0 -1.0 -1.0 -1000.0 -1000.0 -1000.0 -10.0 0.41064798300106276
Car -1.0 -1 -10.0 52.83 190.14 174.42 264.98 -1.0 -1.0 -1.0 -1000.0 -1000.0 -1000.0 -10.0 0.917567237809592
Car -1.0 -1 -10.0 430.98 173.51 451.8 220.3 -1.0 -1.0 -1.0 -1000.0 -1000.0 -1000.0 -10.0 0.2458455168307654
Car -1.0 -1 -10.0 316.7 192.21 365.57 230.69 -1.0 -1.0 -1.0 -1000.0 -1000.0 -1000.0 -10.0 0.21741422143292788
