Car 0.05 1 2.44 1029.59 136.7 1223.0 199.51 1.52 1.76 4.1 13.62 0.44 18.46 3.07 0.11033417957252178
Car 0.0 0 -1.47 499.47 173.16 546.75 208.23 1.5 1.78 3.69 -3.72 1.18 32.55 -1.58 0.0952890463268834
Cyclist 0.0 1 -0.1 687.43 160.89 723.26 194.63 1.74 0.6 1.79 5.27 0.73 37.22 0.04 0.31270051912354513
Cyclist 0.0 0 -0.12 627.08 165.67 660.38 198.83 1.86 0.63 1.82 2.22 1.03 40.49 -0.07 0.46215917056698874
Cyclist 0.0 0 -1.07 353.16 176.57 387.04 216.35 1.7 0.64 1.74 -10.36 1.53 31.22 -1.39 0.7507871122600726
Car 0.0 1 -0.46 910.61 147.62 986.98 171.53 1.55 1.81 4.39 23.75 -0.65 48.91 -0.01 0.32211397782294604
Car -1.0 -1 -10.0 443.46 172.68 458.9 207.65 -1.0 -1.0 -1.0 -1000.0 -1000.0 -1000.0 -10.0 0.019990919690047848
Car -1.0 -1 -10.0 475.32 167.54 486.65 199.43 -1.0 -1.0 -1.0 -1000.0 -1000.0 -1000.0 -10.0 0.15140547975147312
Car -1.0 -1 -10.0 555.49 167.54 583.27 194.29 -1.0 -1.0 -1.0 -1000.0 -1000.0 -1000.0 -10.0 0.8388839117058104
Car -1.0 -1 -10.0 740.49 160.35 755.93 187.1 -1.0 -1.0 -1.0 -1000.0 -1000.0 -1000.0 -10.0 0.5907865947884989
Car -1.0 -1 -10.0 846.35 156.24 911.13 178.88 -1.0 -1.0 -1.0 -1000.0 -1000.0 -1000.0 -10.0 0.6283973451400625
