Pedestrian 0.02 0 -2.48 627.2 153.47 700.54 373.0 1.76 0.76 1.02 0.39 1.54 6.29 -2.43 0.2537294849109103
Pedestrian 0.0 2 -2.21 579.81 165.34 682.69 337.85 1.68 0.64 0.91 0.26 1.52 7.56 -2.19 0.863343331176454
Pedestrian 0.0 0 -1.97 446.4 165.25 512.06 330.62 1.71 0.68 0.93 -1.47 1.54 7.98 -2.15 0.828028052690171
Pedestrian 0.0 0 -1.79 346.87 166.5 398.2 302.48 1.71 0.8 0.94 -3.18 1.52 9.66 -2.11 0.4308041276953195
Pedestrian 0.0 1 -2.33 573.78 159.51 623.78 291.71 1.8 0.83 0.92 -0.19 1.5 10.39 -2.36 0.21740495893628342
Pedestrian 0.0 2 -2.26 427.78 159.23 468.78 278.47 1.82 0.68 0.99 -2.53 1.48 11.56 -2.48 0.445264414725692
Pedestrian 0.0 1 -2.16 458.38 171.04 517.04 305.25 1.63 0.71 0.88 -1.35 1.5 9.27 -2.31 0.042932232980799956
Pedestrian 0.0 2 -2.45 476.93 158.01 544.97 262.53 1.83 0.78 0.94 -1.68 1.42 13.16 -2.58 0.6249297752791757
Pedestrian 0.0 0 -2.09 521.48 161.11 574.48 288.3 1.72 0.69 0.88 -0.86 1.44 10.28 -2.18 0.6647927141183239
Car 0.0 2 1.76 405.11 173.28 506.91 246.02 1.57 1.67 4.14 -3.47 1.39 17.74 1.56 0.5214730332021924
Car -1.0 -1 -10.0 277.22 158.97 341.67 258.74 -1.0 -1.0 -1.0 -1000.0 -1000.0 -1000.0 -10.0 0.7789636783850763
