Car 0.85 0 2.3 0.0 215.12 142.59 374.0 1.42 1.54 3.5 -6.06 1.88 6.33 1.56 0.7948357138646202
Car 0.0 1 -1.86 745.32 173.39 972.74 314.08 1.51 1.75 3.78 3.02 1.55 9.74 -1.57 0.37290152123415243
Car 0.0 1 2.04 122.91 198.49 343.14 305.15 1.36 1.51 4.02 -6.01 1.85 11.99 1.58 0.6038286709253206
Car 0.0 1 1.85 342.35 179.51 445.57 249.13 1.74 1.65 4.11 -5.95 1.94 20.23 1.57 0.027716481183321262
Car 0.0 0 1.66 546.43 177.49 577.81 199.27 1.41 1.76 4.4 -3.25 1.74 49.4 1.59 0.07851305690728472
Car 0.0 2 1.81 407.45 178.1 478.19 225.51 1.61 1.64 4.0 -6.14 1.82 26.74 1.58 0.12181267297152532
Car 0.0 1 1.74 467.99 182.01 513.01 211.5 1.43 1.7 3.74 -6.19 1.92 37.53 1.57 0.6520992489807123
Car 0.0 1 -1.62 638.68 173.97 661.69 193.75 1.55 1.66 4.15 3.24 1.67 59.13 -1.56 0.023517855681381983
Car 0.0 1 2.98 696.92 167.59 765.66 189.09 1.47 1.7 4.65 8.68 1.13 51.96 -3.14 0.5016311760123775
Car -1.0 -1 -10.0 517.9 181.27 536.69 201.1 -1.0 -1.0 -1.0 -1000.0 -1000.0 -1000.0 -10.0 0.010606120783632766
Car -1.0 -1 -10.0 593.94 168.77 609.61 183.4 -1.0 -1.0 -1.0 -1000.0 -1000.0 -1000.0 -10.0 0.8106062091221513
Car -1.0 -1 -10.0 619.98 169.81 636.69 184.44 -1.0 -1.0 -1.0 -1000.0 -1000.0 -1000.0 -10.0 0.018532761479164495
Car -1.0 -1 -10.0 767.9 160.44 1036.69 186.52 -1.0 -1.0 -1.0 -1000.0 -1000.0 -1000.0 -10.0 0.759492014966453
Car -1.0 -1 -10.0 677.27 163.56 732.52 183.39 -1.0 -1.0 -1.0 -1000.0 -1000.0 -1000.0 -10.0 0.8551228146910563
