Car 0.0 0 2.02 82.97 186.3 354.26 339.32 1.62 1.66 3.81 -5.0 1.83 9.79 1.55 0.24882019979588865
Cyclist 0.0 0 1.75 466.91 172.38 503.1 241.53 1.85 0.63 2.07 -3.55 1.85 20.4 1.58 0.353439631625166
Cyclist 0.0 0 1.64 499.53 174.13 527.57 237.79 1.76 0.66 1.83 -2.82 1.81 20.91 1.51 0.3692752481721826
Car 0.0 1 1.77 420.67 182.31 495.67 228.04 1.46 1.67 4.92 -5.39 1.82 26.02 1.57 0.4227780792474858
Cyclist 0.0 0 1.66 528.43 174.28 545.79 212.19 1.78 0.66 1.9 -3.55 1.86 34.92 1.56 0.8868304747112598
Car 0.0 2 1.77 506.81 181.69 548.71 206.11 1.42 1.73 4.41 -5.1 1.99 45.04 1.66 0.28822753008787827
Car 0.0 1 -1.57 640.77 176.66 670.77 201.3 1.51 1.84 4.1 2.95 1.78 46.76 -1.5 0.1772028516693145
Car 0.23 0 -1.95 771.49 173.3 1172.31 374.0 1.61 1.67 3.62 2.63 1.64 6.33 -1.58 0.31591302312058145
Car -1.0 -1 -10.0 701.23 165.65 718.98 206.32 -1.0 -1.0 -1.0 -1000.0 -1000.0 -1000.0 -10.0 0.04316922361643005
Car -1.0 -1 -10.0 621.02 169.81 643.98 186.52 -1.0 -1.0 -1.0 -1000.0 -1000.0 -1000.0 -10.0 0.9192640313752973
Car -1.0 -1 -10.0 683.52 168.77 701.27 185.48 -1.0 -1.0 -1.0 -1000.0 -1000.0 -1000.0 -10.0 0.9470662994849687
