Car 0.76 0 2.35 1044.67 160.49 1241.0 374.0 1.76 1.71 4.4 6.48 1.66 6.31 3.12 0.19231867229348787
Car 0.0 0 -1.74 682.08 127.95 823.37 255.44 2.33 1.96 6.11 2.9 1.55 16.37 -1.57 0.7142738981313728
Car 0.0 0 -2.66 70.57 180.83 373.65 275.35 1.46 1.61 4.31 -6.5 1.62 12.31 -3.14 0.5888938347497781
Car 0.0 1 -2.93 252.11 163.61 458.92 245.2 1.8 1.77 4.41 -6.01 1.62 17.36 3.03 0.6573064803030501
Car 0.0 2 -1.67 644.67 148.25 702.3 209.65 2.57 1.99 6.64 2.82 1.58 33.79 -1.59 0.06889741063112498
Car 0.0 2 -2.91 413.37 174.07 494.56 210.63 1.58 1.54 3.3 -7.03 1.66 32.56 -3.12 0.963293655370516
Car 0.0 2 0.19 432.1 173.33 522.21 209.5 1.68 1.71 4.07 -6.47 1.73 35.24 0.01 0.8711127633228563
Car 0.0 2 0.13 482.89 157.25 562.25 196.09 2.86 1.88 5.81 -6.66 1.73 55.23 0.01 0.09302018777106835
Car -1.0 -1 -10.0 562.69 170.85 595.02 184.43 -1.0 -1.0 -1.0 -1000.0 -1000.0 -1000.0 -10.0 0.5836994020439965
Car -1.0 -1 -10.0 601.23 171.9 643.98 190.69 -1.0 -1.0 -1.0 -1000.0 -1000.0 -1000.0 -10.0 0.9452244700106185
