Car 0.0 0 -1.66 636.08 183.08 681.65 215.49 1.32 1.63 4.1 2.08 1.79 32.13 -1.6 0.7792463684690262
Car 0.0 2 0.25 359.24 178.91 490.67 226.19 1.58 1.56 4.25 -6.52 1.82 25.54 -0.0 0.6523988178991669
Car 0.0 2 -2.79 241.2 185.19 428.66 253.22 1.5 1.58 3.88 -6.52 1.82 17.26 3.13 0.9942165817563675
Car 0.0 1 -0.35 755.6 181.48 938.28 248.35 1.5 1.62 3.88 5.63 1.73 17.53 -0.04 0.31011858039701756
Car 0.0 2 -2.72 166.27 185.85 393.69 262.86 1.44 1.55 3.94 -6.68 1.73 14.76 -3.14 0.022094923314966097
Car 0.0 2 -2.73 63.52 169.61 362.2 285.2 1.77 1.68 4.12 -6.6 1.75 12.26 3.07 0.006226393657939755
Car 0.17 3 0.57 0.0 187.56 331.01 314.76 1.51 1.59 4.28 -6.23 1.74 9.63 0.01 0.4641527918622227
Car 0.46 1 0.7 0.0 194.7 267.4 364.76 1.5 1.49 3.86 -5.8 1.75 7.3 0.04 0.6300006736816771
Car 0.44 3 -0.73 995.9 182.48 1241.0 347.94 1.55 1.58 3.51 6.32 1.67 7.83 -0.07 0.6588319404941484
Car 0.89 0 -0.93 1147.45 197.87 1241.0 374.0 1.4 1.59 3.49 6.37 1.6 5.53 -0.1 0.8435621133589515
Car -1.0 -1 -10.0 456.44 173.98 580.44 205.27 -1.0 -1.0 -1.0 -1000.0 -1000.0 -1000.0 -10.0 0.6426165400468987
Car -1.0 -1 -10.0 587.69 173.98 646.07 192.77 -1.0 -1.0 -1.0 -1000.0 -1000.0 -1000.0 -10.0 0.8438303137027473
