Car 0.0 0 1.98 175.66 186.66 364.0 292.69 1.45 1.6 3.2 -5.4 1.7 11.8 1.56 0.12087643113299806
Car 1.0 1 -2.64 1147.45 205.33 1241.0 374.0 1.51 1.61 3.51 3.36 1.64 1.67 -1.6 0.6011351499857538
Car 0.06 1 -2.03 793.72 183.45 1168.44 374.0 1.49 1.68 3.8 3.26 1.61 7.35 -1.63 0.34327820422244637
Car 0.0 1 1.9 303.4 182.46 432.22 257.46 1.49 1.63 3.68 -5.41 1.73 16.47 1.59 0.34051582480175946
Car 0.0 2 -1.84 738.58 179.05 889.99 278.22 1.49 1.61 3.55 3.39 1.61 12.76 -1.59 0.5963542722227121
Car 0.0 1 0.86 477.19 175.85 532.18 198.69 1.41 1.57 3.53 -6.84 1.63 46.52 0.72 0.03768068125566515
Pedestrian 0.0 0 0.76 668.46 169.29 688.37 200.22 1.69 0.69 0.83 3.76 1.5 39.89 0.85 0.7875630437033049
Car 0.0 1 3.06 647.03 150.23 722.61 189.02 3.58 2.43 7.0 7.11 1.5 69.21 -3.12 0.10823711031639849
Car -1.0 -1 -10.0 593.94 172.94 637.73 189.65 -1.0 -1.0 -1.0 -1000.0 -1000.0 -1000.0 -10.0 0.13145949284756342
Car -1.0 -1 -10.0 417.9 177.1 462.73 193.81 -1.0 -1.0 -1.0 -1000.0 -1000.0 -1000.0 -10.0 0.7665175512859377
