Car 1.0 0 -2.82 965.05 0.0 970.95 374.0 2.85 2.46 5.85 3.0 1.57 0.72 -1.57 0.8319075223253632
Car 0.0 1 -1.9 756.01 151.79 1063.41 373.6 1.78 1.59 4.33 2.82 1.64 8.0 -1.57 0.3126214132908681
Car 0.0 1 1.33 702.84 181.17 843.8 279.37 1.53 1.57 3.87 2.8 1.7 13.37 1.53 0.8619666481427157
Car 0.0 1 -1.79 641.43 185.67 718.01 238.44 1.45 1.61 3.34 2.01 1.86 22.1 -1.7 0.5548911592638909
Car 0.0 0 -1.38 80.36 207.27 144.47 273.1 1.28 0.8 1.93 -10.97 2.08 15.91 -1.98 0.290625248077109
Cyclist 0.0 0 1.66 466.9 182.36 486.31 228.88 1.76 0.57 1.83 -5.26 2.13 28.31 1.48 0.855323025993637
Car 0.0 0 -1.5 403.48 194.48 462.38 239.83 1.34 1.69 3.6 -6.01 2.13 24.65 -1.74 0.17648459576245745
Car 0.0 1 -1.82 602.02 178.01 663.88 223.48 1.69 1.59 3.77 0.82 1.91 29.04 -1.79 0.20544925169456207
Car 0.0 0 -1.75 562.38 187.94 603.47 216.34 1.49 1.71 3.58 -1.61 2.37 41.05 -1.79 0.6831363704721757
Cyclist 0.0 0 1.57 490.09 184.95 507.05 227.24 1.69 0.66 2.0 -4.7 2.21 30.2 1.41 0.35301566792242256
Car -1.0 -1 -10.0 523.1 184.4 566.89 209.44 -1.0 -1.0 -1.0 -1000.0 -1000.0 -1000.0 -10.0 0.4410305715691767
Car -1.0 -1 -10.0 505.4 185.44 523.15 203.19 -1.0 -1.0 -1.0 -1000.0 -1000.0 -1000.0 -10.0 0.35863345692273996
