Car 0.0 0 -1.64 580.09 183.86 603.36 202.59 1.37 1.54 3.56 -1.28 1.28 55.69 -1.66 0.04119542145500521
Car 0.45 0 -1.05 0.0 190.25 276.46 375.0 1.52 1.58 3.56 -4.81 1.6 7.02 -1.63 0.6053498220706365
Car 0.72 3 -0.9 0.0 167.66 96.89 297.65 1.8 1.52 3.18 -9.23 1.56 10.32 -1.62 0.6681571678255648
Car 0.0 0 -1.8 666.65 182.1 816.82 287.52 1.6 1.76 3.84 2.2 1.56 13.06 -1.64 0.871736517676852
Car 0.0 0 -1.31 296.38 190.58 418.31 263.24 1.36 1.61 3.76 -5.46 1.51 16.02 -1.63 0.14904404545169603
Car 0.0 1 -1.2 167.36 170.13 315.12 247.95 1.88 1.86 5.13 -10.03 1.5 20.14 -1.65 0.22752598582929306
Car 0.0 1 -1.39 387.35 188.12 462.72 238.36 1.37 1.59 3.89 -5.63 1.49 22.4 -1.64 0.6619989424503441
Car 0.0 0 -1.61 539.1 181.08 584.44 222.61 1.58 1.68 3.95 -1.99 1.42 29.66 -1.68 0.6805620428558438
Car 0.0 2 -1.32 316.96 184.59 388.64 223.81 1.42 1.7 4.13 -10.13 1.41 28.77 -1.65 0.23627772460591268
Car 0.0 1 -1.48 462.1 184.64 495.09 210.68 1.42 1.53 4.2 -7.6 1.41 42.48 -1.66 0.11467893263725826
Car 0.0 2 -1.36 362.78 173.82 416.81 212.63 1.99 1.89 4.59 -11.88 1.39 39.41 -1.65 0.0022183130761829206
Car 0.0 2 -1.5 475.27 182.75 502.53 203.88 1.43 1.62 4.08 -8.52 1.27 51.7 -1.66 0.6638420854730311
Car 0.0 1 -1.55 492.31 171.15 514.23 199.97 2.58 1.91 6.53 -9.82 1.3 67.97 -1.7 0.7270123703114365
Car 0.0 1 -1.58 531.93 166.24 562.41 202.38 2.64 2.22 5.52 -4.74 1.24 55.74 -1.67 0.37634905955248066
