Car 0.98 0 -2.29 981.83 215.47 1241.0 374.0 1.37 1.7 4.38 3.57 1.69 3.34 -1.52 0.11776739789578128
Car 0.0 1 -1.96 814.34 191.42 1129.69 367.84 1.4 1.56 3.91 3.54 1.65 8.0 -1.56 0.46926586554052396
Car 0.0 1 -1.83 712.64 171.56 860.62 274.53 1.6 1.65 3.77 3.0 1.61 13.22 -1.61 0.4646642400907791
Car 0.0 0 1.68 465.81 166.5 535.57 235.02 1.86 1.63 4.2 -3.25 1.71 21.86 1.53 0.6229149255390459
Car 0.0 2 1.67 698.88 177.07 744.39 268.51 1.64 0.75 0.83 2.04 1.72 13.41 1.81 0.8282455046974814
Car 0.0 1 1.87 278.32 193.05 458.16 319.56 1.45 1.46 3.41 -3.32 1.78 10.4 1.56 0.5387939682413067
Car 0.94 0 2.17 0.0 214.04 313.55 374.0 1.46 1.55 4.21 -3.25 1.8 4.0 1.52 0.5517504546083888
Car 0.0 2 -1.68 668.1 180.67 727.23 222.6 1.37 1.61 4.26 3.04 1.66 26.02 -1.57 0.3425078272146522
Car 0.0 2 1.42 690.89 178.74 764.59 233.99 1.46 1.44 4.53 3.36 1.65 21.53 1.57 0.3348246156753929
Car 0.0 1 1.62 538.09 175.38 567.46 201.85 1.51 1.55 3.92 -3.45 1.69 43.63 1.55 0.7295061437679071
Car -1.0 -1 -10.0 579.35 168.77 685.64 205.27 -1.0 -1.0 -1.0 -1000.0 -1000.0 -1000.0 -10.0 0.38324389020554694
