Car 0.0 0 1.93 261.63 195.21 392.48 271.61 1.42 1.54 3.5 -6.15 1.96 15.98 1.56 0.35394100097663317
Car 0.0 1 -1.72 679.77 177.46 766.61 239.87 1.51 1.75 3.78 2.92 1.65 19.59 -1.57 0.5940169282912824
Car 0.0 1 1.86 358.47 193.22 449.45 246.63 1.36 1.51 4.02 -6.07 2.01 21.56 1.58 0.47715888917191096
Car 0.0 1 1.77 433.45 180.93 493.88 226.59 1.74 1.65 4.11 -6.0 2.08 29.83 1.57 0.1679637031018627
Car 0.0 2 1.75 463.43 182.4 510.42 216.57 1.61 1.64 4.0 -6.21 2.11 36.58 1.58 0.2219124442388496
Car 0.43 1 0.82 1150.3 129.56 1241.0 190.43 2.3 2.02 4.73 24.72 0.68 29.19 1.52 0.726381026714706
Car -1.0 -1 -10.0 511.65 177.1 585.65 200.06 -1.0 -1.0 -1.0 -1000.0 -1000.0 -1000.0 -10.0 0.6834482977862937
Car -1.0 -1 -10.0 597.06 175.02 607.52 186.52 -1.0 -1.0 -1.0 -1000.0 -1000.0 -1000.0 -10.0 0.32042092469854744
Car -1.0 -1 -10.0 609.56 170.85 649.18 191.72 -1.0 -1.0 -1.0 -1000.0 -1000.0 -1000.0 -10.0 0.6967691073433889
Car -1.0 -1 -10.0 757.48 168.77 812.73 188.6 -1.0 -1.0 -1.0 -1000.0 -1000.0 -1000.0 -10.0 0.906796036010111
Car -1.0 -1 -10.0 660.6 168.77 731.48 187.56 -1.0 -1.0 -1.0 -1000.0 -1000.0 -1000.0 -10.0 0.05256140171895829
