Pedestrian 0.0 1 -3.06 561.77 158.48 594.77 246.23 1.81 0.9 0.95 -0.48 1.34 15.32 -3.09 0.6922189422208868
Pedestrian 0.19 0 -2.35 890.64 140.52 1053.31 373.0 1.78 0.89 1.06 2.5 1.53 5.1 -1.92 0.5930520073420538
Pedestrian 0.0 0 1.75 539.97 156.99 592.3 275.28 1.79 0.89 1.04 -0.7 1.42 11.45 1.68 0.13444322669733577
Car 0.0 1 1.85 344.59 132.14 545.73 285.22 2.11 2.04 4.62 -2.4 1.43 12.29 1.66 0.3897962370858865
Car 0.0 2 1.72 488.9 150.15 587.03 241.95 2.09 1.79 4.99 -1.53 1.37 18.94 1.64 0.6031159355479908
Car 0.0 2 2.53 1067.98 187.71 1177.69 331.9 1.3 0.7 0.53 4.94 1.37 6.9 3.13 0.041396322887002235
Car 0.0 2 1.22 980.19 186.3 1071.17 313.9 1.3 0.65 0.61 4.49 1.36 7.71 1.73 0.7778376298465867
Car -1.0 -1 -10.0 602.4 162.09 640.88 190.18 -1.0 -1.0 -1.0 -1000.0 -1000.0 -1000.0 -10.0 0.05414238003902927
Car -1.0 -1 -10.0 674.2 155.7 712.0 188.57 -1.0 -1.0 -1.0 -1000.0 -1000.0 -1000.0 -10.0 0.36844036130677127
Car -1.0 -1 -10.0 656.42 162.25 690.42 176.42 -1.0 -1.0 -1.0 -1000.0 -1000.0 -1000.0 -10.0 0.4790199572390842
