Car 0.61 0 0.78 0.0 186.14 210.51 368.0 1.57 1.54 4.1 -6.48 1.73 7.18 0.07 0.7768191039849623
Car 0.0 1 -2.66 78.46 159.14 363.2 283.48 1.89 1.59 3.87 -6.36 1.71 11.99 -3.14 0.9215057648982391
Car 0.0 0 -1.92 734.55 192.57 988.15 355.34 1.45 1.59 3.59 2.65 1.73 8.62 -1.63 0.15714231504685894
Car 0.0 0 -1.7 669.51 178.67 753.27 247.12 1.66 1.74 3.65 2.6 1.83 19.51 -1.57 0.31093802283269834
Car 0.0 2 0.44 194.74 185.67 400.23 267.38 1.52 1.49 3.5 -6.25 1.81 14.55 0.04 0.1998427115315402
Car 0.0 2 -2.86 278.28 181.73 456.08 244.83 1.59 1.63 4.3 -6.55 1.86 19.67 3.1 0.5259577571705669
Car 0.0 2 -1.71 654.14 184.57 714.0 227.08 1.36 1.55 3.87 2.52 1.79 25.62 -1.62 0.48494550633564815
Car 0.0 2 -1.69 643.35 179.37 682.8 215.35 1.62 1.48 3.36 2.47 1.95 34.59 -1.62 0.908618316194621
Car 0.0 2 -2.98 440.89 175.59 510.04 213.95 1.95 1.67 3.35 -7.1 2.11 38.12 3.12 0.5483556566606759
Car -1.0 -1 -10.0 494.98 177.1 590.86 211.52 -1.0 -1.0 -1.0 -1000.0 -1000.0 -1000.0 -10.0 0.3990671467879322
Car -1.0 -1 -10.0 596.02 177.1 638.77 192.77 -1.0 -1.0 -1.0 -1000.0 -1000.0 -1000.0 -10.0 0.5891978583568765
