Car 0.82 0 0.8 0.0 181.56 164.89 374.0 1.53 1.6 3.62 -5.67 1.62 5.37 0.01 0.837694091575699
Car 0.39 3 0.69 0.0 175.15 241.65 349.09 1.66 1.57 3.11 -5.97 1.71 7.76 0.05 0.9952699822558645
Car 0.09 3 0.58 0.0 171.29 348.48 302.83 1.66 1.71 4.34 -6.19 1.67 10.1 0.04 0.7495986559159288
Car 0.0 2 -2.64 100.13 173.28 336.53 271.35 1.58 1.62 3.26 -6.79 1.61 12.65 -3.13 0.10043908657268485
Car 0.0 2 -2.81 197.33 184.55 410.45 264.45 1.51 1.66 3.73 -6.27 1.78 15.0 3.08 0.11304887574983713
Car 0.0 2 -2.75 226.34 174.59 431.55 243.76 1.56 1.57 4.37 -6.76 1.63 17.51 -3.11 0.2271853414058148
Car 0.0 2 -2.92 318.96 169.63 461.62 227.41 1.65 1.68 3.88 -6.65 1.58 22.02 3.07 0.9537762753829544
Car 0.0 2 0.25 338.01 159.64 480.82 224.41 2.08 1.8 4.37 -6.78 1.68 24.58 -0.02 0.81874526162561
Cyclist 0.0 0 1.62 548.23 174.53 561.09 205.67 1.59 0.58 1.69 -2.93 1.69 37.86 1.54 0.8638062206121095
Car 0.0 0 -1.89 768.71 193.46 1032.81 365.48 1.38 1.49 3.38 2.79 1.64 7.81 -1.56 0.24898615028495208
Car 0.0 2 -0.39 840.01 173.06 1110.5 275.4 1.67 1.6 3.94 6.26 1.71 12.79 0.06 0.5199300991617539
Car 0.0 2 -0.32 809.57 179.05 1003.89 258.28 1.54 1.75 3.36 6.05 1.69 15.13 0.05 0.16217465726353264
Car 0.0 2 -0.29 776.83 180.03 930.85 243.05 1.48 1.52 3.33 5.97 1.67 18.03 0.02 0.8743959011352994
Car 0.0 2 2.84 730.98 177.26 869.89 229.59 1.57 1.68 3.97 6.01 1.74 23.16 3.09 0.8699122256936016
Car 0.0 2 -0.27 710.28 179.02 839.92 221.58 1.44 1.65 4.26 5.86 1.68 26.06 -0.05 0.6012164960952172
Car 0.0 2 -0.23 712.67 170.34 820.3 217.8 1.77 1.69 3.82 6.05 1.7 28.33 -0.02 0.5418400276305356
Car 0.0 1 -2.97 425.89 173.06 521.43 204.81 1.49 1.59 4.44 -6.74 1.53 35.78 3.13 0.24389344034916471
Car 0.0 2 -2.96 450.54 176.0 532.91 205.22 1.48 1.63 4.1 -6.3 1.68 38.51 -3.12 0.7228355431123714
Car 0.0 0 -1.68 635.38 177.61 670.18 203.7 1.41 1.56 4.08 2.39 1.71 41.61 -1.62 0.13034941454616866
Car 0.0 2 -1.59 614.72 166.15 629.54 183.21 2.33 1.96 6.11 1.71 1.45 102.64 -1.57 0.6679996319020677
Car -1.0 -1 -10.0 561.65 169.81 604.4 180.27 -1.0 -1.0 -1.0 -1000.0 -1000.0 -1000.0 -10.0 0.967615926124894
