Car 0.55 0 -2.06 830.95 182.32 1241.0 374.0 1.4 1.61 3.77 2.98 1.49 5.34 -1.57 0.995714885976051
Car 0.0 1 -1.74 736.2 176.3 877.58 279.85 1.41 1.57 3.16 2.93 1.48 11.48 -1.5 0.49519788782870455
Car 0.0 0 1.94 263.64 193.89 398.91 275.85 1.53 1.56 3.58 -6.04 2.04 15.96 1.59 0.024754326447194663
Car 0.0 1 1.72 472.54 186.58 511.59 215.14 1.42 1.54 3.5 -6.31 2.18 38.73 1.56 0.32654096967798163
Car 0.0 1 -1.64 642.77 174.41 677.45 201.8 1.51 1.75 3.78 2.86 1.63 42.22 -1.57 0.3867346578523222
Car 0.0 2 1.72 490.74 185.55 525.61 209.52 1.36 1.51 4.02 -6.23 2.16 44.31 1.58 0.43002308627987507
Car 0.0 2 -1.14 250.51 194.77 310.21 221.37 1.49 1.7 4.51 -20.83 2.94 45.74 -1.57 0.13225235693251958
Car 0.0 0 -1.19 296.58 195.43 348.98 221.98 1.5 1.56 4.45 -18.24 2.99 45.96 -1.57 0.2059323126439292
Car -1.0 -1 -10.0 524.15 176.06 636.69 199.02 -1.0 -1.0 -1.0 -1000.0 -1000.0 -1000.0 -10.0 0.3902169477489529
Car -1.0 -1 -10.0 669.98 163.56 703.36 180.27 -1.0 -1.0 -1.0 -1000.0 -1000.0 -1000.0 -10.0 0.40291146312438453
Car -1.0 -1 -10.0 786.65 160.44 835.65 178.19 -1.0 -1.0 -1.0 -1000.0 -1000.0 -1000.0 -10.0 0.1767960545891506
