Cyclist 0.33 0 2.09 60.96 192.26 285.49 374.0 1.59 0.58 1.69 -3.05 1.75 5.17 1.57 0.19370317675165205
Car 0.86 0 -0.84 1084.29 142.0 1241.0 374.0 1.77 1.69 3.82 5.8 1.56 5.12 -0.02 0.6677032310722243
Car 0.0 1 -2.66 60.46 186.25 361.18 279.85 1.49 1.59 4.44 -6.95 1.76 12.78 3.13 0.2274681333260924
Car 0.0 2 -2.72 185.26 183.35 411.33 259.36 1.48 1.63 4.1 -6.55 1.73 15.34 -3.12 0.9505000431093471
Car 0.0 2 0.37 299.38 178.99 431.37 235.59 1.52 1.48 3.23 -6.94 1.72 20.52 0.04 0.1485637366390784
Car 0.0 0 -1.73 656.15 177.0 744.15 239.83 1.41 1.56 4.08 2.15 1.54 18.49 -1.62 0.3677041602130461
Car 0.0 2 0.31 396.08 179.9 494.9 218.29 1.52 1.64 3.65 -6.8 1.83 29.88 0.08 0.3631995981962227
Car 0.0 1 -1.63 634.39 173.07 673.51 205.88 1.43 1.58 3.37 1.96 1.47 33.49 -1.57 0.004653921615023093
Car 0.0 2 -1.59 613.79 161.14 633.07 183.33 2.33 1.96 6.11 1.44 1.13 79.59 -1.57 0.8335127801376783
Car -1.0 -1 -10.0 478.31 166.69 602.31 197.98 -1.0 -1.0 -1.0 -1000.0 -1000.0 -1000.0 -10.0 0.9929443079862982
