Car 0.19 0 -1.94 827.18 181.36 1217.26 374.0 1.41 1.57 3.16 2.92 1.5 5.95 -1.5 0.7448507627434939
Car 0.0 0 2.1 50.09 201.5 307.01 337.85 1.53 1.56 3.58 -6.01 2.01 10.5 1.59 0.3706953693793741
Car 0.0 1 1.75 449.23 188.53 497.02 222.48 1.42 1.54 3.5 -6.25 2.16 33.06 1.56 0.9968790870272828
Car 0.0 1 -1.65 647.82 175.99 688.57 207.77 1.51 1.75 3.78 2.87 1.69 36.64 -1.57 0.9943364926675785
Car 0.0 2 1.74 472.21 187.09 513.79 214.93 1.36 1.51 4.02 -6.24 2.15 38.64 1.58 0.00029067395097370774
Car 0.0 2 -1.01 112.27 203.08 188.65 232.3 1.43 1.8 3.96 -25.94 3.21 40.84 -1.57 0.394271304048021
Car 0.0 2 -1.05 159.49 201.11 228.34 229.56 1.4 1.6 3.97 -23.46 3.06 40.79 -1.57 0.8929270686517471
Car 0.0 2 -1.09 198.32 196.75 271.29 227.43 1.49 1.7 4.51 -20.84 2.89 40.23 -1.56 0.41089404086920567
Car 0.0 2 -1.15 250.29 197.39 314.37 228.05 1.5 1.56 4.45 -18.28 2.94 40.39 -1.57 0.17897085334799112
Car -1.0 -1 -10.0 507.48 177.1 590.86 205.27 -1.0 -1.0 -1.0 -1000.0 -1000.0 -1000.0 -10.0 0.7746245294707534
Car -1.0 -1 -10.0 600.19 170.85 647.11 194.85 -1.0 -1.0 -1.0 -1000.0 -1000.0 -1000.0 -10.0 0.09446998465737655
Car -1.0 -1 -10.0 681.44 163.56 751.27 183.39 -1.0 -1.0 -1.0 -1000.0 -1000.0 -1000.0 -10.0 0.36102254850075854
