Car 0.83 0 -2.44 0.0 176.79 127.27 374.0 1.65 1.68 3.88 -7.0 1.71 6.58 3.05 0.208958059627663
Car 0.46 3 0.61 0.0 142.4 253.76 324.68 2.08 1.8 4.37 -7.22 1.76 9.19 -0.04 0.4661445888931126
Cyclist 0.0 0 1.73 440.11 180.51 479.17 256.69 1.59 0.58 1.69 -3.35 1.76 15.99 1.52 0.5217942284402398
Car 0.89 0 -0.89 1147.24 191.14 1241.0 374.0 1.5 1.58 2.81 5.87 1.64 5.28 -0.08 0.6837201831997256
Car 0.36 3 2.46 929.89 183.74 1241.0 355.06 1.57 1.68 3.97 5.77 1.71 7.78 3.08 0.09094862607305365
Car 0.0 2 -0.54 821.5 187.6 1165.41 299.12 1.44 1.65 4.26 5.48 1.69 10.69 -0.07 0.5283057719144182
Car 0.0 2 -0.44 804.81 167.43 1058.15 274.51 1.77 1.69 3.82 5.65 1.7 13.07 -0.04 0.687071587895929
Car 0.0 1 -2.83 259.42 183.06 437.45 240.32 1.49 1.59 4.44 -7.31 1.81 20.33 3.11 0.10502015028623268
Car 0.0 2 -2.85 316.87 181.81 461.59 231.67 1.48 1.63 4.1 -6.99 1.79 22.97 3.14 0.4695947341738922
Car 0.0 0 -1.7 631.3 181.65 689.55 224.55 1.41 1.56 4.08 1.72 1.74 26.21 -1.64 0.9268615286053818
Car 0.0 1 0.26 427.64 177.47 505.5 208.02 1.52 1.64 3.65 -7.44 1.78 37.44 0.06 0.8085827420389363
Car 0.0 1 -1.63 616.81 177.5 648.03 203.85 1.43 1.58 3.37 1.22 1.71 41.3 -1.6 0.9510528500001152
Car 0.0 2 -1.57 600.64 167.09 617.66 187.26 2.33 1.96 6.11 -0.11 1.7 87.27 -1.57 0.15729349558001704
Car -1.0 -1 -10.0 500.19 169.81 571.07 195.89 -1.0 -1.0 -1.0 -1000.0 -1000.0 -1000.0 -10.0 0.6229868973628832
Car -1.0 -1 -10.0 577.27 173.98 610.64 184.44 -1.0 -1.0 -1.0 -1000.0 -1000.0 -1000.0 -10.0 0.18805461577629612
