Pedestrian 0.45 0 -1.67 0.0 175.63 140.73 373.0 1.68 0.64 0.91 -3.24 1.66 4.27 -2.3 0.5116815486384862
Pedestrian 0.0 0 -2.1 214.84 161.2 297.17 367.37 1.8 0.83 0.92 -3.42 1.62 6.87 -2.55 0.8896985553529099
Pedestrian 0.0 1 -1.64 146.38 168.28 218.72 363.48 1.72 0.69 0.88 -4.05 1.6 6.89 -2.16 0.5634780926955932
Car 0.0 1 1.85 207.43 182.23 401.47 306.12 1.57 1.67 4.14 -4.46 1.6 11.41 1.48 0.4172232222329715
Cyclist 0.0 0 1.59 424.74 161.6 471.04 262.96 1.8 0.79 1.86 -2.95 1.45 13.79 1.38 0.8261685207269034
Pedestrian 0.0 0 1.36 658.36 156.1 682.36 227.49 1.81 1.06 0.73 1.57 1.16 18.69 1.44 0.8939789363188323
Pedestrian 0.0 0 -1.54 505.91 168.7 521.58 215.89 1.73 0.84 0.86 -3.51 1.26 26.91 -1.68 0.721519934985567
Pedestrian 0.0 0 -1.57 517.34 166.25 533.0 215.24 1.81 0.9 0.95 -2.96 1.25 27.14 -1.68 0.5133683625791745
Pedestrian 0.0 2 -1.5 387.41 166.43 411.74 220.36 1.78 0.92 1.01 -7.06 1.28 24.33 -1.78 0.3331819179069144
Car -1.0 -1 -10.0 0.0 163.13 156.91 372.0 -1.0 -1.0 -1.0 -1000.0 -1000.0 -1000.0 -10.0 0.38890258007515244
