Car 0.83 0 -2.34 0.0 180.26 130.91 374.0 1.52 1.57 4.08 -6.66 1.6 6.1 3.14 0.30985063709445804
Car 0.0 0 -1.87 728.65 191.49 897.45 302.38 1.39 1.51 3.4 2.92 1.71 11.22 -1.62 0.5273229356606475
Car 0.19 3 0.59 0.0 180.5 297.23 318.41 1.48 1.49 3.38 -5.81 1.59 8.64 0.01 0.2873847783877299
Car 0.0 2 0.48 80.66 169.78 348.58 292.97 1.7 1.57 3.19 -5.89 1.68 10.92 -0.01 0.5129599536593229
Car 0.0 2 -2.85 224.59 171.99 405.18 252.4 1.63 1.55 3.35 -6.39 1.63 15.79 3.05 0.49082468643695043
Car 0.0 2 2.87 774.26 189.89 950.5 246.18 1.34 1.52 3.99 6.34 1.8 18.54 -3.09 0.7412975105874038
Car 0.0 2 2.9 705.26 171.02 825.33 217.49 1.76 1.71 4.4 6.13 1.72 28.92 3.11 0.19448377151608942
Car 0.0 2 0.26 342.95 152.44 474.5 220.07 2.22 1.68 4.08 -6.93 1.57 24.98 -0.01 0.4489773684619798
Car 0.0 0 -1.65 633.64 155.4 679.6 202.85 2.33 1.96 6.11 2.39 1.51 38.84 -1.59 0.8146609687101001
Car 0.0 2 -2.96 415.66 173.89 512.34 206.11 1.46 1.61 4.31 -6.97 1.54 34.56 3.13 0.8769251231198453
Car 0.0 2 -3.11 448.63 168.29 531.84 202.71 1.8 1.77 4.41 -6.57 1.59 39.69 3.01 0.8842708062903055
Car 0.0 2 -1.62 622.05 157.91 652.23 193.21 2.57 1.99 6.64 2.04 1.52 56.34 -1.58 0.7478319807576989
Car 0.0 2 0.1 510.73 162.4 566.68 189.9 2.86 1.88 5.81 -7.63 1.79 77.6 -0.0 0.9892787975125947
Car -1.0 -1 -10.0 578.31 168.77 624.18 185.48 -1.0 -1.0 -1.0 -1000.0 -1000.0 -1000.0 -10.0 0.6733319308295184
