Pedestrian 0.0 0 -1.84 1053.62 112.03 1128.62 323.51 1.96 0.68 0.8 4.71 1.4 7.17 -1.27 0.241766990628708
Pedestrian 0.0 0 -1.86 1124.71 109.52 1209.04 325.8 1.94 0.65 0.74 5.26 1.38 6.92 -1.23 0.3797919719311965
Car 1.0 0 -2.79 1209.0 214.48 1241.0 374.0 1.39 1.45 3.44 2.95 1.52 0.94 -1.62 0.5884273702639072
Car 0.39 3 -2.44 0.0 208.8 94.55 249.95 1.3 1.7 3.97 -20.66 2.62 25.24 -3.12 0.6263561984297672
Car 0.0 0 2.8 836.04 168.06 947.05 208.74 1.38 1.43 3.4 10.0 1.24 25.85 -3.12 0.7128878002155814
Car 0.0 2 2.85 712.82 109.31 914.25 192.04 4.2 3.01 9.96 10.78 0.96 38.93 3.12 0.3729560793552683
Car 0.0 1 2.58 959.93 160.5 1119.96 207.32 1.58 1.79 4.7 15.34 1.18 25.94 3.11 0.13630442313348023
Car 0.0 1 1.15 284.0 187.29 352.23 221.21 1.52 1.55 3.91 -14.08 2.22 34.63 0.76 0.9916132528331054
Car 0.0 0 -2.63 162.82 182.27 321.15 241.21 1.95 1.89 4.61 -12.87 2.3 25.33 -3.1 0.8507994084051899
Car -1.0 -1 -10.0 83.52 196.9 145.02 228.19 -1.0 -1.0 -1.0 -1000.0 -1000.0 -1000.0 -10.0 0.9966238040966303
Car -1.0 -1 -10.0 330.4 184.4 403.36 209.44 -1.0 -1.0 -1.0 -1000.0 -1000.0 -1000.0 -10.0 0.5699319533163761
