Car 0.8 3 2.3 0.0 192.52 59.24 253.38 1.49 1.88 4.41 -16.28 2.03 17.84 1.57 0.7244813280348806
Car 0.0 0 2.06 154.04 176.99 246.81 217.68 1.94 1.88 5.3 -21.09 2.18 37.4 1.55 0.5145752330932456
Car 0.0 1 2.03 242.26 184.91 279.93 211.99 1.54 0.85 2.84 -20.81 2.27 43.05 1.58 0.7124696083449926
Car 0.0 1 1.9 330.3 183.67 381.7 212.79 1.48 1.61 3.39 -13.8 2.09 39.29 1.57 0.9745315019199423
Car 0.0 1 1.96 282.85 187.3 346.11 215.17 1.44 1.79 4.32 -16.72 2.29 40.97 1.58 0.3608916259644931
Car 0.0 0 1.86 408.84 182.54 447.15 204.65 1.6 1.78 3.86 -13.84 2.35 54.99 1.62 0.8774698341809242
Car 0.0 1 1.87 379.92 182.35 417.49 204.39 1.65 1.77 3.85 -16.62 2.41 56.84 1.59 0.09071612035921062
Car -1.0 -1 -10.0 655.4 173.98 695.02 203.19 -1.0 -1.0 -1.0 -1000.0 -1000.0 -1000.0 -10.0 0.9759758850178109
Car -1.0 -1 -10.0 700.19 177.1 816.9 195.89 -1.0 -1.0 -1.0 -1000.0 -1000.0 -1000.0 -10.0 0.563645539211872
Car -1.0 -1 -10.0 466.85 181.27 491.89 195.9 -1.0 -1.0 -1.0 -1000.0 -1000.0 -1000.0 -10.0 0.576003185861883
