Car 0.32 0 2.16 0.0 184.67 261.77 370.54 1.74 1.65 4.11 -6.17 1.9 8.91 1.57 0.6760714500819163
Car 0.0 0 1.72 490.79 181.28 545.61 216.2 1.41 1.76 4.4 -3.99 1.79 31.76 1.59 0.20105924593525826
Car 0.0 1 1.97 215.83 184.95 375.94 274.09 1.61 1.64 4.0 -6.51 1.89 15.36 1.58 0.17193056763118086
Car 0.0 2 1.81 384.32 186.37 456.81 230.16 1.43 1.7 3.74 -6.84 1.95 26.27 1.56 0.8286866356872848
Car 0.0 1 -1.61 629.28 173.77 657.31 198.31 1.55 1.66 4.15 2.15 1.64 48.04 -1.57 0.871097708662118
Car 0.0 1 2.95 703.57 164.65 791.58 192.02 1.47 1.7 4.65 7.74 1.05 40.97 3.13 0.29429849323004964
Car 0.0 2 2.98 699.12 159.11 775.54 191.8 1.91 1.81 4.33 7.7 1.12 44.04 -3.13 0.513675371528027
Car 0.0 2 -0.43 878.66 147.79 962.41 178.62 2.06 2.07 4.94 21.65 0.38 50.47 -0.03 0.8699352717458859
Car -1.0 -1 -10.0 1091.9 151.06 1214.86 204.23 -1.0 -1.0 -1.0 -1000.0 -1000.0 -1000.0 -10.0 0.9706570037363659
Car -1.0 -1 -10.0 791.85 155.23 867.93 176.1 -1.0 -1.0 -1.0 -1000.0 -1000.0 -1000.0 -10.0 0.45954777613796316
Car -1.0 -1 -10.0 580.4 169.81 592.94 185.48 -1.0 -1.0 -1.0 -1000.0 -1000.0 -1000.0 -10.0 0.09305099274453199
Car -1.0 -1 -10.0 471.02 183.35 507.52 210.47 -1.0 -1.0 -1.0 -1000.0 -1000.0 -1000.0 -10.0 0.09183351771471593
Car -1.0 -1 -10.0 537.69 176.06 563.77 187.56 -1.0 -1.0 -1.0 -1000.0 -1000.0 -1000.0 -10.0 0.7945533468404252
Car -1.0 -1 -10.0 603.31 171.9 626.27 186.53 -1.0 -1.0 -1.0 -1000.0 -1000.0 -1000.0 -10.0 0.9178366296236273
Car -1.0 -1 -10.0 657.48 163.56 701.27 181.31 -1.0 -1.0 -1.0 -1000.0 -1000.0 -1000.0 -10.0 0.5310363248646339
