Car 0.05 0 2.11 0.0 204.69 276.28 347.52 1.42 1.54 3.5 -6.06 1.91 9.59 1.56 0.02946677808161502
Car 0.0 1 -1.79 715.16 174.28 864.75 273.16 1.51 1.75 3.78 3.02 1.56 13.06 -1.57 0.6438603902159136
Car 0.0 1 1.95 246.26 194.95 396.18 274.15 1.36 1.51 4.02 -5.95 1.88 15.28 1.58 0.5405625715693014
Car 0.0 1 1.82 385.01 179.45 468.06 238.34 1.74 1.65 4.11 -5.91 1.96 23.55 1.57 0.22067030121521725
Car 0.0 2 1.79 434.11 182.97 494.56 225.07 1.61 1.64 4.0 -6.03 2.05 30.11 1.59 0.44668257236846187
Car 0.0 2 1.73 480.54 183.05 521.26 210.2 1.43 1.7 3.74 -6.14 2.02 40.76 1.58 0.4301346845736699
Car 0.0 1 -1.62 638.9 175.74 660.6 194.44 1.55 1.66 4.15 3.39 1.82 62.42 -1.56 0.8872546553447324
Car 0.0 1 3.0 694.28 169.37 758.6 189.56 1.47 1.7 4.65 8.86 1.24 55.26 -3.13 0.11747454008098457
Car -1.0 -1 -10.0 522.06 178.15 589.81 194.86 -1.0 -1.0 -1.0 -1000.0 -1000.0 -1000.0 -10.0 0.6337791939599404
Car -1.0 -1 -10.0 601.23 173.98 610.65 186.52 -1.0 -1.0 -1.0 -1000.0 -1000.0 -1000.0 -10.0 0.7581285415034459
Car -1.0 -1 -10.0 779.35 157.31 960.64 197.98 -1.0 -1.0 -1.0 -1000.0 -1000.0 -1000.0 -10.0 0.5596982188238139
Car -1.0 -1 -10.0 619.98 170.85 634.61 186.52 -1.0 -1.0 -1.0 -1000.0 -1000.0 -1000.0 -10.0 0.11435883643028044
Car -1.0 -1 -10.0 671.02 165.65 717.94 181.32 -1.0 -1.0 -1.0 -1000.0 -1000.0 -1000.0 -10.0 0.46555947980469026
