Car 0.32 0 2.17 0.0 207.54 242.73 373.33 1.42 1.54 3.5 -6.04 1.9 8.52 1.56 0.15433107884228492
Car 0.0 1 -1.81 724.79 176.67 894.42 286.4 1.51 1.75 3.78 3.04 1.6 11.95 -1.57 0.0007934976934986793
Car 0.0 1 1.97 215.54 198.23 382.79 285.37 1.36 1.51 4.02 -5.94 1.92 14.22 1.58 0.36412492325874724
Car 0.0 1 1.83 373.84 179.73 462.28 241.62 1.74 1.65 4.11 -5.9 1.96 22.5 1.57 0.1495987278729809
Car 0.0 0 1.65 552.94 179.13 581.72 199.34 1.41 1.76 4.4 -3.12 1.88 53.09 1.59 0.072404962585082
Car 0.0 2 1.79 425.96 181.56 489.5 225.2 1.61 1.64 4.0 -6.07 1.97 28.99 1.59 0.8793260614775739
Car 0.0 2 1.73 476.59 182.72 518.65 210.61 1.43 1.7 3.74 -6.16 1.99 39.68 1.58 0.8667571591746829
Car 0.0 1 -1.62 639.84 175.59 662.02 194.62 1.55 1.66 4.15 3.43 1.8 61.34 -1.56 0.5991880221217989
Car 0.0 1 2.99 695.39 169.85 761.18 190.48 1.47 1.7 4.65 8.82 1.29 54.12 -3.13 0.5635378551656384
Car -1.0 -1 -10.0 519.98 175.02 549.19 203.19 -1.0 -1.0 -1.0 -1000.0 -1000.0 -1000.0 -10.0 0.9102122215516094
Car -1.0 -1 -10.0 596.02 170.85 614.81 187.56 -1.0 -1.0 -1.0 -1000.0 -1000.0 -1000.0 -10.0 0.9018856293806815
Car -1.0 -1 -10.0 672.06 166.69 693.98 183.4 -1.0 -1.0 -1.0 -1000.0 -1000.0 -1000.0 -10.0 0.3294079516924635
Car -1.0 -1 -10.0 756.44 158.35 871.06 169.85 -1.0 -1.0 -1.0 -1000.0 -1000.0 -1000.0 -10.0 0.6704216294781771
Car -1.0 -1 -10.0 867.9 157.31 995.02 187.56 -1.0 -1.0 -1.0 -1000.0 -1000.0 -1000.0 -10.0 0.9579724444239301
