Car 0.78 0 -2.46 0.0 171.71 121.28 336.6 1.53 1.63 3.4 -7.33 1.55 7.39 3.06 0.024460276253578606
Car 0.0 1 -0.26 670.79 169.16 792.17 221.0 1.55 1.57 3.51 3.79 1.47 23.03 -0.1 0.34258414601473564
Car 0.0 0 -0.43 746.17 172.34 1013.71 268.95 1.47 1.74 3.88 4.43 1.49 12.29 -0.09 0.9564608002585774
Car 0.0 1 0.41 44.14 156.11 306.38 256.51 1.68 1.67 3.79 -7.87 1.41 13.3 -0.12 0.1659663622187394
Car 0.0 2 -2.73 132.1 171.75 354.11 242.64 1.43 1.6 4.04 -7.97 1.43 15.84 3.09 0.21215252088202674
Car 0.0 2 0.39 199.0 164.55 388.39 228.24 1.53 1.72 4.15 -8.13 1.36 18.72 -0.02 0.9648122930303781
Car 0.0 2 -2.92 287.6 163.55 425.3 212.96 1.52 1.57 4.01 -8.28 1.25 23.7 3.04 0.005455617199538465
Car 0.0 2 -0.28 657.83 169.39 765.6 213.84 1.48 1.63 3.43 3.51 1.38 25.48 -0.14 0.2608442565902164
Car 0.0 0 -1.88 462.78 164.76 496.27 184.89 1.66 1.66 3.98 -11.17 1.02 61.51 -2.06 0.1701061955580564
Car -1.0 -1 -10.0 424.15 154.19 465.86 183.4 -1.0 -1.0 -1.0 -1000.0 -1000.0 -1000.0 -10.0 0.8523111459080825
