Car 0.76 0 2.33 0.0 164.11 58.16 233.27 2.18 1.92 4.99 -20.26 1.92 22.61 1.6 0.43918197931796543
Car 0.0 0 2.18 56.51 178.34 138.16 225.66 1.76 1.52 2.38 -20.11 1.99 28.34 1.56 0.6865328031682051
Car 0.0 0 2.1 123.82 185.9 241.49 229.93 1.49 1.88 4.41 -16.17 2.02 27.54 1.57 0.9915134892075117
Car 0.0 1 2.01 220.39 172.86 295.26 208.06 1.94 1.88 5.3 -20.78 1.98 42.8 1.56 0.5352145651044061
Car 0.0 1 2.0 289.05 180.09 320.94 203.84 1.54 0.85 2.84 -20.42 2.02 48.31 1.6 0.5104249193852325
Car 0.0 0 1.84 396.47 180.07 433.12 202.48 1.48 1.61 3.39 -13.52 1.99 50.03 1.57 0.6039599735835208
Car 0.0 0 1.93 353.68 182.94 401.03 204.63 1.44 1.79 4.32 -16.46 2.17 51.17 1.62 0.8566076861142243
Car 0.0 0 1.79 448.25 179.58 477.41 197.89 1.6 1.78 3.86 -13.34 2.22 65.51 1.59 0.925292886153275
Car -1.0 -1 -10.0 484.56 176.06 510.64 192.77 -1.0 -1.0 -1.0 -1000.0 -1000.0 -1000.0 -10.0 0.20362896069928238
Car -1.0 -1 -10.0 553.31 175.02 695.02 194.85 -1.0 -1.0 -1.0 -1000.0 -1000.0 -1000.0 -10.0 0.23421211010620613
