Car 0.0 0 -1.81 715.72 176.26 896.32 298.15 1.51 1.59 4.28 2.73 1.59 11.2 -1.58 0.4972989356068095
Car 0.07 0 0.63 0.0 193.56 234.81 282.85 1.5 1.52 3.65 -9.17 1.91 13.28 0.04 0.36645288563826217
Car 0.92 0 -2.24 932.99 190.03 1241.0 374.0 1.43 1.51 3.33 3.04 1.55 3.52 -1.57 0.9772280601448455
Car 0.0 2 -1.73 690.84 172.51 784.21 245.75 1.56 1.57 3.78 2.92 1.58 17.42 -1.57 0.2624224535758479
Car 0.0 0 1.77 374.68 187.24 478.27 256.27 1.47 1.71 3.85 -4.44 1.85 17.85 1.53 0.3133305954516099
Car 0.0 1 1.75 434.38 175.62 507.51 234.72 1.73 1.65 3.7 -4.41 1.84 23.15 1.56 0.8155769247845706
Car 0.0 1 -1.68 660.67 175.18 719.28 222.02 1.54 1.66 3.79 2.76 1.65 25.87 -1.57 0.0017459524155786221
Car 0.0 2 1.69 482.04 175.52 535.46 221.16 1.68 1.63 3.94 -4.01 1.81 28.85 1.56 0.04277818523825283
Car 0.0 2 -1.77 655.51 174.41 710.67 210.15 1.48 1.64 4.15 3.16 1.57 32.25 -1.67 0.773997647355494
Car 0.0 1 -1.65 640.98 147.41 694.51 203.57 2.85 2.46 5.85 3.06 1.59 39.86 -1.57 0.3453981346935763
Car 0.0 0 -1.7 534.33 179.57 558.89 195.42 1.34 1.69 3.6 -5.65 1.95 63.88 -1.79 0.37646470145306044
Car -1.0 -1 -10.0 564.77 167.73 632.52 194.85 -1.0 -1.0 -1.0 -1000.0 -1000.0 -1000.0 -10.0 0.1926450818920259
