Car 0.0 2 0.56 63.33 182.67 376.63 299.37 1.52 1.64 3.65 -5.51 1.68 10.37 0.08 0.020425770827496637
Car 0.0 0 -1.78 738.35 186.27 865.85 275.62 1.43 1.58 3.37 3.42 1.7 13.57 -1.54 0.7475975663772616
Car 0.0 1 -2.82 251.08 183.71 446.92 247.86 1.41 1.53 4.11 -6.16 1.69 17.19 3.12 0.6822614872527377
Car 0.0 2 -2.89 356.13 180.29 484.01 229.74 1.46 1.57 3.6 -5.94 1.71 22.66 3.14 0.5921940149942639
Car 0.0 2 0.21 385.49 182.25 517.37 228.16 1.48 1.54 4.19 -5.43 1.83 24.86 0.0 0.3938117557484452
Car 0.0 2 -2.89 398.28 179.61 515.76 221.84 1.52 1.57 4.08 -5.77 1.79 27.32 -3.09 0.21827354383883646
Car 0.0 2 -1.73 711.8 178.47 800.0 248.53 1.62 1.61 3.55 3.61 1.78 18.58 -1.55 0.5653721886554699
Car 0.0 1 -1.72 681.05 184.48 727.05 218.46 1.39 1.51 3.4 4.08 1.92 31.98 -1.59 0.49486312195963456
Car 0.0 2 0.22 448.64 182.14 537.84 219.87 1.48 1.49 3.38 -4.82 1.89 29.78 0.06 0.04118969035383724
Car 0.0 0 -1.62 655.55 167.23 683.17 197.19 2.33 1.96 6.11 4.85 1.93 59.76 -1.54 0.8250145468272753
Car -1.0 -1 -10.0 537.69 165.65 652.31 202.15 -1.0 -1.0 -1.0 -1000.0 -1000.0 -1000.0 -10.0 0.699806132081775
