Car 0.97 0 -2.29 948.79 161.77 1241.0 374.0 1.77 1.77 5.1 3.86 1.72 3.92 -1.55 0.3560201363339588
Car 0.0 0 1.77 461.89 185.62 529.52 230.79 1.47 1.66 3.76 -4.07 1.95 25.98 1.62 0.1885204884481615
Car 0.0 1 -1.89 804.1 193.69 1032.69 324.92 1.41 1.66 3.86 3.97 1.74 10.11 -1.53 0.15151859215616026
Car 0.0 2 -1.86 745.69 180.58 866.08 263.17 1.59 1.59 3.34 4.1 1.77 15.74 -1.61 0.43256038117350715
Car 0.0 2 -1.72 721.39 183.21 797.94 239.88 1.47 1.6 3.7 4.21 1.79 20.97 -1.52 0.07234315945836212
Car 0.0 2 1.77 496.2 183.98 551.29 219.48 1.43 1.68 3.76 -3.75 1.94 31.64 1.65 0.8365178868992094
Car 0.0 2 -1.7 704.54 181.34 763.54 225.64 1.49 1.64 3.52 4.43 1.81 26.38 -1.54 0.01571634723387616
Car 0.0 2 1.72 518.74 184.24 563.81 213.65 1.38 1.68 4.34 -3.5 1.99 37.1 1.62 0.18676806353477127
Car 0.0 2 -1.66 692.83 180.3 739.86 217.32 1.5 1.64 4.14 4.56 1.84 31.62 -1.52 0.5565543553753988
Car 0.0 0 1.7 565.02 181.15 592.6 201.89 1.45 1.6 3.2 -2.28 2.07 52.9 1.66 0.02258141387252177
Car -1.0 -1 -10.0 652.27 172.94 692.94 194.86 -1.0 -1.0 -1.0 -1000.0 -1000.0 -1000.0 -10.0 0.9004744992777933
