Car 0.0 0 1.74 401.15 183.12 489.23 249.96 1.51 1.55 3.92 -4.18 1.79 18.64 1.52 0.06390013275330853
Car 0.99 0 2.35 0.0 209.33 179.56 374.0 1.51 1.55 3.71 -3.42 1.73 2.67 1.49 0.7185146612755254
Car 0.23 0 -2.04 802.03 192.12 1185.93 374.0 1.5 1.53 3.37 2.99 1.71 6.52 -1.63 0.9933849019441868
Car 0.0 1 -1.82 703.23 181.55 836.52 275.21 1.47 1.56 3.16 2.72 1.64 13.12 -1.62 0.8038838218627363
Car 0.0 2 -1.75 657.74 178.1 750.1 245.75 1.48 1.56 3.62 2.16 1.62 17.76 -1.64 0.5936805826647505
Car 0.0 2 -1.71 636.11 181.18 703.13 228.12 1.39 1.54 4.6 1.84 1.67 23.94 -1.64 0.32746117402389574
Car 0.0 2 1.71 446.2 183.11 512.98 229.75 1.4 1.62 4.26 -4.34 1.77 24.35 1.53 0.712849462438579
Car 0.0 2 1.68 483.76 181.64 525.9 212.73 1.39 1.6 3.8 -5.03 1.82 34.68 1.53 0.7688099619531468
Car 0.0 2 3.0 764.6 164.27 837.43 200.08 2.05 1.8 3.95 11.29 1.58 42.92 -3.03 0.4159587092462944
Car -1.0 -1 -10.0 535.6 170.85 629.39 199.02 -1.0 -1.0 -1.0 -1000.0 -1000.0 -1000.0 -10.0 0.9673217266363484
