Car 0.85 1 2.29 0.0 218.62 176.53 374.0 1.4 1.65 4.02 -5.92 1.92 6.4 1.57 0.12658282645610952
Car 0.5 3 2.44 1047.49 151.07 1241.0 279.78 1.57 1.62 3.69 8.19 1.3 9.7 3.13 0.6628454630517829
Car 0.0 0 2.01 205.48 196.84 392.2 290.82 1.43 1.61 4.13 -5.75 1.94 13.82 1.62 0.8855794182788371
Car 0.0 0 -1.96 790.36 182.87 1101.57 361.64 1.47 1.6 3.87 3.26 1.6 8.0 -1.58 0.4631811000377902
Car 0.0 1 -1.8 724.16 176.92 863.56 276.08 1.57 1.57 4.04 3.22 1.67 13.57 -1.57 0.4459266519873393
Car 0.0 1 1.85 350.91 190.53 445.03 253.16 1.48 1.5 3.58 -5.69 2.0 19.62 1.57 0.6643374075029335
Car 0.0 1 1.38 684.22 180.55 756.75 229.99 1.46 1.61 3.61 3.45 1.71 23.33 1.52 0.505811996366533
Car 0.0 1 1.83 436.74 186.1 502.66 227.34 1.48 1.56 4.09 -5.56 2.04 28.85 1.64 0.4819499491808088
Car 0.0 2 -1.74 665.86 181.81 724.26 221.34 1.46 1.67 3.89 3.32 1.84 29.1 -1.63 0.22789472601712646
Car 0.0 1 1.69 499.21 181.51 533.32 208.7 1.56 1.63 3.62 -5.68 2.1 43.84 1.56 0.8643631597142915
Car 0.0 1 -1.71 650.99 179.25 691.73 209.98 1.51 1.6 3.54 3.12 1.86 37.64 -1.63 0.2804427548296202
Car 0.0 0 -2.25 556.14 175.15 599.67 191.77 1.5 1.71 4.35 -3.05 1.75 67.55 -2.29 0.4450109691598312
Car -1.0 -1 -10.0 3.31 167.73 214.81 245.9 -1.0 -1.0 -1.0 -1000.0 -1000.0 -1000.0 -10.0 0.5961865393176596
Car -1.0 -1 -10.0 256.44 171.9 506.48 206.32 -1.0 -1.0 -1.0 -1000.0 -1000.0 -1000.0 -10.0 0.8222021600668197
