Car 1.0 0 2.43 0.0 235.92 196.79 373.0 1.47 1.61 3.55 -2.97 1.78 2.09 1.52 0.935235088301294
Pedestrian 0.0 0 -1.92 762.24 164.8 812.61 289.54 1.61 0.91 0.91 2.51 1.4 9.81 -1.68 0.4169410325374918
Cyclist 0.0 0 1.7 445.01 164.86 483.98 228.46 1.72 0.85 1.79 -3.88 1.27 20.4 1.51 0.7535126313571852
Pedestrian 0.0 2 -1.72 646.08 161.55 672.31 224.84 1.65 0.88 0.49 1.49 1.13 19.08 -1.65 0.9472267376579026
Cyclist 0.0 0 1.76 395.74 163.71 439.46 238.76 1.72 0.66 1.95 -4.48 1.31 17.54 1.51 0.957732986258492
Car 0.0 1 -1.6 540.13 140.52 586.76 198.15 2.56 2.06 5.87 -1.93 0.73 35.11 -1.65 0.5541732086628648
Car -1.0 -1 -10.0 0.0 229.61 165.22 372.0 -1.0 -1.0 -1.0 -1000.0 -1000.0 -1000.0 -10.0 0.5829335943250316
Car -1.0 -1 -10.0 487.08 157.93 533.87 193.29 -1.0 -1.0 -1.0 -1000.0 -1000.0 -1000.0 -10.0 0.8853315328212593
Car -1.0 -1 -10.0 370.72 165.2 394.65 215.11 -1.0 -1.0 -1.0 -1000.0 -1000.0 -1000.0 -10.0 0.22006533245978832
Car -1.0 -1 -10.0 586.81 152.74 616.98 204.72 -1.0 -1.0 -1.0 -1000.0 -1000.0 -1000.0 -10.0 0.9929083850004046
