Car 0.84 0 -2.1 833.92 195.6 1241.0 374.0 1.49 1.65 4.06 2.77 1.68 4.36 -1.57 0.49611757876462237
Car 0.88 0 -0.97 0.0 211.75 356.51 374.0 1.48 1.58 3.98 -3.09 1.8 4.33 -1.56 0.8476224756058395
Car 0.0 1 -1.89 735.6 187.04 957.45 327.04 1.44 1.56 3.76 2.82 1.66 9.6 -1.61 0.22702533250151724
Car 0.0 2 -1.79 686.93 180.01 806.83 266.74 1.53 1.56 3.68 2.61 1.69 14.76 -1.62 0.07380794262497314
Car 0.0 0 -1.44 442.69 183.23 531.84 255.08 1.48 1.54 4.05 -2.85 1.75 17.25 -1.6 0.6630201257940305
Car 0.0 2 -1.74 673.42 165.59 758.13 244.49 1.9 1.61 3.72 2.7 1.75 19.41 -1.6 0.13357689504635817
Car 0.0 1 1.65 509.9 178.27 561.58 219.64 1.48 1.67 4.3 -2.86 1.7 28.2 1.55 0.847362111875818
Car 0.0 0 -1.64 640.87 175.63 675.51 205.25 1.46 1.54 3.62 2.45 1.62 37.74 -1.57 0.3096958822942828
Car 0.0 0 1.61 558.92 174.18 582.09 195.11 1.52 1.57 4.42 -3.0 1.65 55.04 1.56 0.8872760271821746
Car -1.0 -1 -10.0 582.48 162.52 640.86 203.19 -1.0 -1.0 -1.0 -1000.0 -1000.0 -1000.0 -10.0 0.7723773109071282
