Pedestrian 0.07 0 -1.34 852.64 136.08 959.31 373.0 1.77 0.94 0.93 2.27 1.45 5.65 -0.98 0.3540859117864208
Pedestrian 0.0 0 -2.58 1007.57 115.4 1080.57 320.25 1.97 1.04 0.92 4.5 1.33 7.57 -2.07 0.9687729679760957
Pedestrian 0.81 0 -2.93 1218.25 123.54 1237.0 321.17 1.85 0.54 0.55 6.22 1.31 6.78 -2.21 0.3600496312939865
Car 0.46 1 -2.45 57.62 238.01 237.86 373.0 1.25 0.5 0.69 -2.58 1.59 4.05 -2.99 0.9375970540075653
Car 0.32 3 -2.52 167.99 235.07 299.01 373.0 1.2 0.49 0.57 -2.42 1.57 4.67 -2.98 0.7132049446983845
Car 0.0 1 -2.63 344.56 200.41 429.34 293.8 1.21 0.54 0.95 -2.95 1.47 9.77 -2.92 0.6371211307575367
Car 0.2 3 -2.65 200.83 235.5 333.77 373.0 1.16 0.59 0.69 -2.52 1.59 5.37 -3.07 0.31972614929995735
Pedestrian 0.0 0 1.74 513.72 162.17 537.38 247.1 1.77 0.66 0.9 -1.85 1.37 15.46 1.62 0.8126194527083873
Pedestrian 0.0 1 1.56 483.25 164.22 510.91 244.73 1.67 0.73 0.77 -2.41 1.32 15.43 1.41 0.23572309258977808
Pedestrian 0.0 0 -1.54 577.21 161.67 601.87 232.35 1.76 0.76 1.02 -0.46 1.27 18.49 -1.57 0.9165257171163377
Pedestrian 0.0 0 -1.65 609.68 160.27 626.18 212.88 1.89 0.96 0.95 0.34 1.13 26.37 -1.64 0.9203320362732748
Pedestrian 0.0 0 -1.56 629.62 162.2 647.96 230.16 1.68 0.64 0.91 0.98 1.21 18.3 -1.52 0.655553584085
Pedestrian 0.0 2 -1.69 698.63 155.8 719.3 215.36 1.8 0.83 0.92 3.14 1.02 22.27 -1.56 0.9107419112427015
Car 0.0 0 1.68 541.78 167.16 572.66 191.29 1.57 1.67 4.14 -2.97 0.63 49.31 1.61 0.7998305338944585
Pedestrian 0.0 2 -2.66 464.39 162.89 505.43 230.99 1.81 0.73 0.84 -3.19 1.32 19.55 -2.82 0.6040077704048809
Pedestrian 0.0 0 -1.55 660.01 162.33 677.01 223.21 1.67 0.71 0.95 1.72 1.15 20.3 -1.47 0.34673756503978337
Car -1.0 -1 -10.0 0.0 227.54 76.92 371.98 -1.0 -1.0 -1.0 -1000.0 -1000.0 -1000.0 -10.0 0.6394312240181639
Car -1.0 -1 -10.0 179.57 204.68 371.8 320.04 -1.0 -1.0 -1.0 -1000.0 -1000.0 -1000.0 -10.0 0.02371110565932455
Car -1.0 -1 -10.0 433.06 184.94 469.46 252.51 -1.0 -1.0 -1.0 -1000.0 -1000.0 -1000.0 -10.0 0.7417209541057491
