idx1,idx2,t_x,t_y,t_z,q_w,q_x,q_y,q_z
643,456,-2.937436420982114,-9.462118062737778,-0.38144768345205254,0.9897207056087117,-0.03506904194749938,-0.014050342982457692,-0.13793358926800103
0,456,1.2560998725642485,4.423578029741725,0.7104992860537669,0.0027312083750834224,0.010316161007021905,-0.04380193230323221,0.9989832371213204
645,189,-3.1035310654467634,0.31052895056353236,-0.08696141076022179,0.7261959021451194,0.03689389742934569,0.0352596376807823,-0.6855910661544015
2,458,-2.8592395644764514,-0.9008887226826201,0.040503252843851034,-5.060700659531571e-05,0.002147214574136046,0.0024905684743627564,0.9999945919739657
189,270,-3.502853046167723,-3.1657723742543364,0.1003833459215292,0.07379850919498207,-0.016932852925213366,0.026847129414377842,0.9967679219229615
646,189,-0.5282001412325825,-1.873329829364258,0.6046551758818546,0.6710972812890815,-0.05854199902526995,0.05138283935741506,0.7372659474138886
3,273,-1.7379640219027532,-1.1244866217801293,0.5995502053785785,-0.09292574512854944,0.9585488495185449,-0.10411072254606632,-0.24841470654917705
189,273,-3.750189371286033,-5.130562403127021,0.9746797540240185,-0.4423993242433901,0.0034362917718786033,0.07671436476405998,0.8935244462501836
273,458,0.3712517730314331,4.607998288335356,-0.34991547865189915,-0.029626644316724658,0.03024295080379955,0.9925734551420408,0.11404193097541167
647,635,6.997398750303535,1.4138964035249795,-0.0808676383943403,0.9954208673154742,0.024284251226442382,-0.0033376929856493167,0.09239281282011977
179,192,0.6081301638200889,-2.250093181019535,-0.5578199037992612,0.9409389838587724,-0.004303253198398375,0.010386165296168367,-0.33838947713717715
191,635,1.1020976259225725,-3.581198857149634,0.031011582993905218,-0.004363662914487754,-0.042025848605462206,-0.009197112340717961,0.9990646623815456
459,635,1.5121937352842258,-2.1222271408214453,-0.13245927463313656,-0.00020981644647237446,0.012462764299227245,0.0004561150382047552,0.9999222106954885
648,461,-9.081645776246763,-1.9185899191878466,0.6692243388701837,0.9994281435395915,-0.0191675298797275,0.027814074333484727,-0.001539145310539225
191,274,4.920987074156212,1.7800760933124082,-0.5407754006453211,0.04939878083477773,0.9924294362869319,0.016991167857957908,-0.11115248381418645
649,178,-0.04922954851995476,2.5904699914847416,-0.299932735341763,-5.185259633333495e-06,-0.00021379482671520132,0.00013242885322185818,0.9999999683637415
6,178,2.087737589388916,1.1448801502893966,-0.18309973928032353,0.988708804318173,0.003532251114505451,0.01486458520163142,0.14906866730663537
7,178,-1.7184447578071138,-1.2886307227593958,0.5157903795446157,0.013355241010151774,0.9914711404358821,-0.1286501722120823,0.015992135884046178
177,274,6.488988673483474,4.587656706195326,-0.6205634442884267,0.9971966521291741,-0.032591809011415764,0.06636863249230542,0.01148109702212957
192,446,-5.060978816166909,-1.3033855675706336,0.32983893073484194,-0.5239373089817476,-0.07080121026869843,-0.10889236074648617,0.8417953068605867
275,462,-0.9677937083057269,2.1319741082870043,0.20376524516066252,0.005347164736426769,-0.06948228485264515,-0.05573612872225905,0.9960105942589131
650,177,-9.384104058867557,-2.759842393818155,0.06846449128396159,0.9977263339878988,0.012860731962460667,0.06598104451119585,0.004823464073620554
8,193,1.4470827024171138,-0.8632833713444584,-0.7882169492066575,0.006817088812698749,0.9999616301637901,-0.0002405334457370456,-0.005496148101783716
177,463,-0.3146102180503961,-0.4400000648602118,-0.4795274667054776,0.726739950515171,-0.04972103787286237,-0.06842471505409531,0.6816853534350127
275,633,2.329945511287317,-2.1449811923461257,-0.17463760874992673,-0.6375006357382582,-0.03545303399108412,-0.029095959947165326,0.7690835110239308
651,9,1.39500176859752,1.0988920465275749,0.16637559829655946,0.0005273818214354687,-0.01518137856727988,0.007514615584323256,0.9998563787693867
9,176,7.126449287276136,0.1984212483697208,0.35159391083318,-0.06365399252584521,0.20378287957549615,0.9765606808507005,-0.027385102589816517
176,276,-3.193746984210033,2.4917492777359924,0.8453421881819095,0.11782877884123903,-0.008973869512029026,0.9929473118373471,0.009564750793926144
195,445,6.046597454028214,2.6943320083123528,1.1069556558467304,-0.4983144753358528,-0.03358388274713446,0.21887581470821255,0.8382411253489037
277,464,0.1282976423633333,-0.7640270244769609,-0.04211342533025553,0.9564573444980167,0.017486677082067928,0.013613876370656098,-0.2910295975508232
652,175,-0.5437916021020541,-0.30770947673765314,-0.3357337407409044,0.9917197898214626,0.09561586689620157,-0.08517135267890426,-0.009762436018115717
9,196,-1.708590352279586,-0.28008419115926664,-0.2880178690824281,-0.6132877721342049,-0.03176630809420678,0.02689082909114399,0.7887622541244721
176,196,1.6401575023748405,1.7644883351288987,-0.8066195933553815,-0.09076759010204372,-0.45717217940960636,0.8633925535500443,0.19315315538523303
277,465,-2.080012812822017,-3.4732927496678894,1.4161320956876817,-0.013241144089417609,0.892461595667163,-0.34982688764299985,0.2845314060774957
653,278,2.391265517573023,1.030981910138264,0.10259081970645023,0.9957625811348062,0.037664866945431,0.009693807633073525,-0.08333228607991285
11,279,3.146514003175334,1.4097220639724624,-0.01525920705847339,0.5061860255056398,-0.03172110128569599,0.030455489532693836,0.8613024686330292
174,466,2.541107806517398,0.24962504519380047,0.47513662376178123,-0.0013030755558488538,0.004483893102727926,-0.00871592094860528,0.9999511135144341
278,442,4.141750263507002,5.04972050558602,0.3433357621313229,-0.034165130121522086,0.0010688714914516841,0.9993028308605842,-0.015015113437359158
465,630,0.45120253887658546,-2.8356684547409503,-0.1430787196433298,0.8218199651001635,-0.002213009511120874,0.030431541076256275,-0.5689296695193473
654,467,2.6836922693573193,1.002065288973437,-0.20746443737133524,0.9997944322413519,0.02025194999799546,0.0008039915530855255,-0.0005526102189496311
12,442,2.074037148036961,0.17454816998845804,-0.1885401811641258,0.7696744289409779,0.020371966577617175,-0.016063588142701198,0.6379092549478503
197,442,0.15201517292871136,-2.0420118861136096,-0.7627860864947743,-0.08660938734889906,0.06091742334357488,-0.0653502857770024,0.992228412063015
442,467,6.377251943229524,3.9646868293935156,-0.19801317126653017,0.9722616664045661,0.034199373966849814,0.06569127403146807,-0.22186101815464182
655,467,-1.343773415730742,-2.0987149685906608,0.00015204222724829464,0.17372692047163923,-0.029823578000085026,0.0906804695377181,0.9801563975933293
172,281,-2.684298029231458,-0.24359995287291913,0.5427029553797229,0.9778186397355533,-0.058101063753842316,-0.056634348196680166,0.1930997793388725
199,468,0.40239466790038503,0.6173506787718863,-1.1264425421603832,-0.014705944327167614,0.9981173749760928,-0.004988489199091118,-0.05933427296083255
656,468,1.6091018509991708,-3.7496785150486684,0.08020666055640052,-0.0006285892389549796,-0.006318190931517441,0.00477943980798852,0.9999684206483941
200,282,-5.658719587871577,-3.0809519909007603,0.03721758910092132,0.9995919114165586,0.012314350839771677,-0.02573351849537861,0.0014674535201982808
13,201,0.8365045098985149,4.300903887037902,0.05373528031737637,0.9968838737342854,0.07336820579224236,-0.02614780144629923,-0.012487639764079078
201,282,0.09521092779486473,3.421377891344315,-0.03917053527127018,0.9953389908827112,-0.09303189478484834,0.022283562572501556,0.01219846795317445
658,470,-2.7231944828964316,1.1349593504299922,0.8476710670996703,-0.17612162501116327,0.09062450287475425,-0.1063205245991453,0.9744045970391834
16,470,-0.14737760556678198,0.735886881416649,-0.08527892169126666,0.012176576852593712,-0.054410527833800966,0.114434706853205,0.9918648714943086
659,17,6.52913332845148,-3.1600061813695217,1.7184679861858294,0.03693697428229465,0.9348431936981274,-0.3481920748135921,-0.0588739514909636
17,203,-0.7459171591023394,-0.02729227116339117,-0.09040276294725191,0.97439386586246,0.0006267423891213297,0.0017183654966867819,0.22484049587120142
660,204,-5.975929892416701,0.8805263448142695,-0.39302046519937317,0.005065514397229687,0.06584188470811057,0.028260251513326673,0.9974169363743424
204,285,-6.879792694962212,6.792678640801494,-0.8953298689314542,0.9999974619550728,-0.002020800575079385,0.0009956395212682091,3.391743259018033e-05
661,286,1.27481120534727,0.6312175558889799,-0.6649831019773427,-0.11526590400017164,-0.01945432744644927,-0.10845711815897656,0.9872043122065863
662,288,-0.016377765102097097,-5.435444318343475,-0.38145732476251365,0.12278934610175084,-0.10945219284840929,-0.003405499707520356,0.9863728486410811
165,287,0.5044784422257117,-0.16070256393122984,0.09210555093747234,0.15724717710168742,0.974498132205144,0.03308168030688202,-0.15662796062743614
663,288,0.4512822220934902,-4.6757456963738075,-0.42029033187156806,-0.05506971800309412,-0.33379118621911247,0.9390771336289615,0.06070343694315239
165,289,10.546317353403012,-2.2813850350904676,0.03541995595415137,0.9939405788634307,0.009393412151372803,-7.91211010343445e-05,0.10951658886503918
664,20,2.0990508919415625,-6.586251517788016,-1.3686199886862638,0.16473307194523554,0.11541389554690605,0.9776978580759805,0.06041147271680811
20,290,4.671216836920608,-1.3341206856009349,1.393561816709292,0.015495827930231212,-0.029691985086938495,0.13794504359733759,0.9898734415496167
207,290,-1.896196276055223,-7.8609842111020445,-0.2616851137887318,0.9020378119361824,0.011862481059885872,-0.05038363452671506,-0.42854236284452274
290,477,3.8991514875035156,3.8510317087058175,0.12337036967321113,0.42302993412592954,0.050966299873488184,-0.04256710288967346,0.903679231177854
208,291,0.1528699883506901,0.48661594350747617,0.0830808385877988,0.9865176709941531,0.1604436140226893,-0.0280486296210406,-0.015937562925116278
23,478,2.7037677899641537,-0.5902407329324784,-1.9397726032879674,0.12487595914782962,0.9856152972867114,-0.05644985558839312,-0.0989034599262667
211,292,0.21528370713608302,-2.0113717462240936,0.6387408278610116,0.982601905684922,-0.029983754260236566,-0.18141520916010873,-0.026134102437529932
669,26,-1.442592799490661,-1.1743606895162246,1.2256624836293466,0.7783286588022982,-0.06257293981857726,0.012649667937050788,0.6246031636091501
26,481,-2.839291948547236,-7.464985009226096,0.5391439302027319,-0.5223929999874358,0.04704779865892241,-0.07467660160049548,0.8481246744311105
670,213,3.846918925832897,0.8418117419425946,0.25008863574470597,0.726652838444071,0.08440968689454449,-0.14697739354909878,-0.6657689561139458
213,482,7.229209346437462,8.312390998650534,0.19003772978014433,0.9453982815441571,-0.047312486569347334,0.004556845563557932,-0.3224327108506363
27,483,-2.0181537758046746,7.22873282056948,-1.937979364820824,0.11775460732341468,0.9920451806943372,0.01920110904463102,0.04014385789513169
672,29,-2.384820916627184,0.12911132564467565,0.023482679438419196,0.8552335714890683,0.025786481172924005,-0.051545427936623,-0.5150278288069506
29,296,-13.392068304980771,5.220303716579544,5.3625649495297605,0.191479113640689,0.9368524340955485,-0.27026096636913405,0.11225985847952966
297,484,0.7086318366494506,-0.8955222960207068,0.19281871194028466,0.5811742402769072,0.021016347443575757,0.006558656049533669,0.8134812841175355
673,301,-9.458757652904579,7.522030235890917,0.11788931664127134,-0.40430143800803203,0.023742233283610716,0.023554886915613932,0.91401412510187
30,300,8.020195249676984,1.8780741254225062,-0.5850422371459681,0.14979631818539968,0.020833637097348968,-0.0027015437707638254,0.9884936642612582
31,299,-8.610630467040876,8.426954889335574,0.532025849192279,0.07448068282797983,0.9971975303986,0.005793182432014738,0.004018991132167722
32,298,-6.14518779255271,-0.9730825263008402,-0.11999173862621426,0.9934503915115379,0.01584089730756949,-0.0024733936957721018,-0.11313384949558167
216,300,1.558037960740659,8.161411669424409,-0.27462032121154856,0.9963631683704868,0.02366621974097735,0.0817281988073437,-0.004565991415236281
217,485,4.940757407201584,3.892399810170537,-0.36287055609103314,-0.00025356280139116055,0.02065381124709682,-0.006057184178849035,0.9997683063123669
218,487,3.035779215666015,1.758278462113212,0.9982979480328472,0.9993047062877057,0.022171664162450234,0.023517623722823455,-0.018586088182872433
300,485,4.430507995402829,12.085179936141518,0.05470123381937775,0.8610314539553858,-0.03144744300778401,0.013391713784914787,0.5074017694388238
674,33,5.39707188692196,1.4456300459841396,1.7257768306166263,0.0014926354197533631,-0.008928918218821892,0.01886894873082033,0.9997809806316278
674,302,6.978292663154495,2.7688153128062956,-0.22626287023133163,0.9951372166879163,0.017008487379801835,-0.0034575882252350565,-0.09695708536947027
31,303,9.582286286187475,8.234466433725323,2.069184856477441,0.9975292516932388,0.03821781386668467,-0.05862650296869236,0.0061419760045388315
33,219,-4.1596254130917085,-5.287486805207971,-0.4700424335915079,6.25561502841654e-05,0.003742443950022081,-0.009059506581101088,0.9999519566161746
33,488,-11.823252168251436,-4.918042679587947,-0.11204888188890932,0.00025808042478137066,-0.01653691566877751,0.0058076679488572236,0.9998463556005263
34,302,-0.44192525822094125,-0.2622444301747473,-0.5346900762891587,-0.5791765466821509,-0.004936214341036375,-0.028865682422887274,0.814675968676859
218,303,4.642531547359253,6.252315323395089,-0.5212416225437236,0.26180769294287587,0.020735146745112513,-0.006589718295948746,0.9648747904356128
219,489,1.6627769278905795,-2.281668274982185,0.5211512868507707,0.9427527178627669,-0.017902834887206148,-0.0012036036368079613,-0.33300953860760935
221,299,7.958261981279232,4.846356361467333,0.3362967547852407,0.8932051209864877,-0.04291299563163236,-0.001711915108100654,-0.4475937398982428
300,489,-0.9696111128561267,-0.4159277043181293,-0.12966761088148893,0.9989349978733602,0.012190808682000464,0.04439124562737644,0.003109906602937306
675,32,-0.9394537550799773,2.5276956714649153,1.6623739124876256,0.9999862435191169,0.0007298870386016551,0.00518789251750832,-0.00025653199264003
675,487,4.6548401836713245,0.04328303780150089,0.44446183691940433,0.00020104341702675832,-0.003439665174538281,-0.0070581489887315985,0.9999691549332332
676,489,6.190111815489,-0.03877854624111876,10.262573599407006,0.3788936577814919,-0.05326257519627079,0.8987224117103414,-0.2142445352067842
678,36,6.203812137091258,-1.1137112968943121,0.09627731492772279,0.0013479790197568622,0.028895266297808798,0.012903525132179594,0.9994982469105708
33,490,6.4523091311354275,-3.5326164468959593,0.6668933110695867,-0.03181381942439025,0.9830406274953615,0.17339467124475494,0.05053012538161189
35,490,0.0761095620732195,-5.1143366380782025,0.3511245463690773,0.766622843477667,-0.03849391682709847,0.017681214542919182,-0.6406988441364728
222,303,2.1198422419584215,-5.545448297182166,-0.3453435033264105,0.9999529077116505,0.008745307352023593,-0.004206326280124538,-9.36886300536566e-05
679,36,-4.832387671481207,2.3355399670908863,-0.5220749295426073,-0.120616868168866,-0.5185233562211704,0.8356718942991324,-0.1350466039734703
35,491,-4.69943009285263,4.250729215595062,2.8486940809379053,-0.24324222551816363,0.9467198047013632,-0.1122067982013012,-0.17878608880054464
223,491,-5.6669366224089455,-2.9800165062032313,1.2312184240046844,-0.3527657071663422,0.8548683791779503,0.355354518260752,0.1359396060048856
680,306,-5.037417943978937,-1.8935317508691225,-0.027102769756842893,0.7947639108786584,0.012274022002948902,-0.014163066485396721,0.6066292787992196
37,306,7.091293403381065,-1.8208774076283842,-0.2735088272298217,0.9832425270126108,-0.051363534216909854,-0.03201828389371003,-0.17196147802082104
224,492,-3.8653510837568845,-2.0965938428158366,-2.2617480672188592,-0.020192867248941152,0.9993395714814949,-0.015825350970164746,0.025733776444977517
681,307,-7.199281323116216,0.662315699069882,-0.026538898220256568,0.8079122295936915,-0.029373776625143767,-0.007006591467578103,0.5885286043989137
38,492,2.597811012318535,-2.8274982539589466,1.6465401842221135,0.447261855550287,-0.33131675471085675,0.12950229905186722,0.8206187879629986
307,493,-0.1457667755433385,1.1654599966801207,-0.3274568914050541,0.37346963238597897,0.0152274307467312,0.05823553987817537,0.9256874099464855
38,494,3.488179300195639,-2.0282800181641716,1.0863872508318766,0.8525905008717355,-0.03971701000493063,0.0010732021352606654,0.5210670256087296
307,494,3.9753860275950297,-9.284998031045193,0.6391537144482065,0.9320104926922113,-0.1633736636246773,0.058380778597185705,-0.31820932141572944
39,227,-1.4957102351278155,-7.222735509465068,-1.9147035770125034,-0.15706224910544203,-0.02378644069735919,0.9841719524447236,-0.07855713313272185
40,309,0.7312896389673673,1.8397985111694721,-1.9562042303663096,-0.1953968913192918,0.8713869989101344,-0.4479151682555352,-0.04332153090279752
685,497,5.970503880851565,3.5362489693573584,0.4650608416739239,0.8178058614870193,0.10128619827469629,-0.08783699196180751,0.5596600234067416
42,310,-0.0929766992717278,-0.0959950416509896,-0.18658278769377323,0.9994169858776727,-0.0208257129207181,0.02702887957306354,-0.0011906676935091176
686,43,-2.537903246134564,-1.7923299771609922,0.11950726680714907,0.602253152797762,-0.010540296824439608,0.0326560312405474,0.7975673173542309
42,230,3.3881042053599018,1.1612355084364816,1.8450186712115477,0.07890907412585342,-0.0032631678080592007,0.9967960814378135,-0.012660244337164558
44,311,-4.881337436131374,0.1008177742219869,-0.30741682286223093,-0.0016560616760313287,-0.01293023499277736,0.008793945072873179,0.9998763588628407
687,230,0.025878742027755308,-0.10776564776025599,-0.04468764945449499,0.6247438376001903,-0.10629834970695312,-0.06735316341924569,0.7706227024994694
688,231,-4.406566135211943,-10.32367441126516,-0.3210151153286732,0.1682025874241786,0.8634285264579127,0.46922710620040153,0.07762082252415452
231,313,-2.005798653103249,-1.428878043393591,0.7231010036472594,0.2975371140590184,-0.0463588346890489,0.054582052537278804,0.9520206530031383
689,233,6.5527257841296045,-9.096906541131633,-0.07730831833665186,0.9951145568075155,0.03392702101365862,-0.06963998679579983,-0.06120660351629955
690,47,-0.013546808554746548,1.9410072375372138,-0.11045761126755904,0.005383570529220061,-0.03246733401921931,0.04177371284400261,0.9985849219296615
46,502,-1.312192290227717,-4.624306334196312,-0.5053665396138639,-0.11709530955732468,0.9709950078359896,0.16339388364058202,-0.1294597312916605
234,502,2.642458530772463,3.371054759996965,-0.061586936341335496,-0.5822306934005415,-0.008510926145099476,0.05654028636476702,0.8110105916794597
691,503,-0.4853934664398708,-2.032659267501669,0.1061535233301969,0.9998521864552823,-0.008947153216824478,-0.009576796954648048,-0.011128281538302828
234,317,-3.3413956844489823,1.983868766177121,-1.5251700461425917,0.11570203682120586,-0.3748379907091771,0.9001843956842654,-0.18914960524168445
692,236,-3.9207484303041524,-0.9371749872487356,1.2363075917664068,0.782008915356186,0.2101831015790013,0.12696319450180799,0.5728572835846367
236,504,-2.9741125638583057,-1.2378718238851159,-0.14901874554543465,0.05248635530226303,0.22568498738601672,0.17138943315806926,0.9575683428233276
236,319,2.5581559185491978,4.709166251840226,-0.15527566678083315,-0.00021666262896524735,-0.01378850669731985,0.0063959333619102235,0.9998844544130053
694,238,-4.464787807368349,-0.4682396153522709,-0.289350738071807,0.33476013304212926,-0.03196769770333764,0.09281574044406651,0.9371760549411106
320,506,2.328020740682723,2.6991734239622422,0.2670077305358608,0.5906489804099433,0.061131631575453795,-0.022037886992330114,0.8043077999736982
239,507,1.924138005347529,0.4343524266015144,-0.22767860974451581,-0.2966813502739492,0.013601883600747613,-0.04508261831038515,0.9538148262049705
697,509,4.299783311383478,-2.510658354410981,-0.3173651789760732,0.9895354751552893,0.12485300242119136,0.07121480734887281,0.012638133164071755
698,322,-4.051495159785108,4.8727907568163475,0.501682926760679,-0.7053565612325625,-0.046122308665647156,-0.02130415783701081,0.7070296931730523
699,510,8.628588426130788,-4.312466898115038,-0.26523485989277634,0.8488055929173398,0.008364287154007922,0.025074647544095323,-0.5280439055449727
700,326,-10.693631610780741,-4.948560585661394,0.09533015559767244,0.9988762448695999,0.04686866633865242,-0.005320411415195959,-0.004611808020305198
702,59,-0.5585413198731116,-3.2277976176163117,0.6199483477147517,0.2640366518797011,-0.01588632684622612,-0.0028528858108967823,0.9643775879426287
59,327,-0.5241949830635633,-1.8029965932749066,0.26372723322526914,0.9624319407338195,0.022200212227320396,0.10577277413445572,0.2490863912065388
246,327,0.4461319816170213,-0.04528753294433674,-0.1451770823569809,0.941440773250328,0.06430805099901823,0.05745102867175661,0.3259649127484263
328,515,1.507705208530272,3.715764127166106,-0.26433373962161477,0.9985584809485831,-0.05361617650115448,-0.0014539212569766662,-0.0020376103734139066
247,328,13.289234494983717,-9.818246350806504,1.6940609867873984,0.9637359114927635,0.0669400901668012,-0.24961082504483526,-0.06653234738162639
60,330,4.464421135381576,-10.278844844293026,1.49982882950525,0.9997094538274783,-0.00045801030844506985,-0.0028202281825895972,0.023934169455418815
705,330,-4.178914733077962,-1.9957199266553962,3.4876487490726236,-0.10557288986372321,-0.05995563766981449,0.9597269560677213,-0.25334533000316806
62,330,1.7071799305268727,-1.0780128988935098,-0.5662200755571594,0.999101742377453,-0.0002910319892639351,0.014349507610863298,-0.039871234117401275
249,517,-0.7765602903588839,5.96200211660304,-0.25325081979042474,-0.2835967272963826,0.024199195239974047,-0.0017612321258146763,0.9586366325557968
706,332,-0.8564735070480165,1.6608229119230489,1.8064437005919567,-0.12775702148446114,0.26405377747357256,0.9558163099014857,0.01920749306033796
63,517,-4.559411857210943,12.668486508706444,0.7013305878669229,-0.45883995059221233,0.04661122612094773,-0.004722846381785769,0.887282924473413
332,518,-10.070866403768058,15.950588328961839,-0.6916396814438983,0.9999994338253647,0.0010014340993787856,0.000312713418597288,-0.00017801407953088602
63,333,6.534006133756752,-0.4397617687824622,0.0028825806040557733,0.9051199352727638,0.020501535341217552,-0.04105563978166189,-0.42267247871442876
251,332,-0.4298143699831631,-2.317941557215056,0.697402730326594,0.9997862896591916,-0.0004565167868021275,0.020593359461920542,-0.0017550350431197632
708,252,3.2550420450247013,2.1214164161294873,-0.01708877148435728,0.6209670102746202,0.014190846635419564,0.001298304327743038,0.7837071560399601
65,333,6.702773588355231,-2.5247080310587617,-0.38129051899933897,0.995302425466174,-0.06329667070590264,-0.07304331267881929,0.005593550894020027
709,252,3.87889800881309,1.7356206230729876,-0.10178635649349993,-0.0039096458286382845,-0.039454717237437285,-0.014666557567630155,0.999106066464579
66,252,5.834463959940255,3.4420438706457035,0.04838220167429874,-0.6981873032892791,-0.0023549529970975113,0.0909462585784362,0.7101110629842419
253,335,0.2155631963939747,-0.22451317092118894,-0.08703717443894858,0.0003140215723393957,0.0030444602358255237,-0.011104910014054186,0.9999336546120969
710,254,1.6168342208277489,1.7852599077366809,-0.16942096270881324,-0.6770694841176715,0.011751512406974873,-0.007715115024894476,0.7357848140814891
711,336,-0.6298189522792127,1.8946829885592704,0.06847727642895851,-0.00020667176446187432,-0.004507843236830755,0.011723795192928332,0.9999210915179298
68,336,-0.988568313836129,-7.6590772956719935,-0.28477374152688917,0.8612879413515803,0.0005616804898220213,0.02916221296248305,-0.5072793430965973
337,522,0.20421353112524165,5.665219407172018,-0.30061232077139016,0.9999322441632186,-0.011323529495136533,-0.0026953054662040327,-0.00014174246429565776
256,337,-3.070452425041057,3.8217707857355494,-0.12116333899128862,-0.3071265028212106,-0.06021659184991944,-0.008478374955931775,0.9497238495946596
713,257,1.417890807533659,3.790071306130932,-0.6533930864877354,0.013464585255837502,0.9997969746343265,0.0009327593099989209,0.014961430947804406
70,257,2.126085986076367,-2.949654102508991,0.07977964847821908,0.7449936872005993,0.1573525687866764,-0.060709590111764675,-0.6453982652563851
339,525,1.0020283174544593,3.163033083082232,-0.183633669577287,-5.940348429210249e-05,-0.0001239354993317638,0.006618369964125842,0.99997808890507
70,526,-7.444031749496546,2.7094714554073507,-1.4119635097757257,0.08601745049120486,0.01990880490203329,0.9943102723799012,-0.05959630809179924
258,526,1.4971013586355177,-2.0698649412709527,0.02696275845317421,0.9978768955054254,-0.006303917643478174,-0.06477489922355668,-0.00248484795850526
715,527,2.0088394357676616,-0.7081879681761958,1.0857018980900985,0.05768564903361433,-0.1817989061135743,0.9813193195298762,-0.025177703407956876
258,341,5.137225532081214,-1.1098939171416444,-0.12085918014063772,0.31663619683854977,-0.02577081853629605,0.07950461690542585,0.9448578727270626
716,259,-3.3623213018518623,0.41444461613024797,-0.3763776913418191,0.9083849729985214,-0.010922878742814673,-0.004461022088080733,-0.4179683371170297
259,528,6.779215607950586,-0.8786590871120603,0.44043109685492304,-0.00048080935272709624,-0.029182536453020373,0.009104127941315926,0.9995325223538065
717,342,4.623179692838004,5.823618512893613,0.14118880645461301,0.09744072816880162,-0.04068377798679399,-0.012497149612570264,0.9943309086789045
720,264,-2.700188995578209,-2.1939373955968318,-0.3927038878988381,0.7254706552135256,0.019633641590195143,0.07295111147273478,-0.6840942799620957
721,347,-2.2492687340957254,0.5665896440204313,0.11948346790810915,-0.5708904369210162,-0.12282697782762017,-0.10758478305474331,0.8046260976409654
264,532,3.2958646497687845,3.2954983645966776,-0.24442132819414858,0.0009301981646902547,0.00511643839847531,0.007868944246402195,0.9999555172636111
722,79,-2.3660549764813696,-2.777863301594382,0.26472890081760914,-0.01619214850045825,-0.11766262058509996,-0.0661320386695912,0.9907168493093219
79,348,-1.5193943573062663,-0.30891427147286277,-0.3455364606568232,0.06772625914198052,0.9644014938060769,-0.11925957231164462,-0.22609747229742386
348,533,1.0472974461224276,1.152574977578303,-0.08101124082185795,0.10642262998439775,-0.011597748591054915,0.002614993365764938,0.9942499071483586
80,349,-2.4356970174433847,-8.413977423552337,-0.2199877708880481,-0.0948337536337306,-0.029611771907961465,0.003536122123136864,0.9950463295628692
724,267,-0.04451960542955291,1.599687344488056,0.10350308879560455,0.43355902843181143,0.05849901667192945,-0.07929058842252032,0.895721740554114
725,82,0.4114811740741123,-0.5774243739424328,-0.14373325681773208,0.9347832071463906,0.004398910695432915,-0.0003902964078271499,0.35519129056117865
81,351,1.268210030779887,0.11655463495302576,-0.3448558734183268,0.8095535928422349,-0.019147411183684414,0.025323164827779823,-0.5861869107070687
82,538,0.8901358160776969,11.608208592260333,-0.046364977465807256,0.9639593418801254,-0.0422919346356571,0.24806504214231564,0.0863569009039805
84,536,6.0816024294041915,-0.3959004206394834,-0.2814091656297115,-0.6376526669101183,-0.23177854476006302,0.10257715892095562,0.7274308964011813
352,537,8.175685168330215,1.1968778779282228,-0.6087009616145186,0.9876739455067239,0.10644293179809633,-0.11409073781493319,-0.012384796415406074
726,539,-6.717917111567627,-1.1967515675664249,-0.4310195078443948,-0.00034905743688157237,0.003078135408711615,-0.00745042719101153,0.9999674466581314
85,538,-2.583641749721497,-4.781273844469162,0.05074337149534358,0.965045374274008,-0.08903422766523895,-0.033388283661107986,0.24422439356165812
727,352,-1.5888497460866655,-2.714278609997398,-0.41720795711110836,0.7585011340100194,0.027145168733136386,-0.02131167275892446,-0.6507572374735303
728,353,-1.6085831281895087,-1.0832715221466716,0.30117033790288716,0.8059847358793899,0.00924864890705024,0.0062096131513411255,0.5918314867657304
729,87,5.967118928178374,7.805787324802607,-1.5515072975047262,0.06208990105286605,0.9920104981338753,0.02082347046509553,-0.10782578011410487
730,543,-6.8302340822057745,4.53696227701696,0.05525541578153059,0.9996966223864294,0.0024305850013221007,0.02450517877769294,0.000501656047052587
731,543,-10.876360486980165,11.557837016555798,2.2846990674173338,-0.026311909459248724,0.0024803200480997822,0.9986011291828174,0.045796465233351076
89,358,0.7004012930529415,4.445500358153961,-0.3528213370461891,0.9956861280001114,0.0024254643447545335,0.0029355093751341752,0.09270725114879935
90,359,1.2594585992362282,-2.169252652068111,-2.6627804056939786,-0.3344279054950955,0.6684149056129796,-0.6541842577051324,0.11585528452056025
735,92,-0.9383584019065075,-6.842217552150233,-1.024724104491538,0.020481226856788437,-0.11686866626828872,0.08086708747240408,0.9896376853954394
736,548,-7.897549833952833,0.07990955957025347,-0.7681736678745053,0.8250862389408132,-0.01751912531760565,0.16516782013021467,-0.5400420073957604
361,548,1.7185484824641875,-1.8110148903771224,-0.1949009590922648,0.13301215418075646,-0.1061122646450615,0.04900942693064945,0.9841981661251052
737,549,1.263302499353999,-11.9679862532405,-0.48167127734057624,-0.3993424168772785,-0.02143185883217233,-0.028228438837872884,0.9161165126502133
738,95,-0.6548525592423066,4.985594665956749,0.2597451751116203,0.9994416143057231,0.029384969386524625,-0.015872432937362936,-0.0010242269145401828
362,550,-6.698463257070963,-2.5834967889596046,-0.20642738468232916,-0.0008993654413538277,-0.014103997397492962,-0.020097046552808397,0.9996981430007104
96,552,3.561294611587963,3.77493102590802,-0.5452515489125251,0.9294338626347011,-0.10898938914038378,-0.07028093224756742,0.345448402232748
97,366,-9.928122119257647,8.76855722170278,-0.7212136351466485,0.08082683541821498,0.9144459163428275,0.39077726284482955,-0.06744493756914954
367,553,-6.035669762766183,5.645848476779404,0.765269371349593,0.24119942604505193,-0.08566309467580487,-0.0645389453819003,0.9645306607957539
99,367,1.7708621380379044,-0.40147223628739326,-0.2656772691111192,0.09428569233886008,0.9944955002465395,0.007362836853148924,0.0451076140251378
368,554,-0.06288367802364903,0.4932886750579284,-0.10503794196122501,-0.6683260239162044,-0.12488334594737673,-0.045681047279550885,0.7318864102992951
100,369,-0.5599467432826288,1.2216655602263558,-0.3533533901907876,-0.40790228612957796,-0.03295418123377534,-0.04805357246558648,0.911164420443846
744,102,4.059330729328476,2.530596840534105,1.4401443728714378,0.010787419385067028,0.002391823720032799,0.9981196261267659,-0.06029197876059532
102,370,-1.3210929684312716,1.5975914302988676,-0.31903270080346235,0.9466123321464012,0.03495097079840192,0.11058915721560544,0.300788232108477
745,370,0.39571264917682447,1.5798475468974065,0.6980488760883086,-0.6708039044610421,-0.09834546118262265,0.06470746083141449,0.7322316822818781
371,558,-1.2670523879792417,-1.0337152241183984,0.239125684694802,0.9793890711117068,-0.013450633837820806,-0.01895753336664413,-0.2006408227778229
103,558,1.8523415254857358,2.099820999947159,-0.7478315127599617,-0.5951418210027994,-0.01847428156997461,-0.0815594094317036,0.7992577660223871
747,559,1.939771439590107,-4.557435894817637,-0.5044677634726182,0.008111277569273297,-0.11344109147710961,0.01729461169902387,0.9933610735008979
373,560,-3.9038435162823415,3.5301121788267285,1.4369517423715807,0.7443770054678283,-0.2085699207917155,0.08820986309266927,-0.6281882535712194
374,560,0.19584003634069735,-1.675947573765314,-0.1051666513537815,0.7585133344292714,0.07099235704991191,-0.0071025237007441115,-0.6477400411357681
750,107,3.287783374424226,-0.5690909889594471,0.2752124507147944,0.9561900599890842,-0.14531975489875731,-0.08806741671384641,-0.2383838671713886
375,562,2.3033848928431144,-0.7600400704042629,1.1330694975560536,0.9984662894526061,-0.012696435386927165,0.011896135661922576,0.05255807560711614
108,376,2.3055580497753736,-1.6521521108820394,0.6511945237333867,0.9912720587871118,-0.12007514945769741,-0.04646104246522365,-0.028337880720286427
752,378,-0.9419021632153899,0.7317704804198342,-0.32841286057013486,-0.23203700695542406,-0.02393302286873779,0.03173480700662822,0.9718945106562672
753,110,-3.697390438965359,-5.475221292668647,-0.4850852947356852,-0.3759501082500151,0.03730848284650303,0.10343549709351914,0.9200927622558014
379,565,2.2560702715576295,6.07524467106427,-0.15354675387102346,-0.0019957769995767594,0.014264596783772808,0.035981349125998506,0.9992486580765758
110,567,-0.17382243540877074,3.1129980446995678,0.21724536603698524,-0.021403760798104503,0.05169775520522373,-0.15682134264936953,0.9860407129627495
380,567,6.892089598285958,-1.3434344056762941,0.954332085595752,0.9993722687904363,0.013120090045707269,-0.0327570392367696,0.0031476960287106217
112,566,-7.720889776772758,5.93914878520009,-0.415271971918846,0.8603216092533492,-0.020041778351799416,-0.002941460069825094,0.5093489997878495
113,381,2.677593792969189,-2.3848284787382825,-0.09730699601205228,0.5857788908207564,-0.011959066711274053,-0.04028138893933618,0.809380924841522
382,568,-6.719570389897946,0.8761225983218117,-0.11847193297475211,0.9999421439649416,-0.0021426785309015405,-0.010506678453566258,-0.0008528536700836145
114,570,1.2792080165208453,7.021516661970158,0.03523573297499727,0.9905370621384234,0.06794146341974482,0.0751806917614478,-0.09256430016391241
759,116,-0.974068286813526,4.089365792640001,-0.19258823546723347,0.8406209073685487,-0.060986601570347174,0.07188367248440028,-0.5333571619036659
115,385,0.10173964466158703,5.705870429770163,0.30923157917861377,-0.5838938411570155,0.045555909399566594,-0.026896900899492957,0.8101044365387017
117,383,5.204574539805848,-2.752834396223052,-1.0111182005083228,-0.016240190233942117,0.9704865374765232,0.2405245505740539,0.006330668933355501
384,572,4.485328751632046,-1.6197481252748556,-0.17633063170470287,0.999992484460611,-0.0007703515944699338,-0.0037975781869187186,0.00012641451639297527
760,118,-9.371453673159058,1.5331392955337433,-0.4068301517199116,0.9990016929977386,-0.018920904836561322,-0.04041183824465379,-0.0021213386118033584
115,387,-1.6825026092050894,7.401457564472644,0.018487256370091687,0.9153442295099772,-0.019383797344304544,0.001708801200134793,0.40220180245961057
118,385,0.09328341881998037,-6.392925122988611,0.4175798723947788,0.9918192043733054,-0.06272277017792743,0.11117565078738616,0.0007032848010517927
119,387,-2.630081139388486,0.3888739474604861,0.5846492552505871,0.5534875905517939,0.09768799602262723,-0.03224684913905408,0.8264796931920687
386,574,8.601295979323577,1.2128188349595392,1.8405517454900315,-0.011075721531750066,-0.0015577775229213826,0.9999358544402784,0.001785700571296261
761,388,3.7242289978942615,-2.338700594577915,-0.2705397262872896,0.9937548276410668,0.05403490389016464,0.010974794301311378,-0.09701095603950172
762,388,1.167874232160886,1.4911912354717374,0.9759106350554205,0.9923564965865659,-0.06386347208922691,-0.10447351901382605,0.015340288133325164
120,388,-3.586802682625451,-0.09056812493836983,-0.2689166615865588,0.009082879506515653,-0.10160640909539564,-0.0743489529628727,0.992000943610405
121,577,4.971097901145426,-1.283000595654309,1.231605672464286,-0.2968872678081839,-0.38402489747349033,0.2327844370785089,0.8427302262218371
765,578,2.4659205365679417,0.5595553236814792,0.2673320728962043,0.001984530486829117,0.03688564865168441,-0.031003029975508623,0.9988364844631124
766,122,-0.03603497782409493,-3.837266987785736,-0.02453967051288586,0.7417777624450559,0.015440076936968153,0.05038481327776376,0.6685721544883182
123,578,-0.2516424466012039,2.3527996678763428,0.903767711342396,0.0173183923027045,-0.0007471617731543148,0.9997506744018814,-0.014074944771395634
767,580,8.097115993430352,1.298819285980084,0.04276111405266175,-0.010869358520608594,-0.014043046573335884,-0.17218028225383236,0.9849053763135219
768,124,-2.3796242683059163,7.443571422609121,-0.2987335099043619,-0.00023448291682157119,-0.0005655953944446804,-0.003963877758718726,0.9999919563640126
769,125,0.32553242595273413,-3.0174403631096762,0.49978464515939697,-0.0855752346162299,0.0300524651363846,0.980675011162391,-0.17335008232258786
126,580,3.5566725775807675,-0.5208392114767086,0.014793863717413425,-0.011853257652586827,-0.07425739495162258,0.11418204113868183,0.9906098127211463
770,582,-5.491467838323738,-3.316149137145584,-0.49349710850436135,0.9726359094299886,0.0013218364839821164,-0.005841728436736737,0.23225743183906936
771,127,-1.1615122041995303,2.613787939874429,0.08494766409539223,0.9849397661479096,-0.00034868157060916256,0.09172982503910089,-0.14655775202956434
128,582,10.746049487342276,6.421244067364848,-0.30527105560583323,0.0001059695081991885,0.0025101749202051595,0.0032260500292411493,0.9999916401618276
128,398,2.791905168201636,2.119218469651725,0.08601005058629407,0.16264366271654793,-0.0934577351647588,0.06595611548242758,0.980031877821578
773,585,0.2778183157624614,-11.793106494049647,-0.16013893790820433,-0.0028942262398943814,0.01180282917259141,0.03812122930210926,0.9991992236558689
399,584,-3.4081183014498437,7.78122316064555,0.10726098919770544,0.004861930530989711,0.024961317768502356,-0.034487849065470734,0.9990815194535475
130,586,-5.712439383770366,1.5286259912283167,-0.2514583662488403,-0.0024972889696010534,0.04228899835280838,-0.042947943185638326,0.998178780751345
775,131,3.657492335938265,7.507572444947543,-0.5480086301488474,0.6866786915451379,-0.08873276932644054,-0.014097296808481517,0.7213876464482959
132,587,2.11951413270463,-2.5371618084867933,0.1574141991332229,0.9202722809626042,-0.019652195204390686,-0.1399066084672305,-0.36488198232131336
132,401,3.855882106513605,0.9173608005442092,-0.42010616163256165,0.7176457415206262,0.0026025006447827066,0.01890939647145805,-0.6961467168584433
777,134,1.462293194211631,0.7932860782554003,0.22189151544409147,0.9957044988647058,-0.01025698928314131,-0.091472459194052,0.010006713767422987
778,590,0.5538145553618545,-0.14341073898638568,1.0423556362649233,0.9982314571849992,0.02159946009517407,0.024730786071613314,0.04955612404325296
135,591,5.522281294871076,-3.1152388373553066,1.0194398080761615,-0.030933784906420854,0.8000786395527261,-0.596716072627609,0.05335916182535638
780,592,1.8007767891489646,-4.827652999930573,-0.5219955415428175,0.8133873936725033,-0.025612393962830944,0.024081389855227012,-0.5806591424861794
137,405,-9.148917110723783,-0.6506788369952602,-0.34455432463386804,0.9999916808150093,-0.004005585733710049,0.0007697936401786993,-3.164575874545216e-05
138,591,7.922876358859817,4.37965248007411,1.184169754674667,-0.002409276980098463,-0.032898244446869146,-0.0566982621353678,0.9978462847390757
406,593,-6.2233161680751685,2.2869744613917806,0.055245166018073055,0.3622991859801256,0.011603735920492927,0.026393838906940803,0.931615810524156
781,407,-0.30578042651989934,3.124472283871566,0.8118262266747855,-0.05125809701589128,0.9907354449637861,0.013524302176462721,0.1250319112601183
138,594,-3.9096558317399577,-1.4275563880952276,-0.4157883110129908,0.72464869609853,-0.0030510637173594337,-0.02116350639697463,0.6887866609116919
407,594,0.795811899515193,-2.3751343808097456,4.183763410490771,0.04708589936554685,0.9126300492704903,0.4003531365909386,-0.06787250747745555
782,408,-0.48309529486703773,-0.9303032819189901,0.8108670491801474,0.9987254446929863,0.034573788669818986,-0.03603328856483902,0.007330850906584696
139,409,-2.3830770314650085,-1.705550009880473,0.39143669939458403,0.007536934240425784,0.028939396930000173,0.056928803432772866,0.9979302667357555
406,595,-4.360249544413168,-5.196833046671021,2.199163241108562,0.6088722065772814,0.07420500513690034,-0.007077799049839599,0.7897582908909252
783,409,1.1466141555505636,4.0932375852128535,0.003857191929829251,-0.00015848597848355797,0.0076655705178408085,0.004546353904758125,0.9999602714993248
784,596,-3.3878391608876846,3.856609191833577,-0.11061360196293091,0.20202780966502046,0.01821218380352627,0.02991550109674799,0.978753361821655
785,598,-2.7473385383208746,0.3974797971946724,0.13745009223322316,-0.07415215666879299,0.9767674796484442,0.1490334263244115,-0.1349658705028761
411,597,-1.424556347011968,-7.329690518846969,0.18965654211127458,0.0011186845539417625,0.009939812386863913,-0.03170140369420419,0.9994473321183063
143,411,-3.032031273376323,-0.48161406458493305,0.4289147087898276,0.9978391683939564,0.019728372163376844,0.06254138794048364,-0.0040447676223454585
787,599,-2.001196845919783,-1.1244834214365926,-0.03590361813250098,0.804810200015984,0.00212701961522463,0.00017228635386039767,-0.5935284222808546
788,600,2.6044846644300765,3.243367967867855,-0.12050523704588995,0.9832813616576195,0.09118329221785801,0.15647780194883318,0.018922698917235303
789,146,1.7862764133598243,5.555700499434709,-0.05505446897391775,0.9997567734737277,-0.005010910044150332,0.0214755670154015,0.0002910245660480982
146,601,0.6166172375167058,1.4588743386463416,-1.848677534264133,0.014689349860784675,0.9934466678758676,0.10272887861172755,-0.047903221041803744
146,417,4.725296412723195,-1.1937923668461512,-1.6102164229385894,0.0010234099873600649,-0.00030322685322031756,0.9999864789548168,-0.005089459010634667
791,416,10.286250541874038,-3.1676619132801545,-1.2490737992232388,0.01767398219584856,0.07818351986158406,0.9962968681193871,-0.031104953799911628
792,604,-0.8581997606888061,-2.5294351338012495,-0.20968047775729892,-0.3356402856333167,0.03442493390300674,0.004891052305088786,0.941348288463472
793,604,-5.410490569886823,5.30391309652379,-0.496852301222843,0.9999989411731678,0.0009996318542559585,-0.0010575066792098196,8.265762026782308e-06
794,152,3.7809652322174365,-1.6413846878917675,-0.26353065304421097,0.15220617553252988,0.005527565697960358,-0.021757008580440787,0.9880938005699894
151,420,-0.4614255818715973,-4.153085287110292,-0.4508667090665681,0.7467689178211263,-0.003708666753679319,0.015855231298354165,-0.6648842311317434
795,152,-3.0447854153094602,0.511812684785417,0.04922875720376085,0.9078794758854879,0.011157115255837288,-0.0050634492639806145,-0.4190521895022278
421,607,-9.814204825293663,1.9650405339380228,-0.4829107081512622,-0.00017744605553426943,0.00668572802566962,-0.009109653431507806,0.9999361398449513
155,610,10.2256745518475,-6.036724584040691,1.4184395516916928,0.27302853636601665,0.7090650375124561,0.6381925129562985,-0.12406654389405161
155,424,15.620859172679554,19.490473296230178,-1.8015273542107575,0.036219833843783425,0.8209130671058199,-0.5618409013448493,-0.09552309389488906
424,611,-0.8185439903775835,3.394137019560735,-0.10078255485820956,0.9990348028323435,0.01627263166947963,0.009137842536826458,0.03976385320944421
156,425,-4.608389740568507,-1.3614258485782238,-0.5362088547713538,0.8449853349945016,-0.017864067002442696,-0.033205251409437024,0.5334585926135206
800,157,3.368584445556331,-0.6381511082916285,0.4008841302209958,-0.07704571459213723,0.0363402179064709,0.05828643000256155,0.9946587548013909
426,612,6.798040256599138,-5.3330661047313725,1.093476098227164,0.8022943081746275,-0.052338337541771085,-0.2737029939112737,-0.5278931829622019
158,426,0.27504313170711625,7.173530880156545,-0.9190341707068715,0.29503648643468294,-0.003604855109770218,0.031281575151075054,0.9549669835905231
802,428,-3.4893663479706034,-3.7773251201687734,0.04797170515662774,0.999933940132024,-0.0026757654879783935,0.011177896051308102,-0.00010144439595791146
428,614,-2.488201095985382,-0.36504001872359604,-0.0048858150638732,0.20536195211287747,0.7336402630605645,0.6473226182335649,-0.02391361461712934
804,161,-7.927743989246615,-2.429744942203259,-0.30694310748553,0.9641660568848747,-0.030141058265078177,-0.009296801465119433,0.26341773068692964
161,616,-1.4908451602741244,3.651906839796653,1.3246261384893288,-0.2507564510882141,0.9662603872441521,-0.036736057162468944,0.04596224955962622
805,617,-4.502159873196284,-1.3604803315759593,-0.16168503602583834,0.9977991455302301,0.05631950674189254,-0.023752663584589405,0.025705822533619044
430,618,0.43765583410628084,3.4282530604966754,0.6105071322133522,0.0181437970093787,0.0008868357241995362,-0.003940359292948302,0.9998272299358141
164,432,2.1663610824517288,-0.5781732352058385,-0.11465395654688004,0.9581329788030895,-0.005236950771712417,-0.0013832623766072936,-0.2862723456111865
433,620,2.2827774239939784,2.9676306297131445,0.14033111548090005,0.9999943526027745,0.0024137951620194532,-0.002337297646131331,7.345193879387812e-05
809,286,10.973180099936027,-3.379515159724752,1.5265094425287429,0.11641240597112434,0.02397843842904318,0.989010530945081,0.08792812920930373
167,286,-9.938239296855107,1.5576465948791869,-0.05937913029263614,-0.5144725283766457,-0.006012866816118506,-0.04535145831835454,0.8562856463860593
435,621,-4.51369765835274,-0.8865898949026532,-0.6620111831028946,0.30749250817513946,-0.04379807370668703,0.15914205424121908,0.9371253345885119
167,622,1.5062874722912596,-4.987190847167982,-0.6783252505060088,0.9849526687295719,0.007542674791060359,-0.010433155421587523,-0.1723441257700408
168,623,12.62783737705017,-4.578130582643267,-0.46274562121563767,0.8756719795332186,-0.03334577663211373,0.02222445070854464,0.48124081002329694
16,168,-1.243320458710036,-0.2553288311999906,2.042739093795834,0.044471712209325866,0.8079178524691442,0.5712219585446826,0.13782773505791196
169,437,-7.395503466996333,2.487893628537025,-0.3412468776680143,0.974984153820279,0.009248420042519278,0.0040170706101330285,0.2220455576447878
813,625,1.8378929279351324,2.487717287587845,-0.018357939378796484,0.6755886198965958,-0.022950805933727822,0.08805441784457003,0.7316417816604375
814,282,1.7601125548858667,4.183816838575015,-1.3828324283482936,0.9842534757603574,-0.02530793295155253,0.1489701897691466,-0.09171960828263387
171,200,3.30977010371627,-3.4897038465671004,0.26639012499720405,0.6103471481621654,-0.011706775658319383,0.0683322133880944,0.7890944295504065
282,438,-0.984811370405793,-3.707155284781301,-0.11865839305136427,0.9965117466021851,0.012647721302533221,0.036318871589485185,-0.0740629029689105
815,198,-11.605230605581145,-6.338608449279685,-0.4480435073664035,0.7996268653687993,-0.020832791680530892,0.00578708157974419,0.6001078075296581
172,628,-1.4205385390338912,0.3629239904443323,0.0370578456957964,0.9711512024021263,0.07602241776729521,-0.022511705002098696,-0.2248981040551871
198,440,-2.2046449160776023,-1.4156661549608938,0.3418737175242679,-0.11978173891469576,0.6284771533045765,0.7682926917119042,0.01987819556258104
281,628,1.2991912561753796,-0.7085754235006773,-0.17056647788104712,0.9993172190942896,-0.002440635153084084,-0.03685944889944456,-0.0007210745692352861
816,12,-0.43333392550067407,-0.2775217187383583,-0.24547517534426144,-0.006230371644722106,0.0066639263471518755,-0.08868469143048842,0.9960179717558753
12,173,-6.481689702157825,-4.363786207978524,0.008628379565323169,0.0001361802813785451,0.0001537245278182761,0.006896916454937847,0.9999761949002157
279,628,4.906128741416319,-3.8615935814850357,-0.12595330945794198,0.9988938760458257,0.046723199940048935,-0.005160056038142742,0.001157932291620617
817,198,6.843159165256727,6.162864772841024,0.18445191453403287,0.32114580420612937,0.028201680063002627,0.016831485235104027,0.9464601094537491
10,174,-1.4267299605940607,-1.4610402316358426,0.15336389387532878,0.5841224857333044,0.04198102981189454,0.07723451468089593,0.8068911602804215
11,173,0.4274680067746882,0.6591983518860476,-0.2644799446420663,0.8915175720307223,-0.01896318715677808,0.001969858007012416,-0.4525847279269762
198,279,8.452093432911328,1.325027749170267,-0.2952676345869014,0.21052557312497377,-0.01935639356347951,0.0362079642153871,0.976725804110854
443,466,3.513830087014335,-4.9071573351342135,-0.037685760079832764,0.02167313378982266,-0.11943286482132123,0.07630711784020669,0.989668272624328
818,278,9.800852067300015,5.216272784610426,0.19156011682274854,0.019591319396073874,0.9997803829158373,0.0017018118752803457,0.007243616315354459
9,442,-2.9887399123431937,-6.114160643132401,-0.2507638960967936,0.9997068184223643,0.022654916698865577,0.00852987023183227,0.0005227456642255546
175,631,-1.762558183136915,-1.0422034767068058,0.17709989243934007,-0.02196239631506523,0.9981782607392833,0.00491682716633629,0.055978904474953774
443,631,-4.627197194596275,-5.86131676254748,-0.06132077788977863,-0.509328140256625,-0.010953329596026962,0.0207248541041225,0.8602530735404851
820,176,-3.7741768797856983,-4.276211000155854,-1.2549868532438504,-0.20958794325412344,0.9338744160254414,0.1204887425851336,-0.2635031917186216
821,193,5.873808594972713,0.7542556703901235,-0.420891984624068,-0.5418764182360488,-0.07541464809096698,-0.07600425267338293,0.8336101797534305
178,445,-3.8117127325170626,-3.1648191771583494,-0.11419100833615903,0.7060742971586402,-0.017906106976323395,-0.005880611243407013,0.7078869094963464
822,446,-6.161700882844137,-2.441653088484768,-0.32857515553607886,0.8263682161817987,-0.0035327034127629253,-0.03902284910228708,-0.5617653500698041
823,447,5.977033784171403,0.19843653112951598,0.29219850046772966,-0.293768636959685,-0.056101829061590225,0.9487532390317607,0.10207773577786652
824,182,-1.0479727980344078,-0.9822153166103633,-0.6925216306529793,0.10742156236265475,0.020697339143220958,0.025614039245276884,0.9936680276055471
181,450,-9.077165267005139,-0.9471198657307858,0.30155809757743635,0.0008769838367692071,0.0054044292602019655,-0.01105921066117318,0.9999238555526483
825,182,6.575166682427111,-2.52491612392147,-0.013400825137282468,0.979016061013206,0.18211156159294747,0.0774694305385216,0.04859443120771836
183,451,-3.0863179621334305,-1.175656554389271,-0.05972578072962087,0.9989598231460438,0.0439579258005055,0.012064663059393256,-0.0011901279786573629
826,639,-1.7006434725977733,-4.050267882056258,-0.2477053055058538,0.45650612078884717,0.015344098985860092,0.025750196888779813,0.8892151863687551
184,639,-1.8304446737224613,3.759588115014414,0.07928670455653597,0.944547500974086,-0.014933774013901936,0.045049337834246264,0.3249270040455344
827,268,3.522038793342785,-4.687020147124786,1.250913697397677,-0.005334309872492949,0.02680976371609373,-0.003785451152922448,0.9996191535115962
185,454,0.3383642122959041,-3.383117868313453,0.35955481808707224,0.9996699647978415,-0.008118609856998018,-0.024367045804573904,0.0005447328060093072
268,639,-4.999005885059991,-7.70219292597508,-0.08539090013465467,0.6956318452417241,0.037746552278412324,0.009911153140339184,0.7173376490329473
