0.000000 1.000000 1.000000 1.000000
0.025000 0.728643 0.838298 0.873713
0.050000 0.728643 0.832087 0.873713
0.075000 0.719254 0.832087 0.873713
0.100000 0.719254 0.832087 0.873713
0.125000 0.719254 0.832087 0.873713
0.150000 0.719254 0.832087 0.873713
0.175000 0.719254 0.832087 0.873713
0.200000 0.719254 0.832087 0.873713
0.225000 0.719254 0.832087 0.873713
0.250000 0.719254 0.832087 0.873713
0.275000 0.719254 0.832087 0.873713
0.300000 0.719254 0.832087 0.873713
0.325000 0.719254 0.832087 0.873713
0.350000 0.719254 0.832087 0.873713
0.375000 0.719254 0.832087 0.873713
0.400000 0.719254 0.832087 0.873713
0.425000 0.719254 0.832087 0.873713
0.450000 0.719254 0.832087 0.873713
0.475000 0.719254 0.832087 0.873713
0.500000 0.719254 0.832087 0.873713
0.525000 0.719254 0.832087 0.873713
0.550000 0.719254 0.832087 0.873713
0.575000 0.719254 0.832087 0.873713
0.600000 0.719254 0.832087 0.873713
0.625000 0.719254 0.832087 0.873713
0.650000 0.719254 0.832087 0.873713
0.675000 0.719254 0.830662 0.872805
0.700000 0.719254 0.830662 0.872805
0.725000 0.719254 0.830662 0.872805
0.750000 0.719254 0.830662 0.872805
0.775000 0.719254 0.830662 0.872805
0.800000 0.719254 0.830662 0.872805
0.825000 0.719254 0.830662 0.872805
0.850000 0.719254 0.830662 0.872805
0.875000 0.719254 0.830662 0.872805
0.900000 0.718792 0.830294 0.872568
0.925000 0.718792 0.830294 0.872044
0.950000 0.717468 0.829714 0.871767
0.975000 0.717468 0.829714 0.871504
1.000000 0.717246 0.829315 0.871186
