0.000000 0.629310 1.000000 1.000000
0.025000 0.629310 0.684233 0.751395
0.050000 0.619658 0.684233 0.751395
0.075000 0.618161 0.684233 0.751395
0.100000 0.618161 0.684233 0.751395
0.125000 0.618161 0.684233 0.751395
0.150000 0.618161 0.684233 0.751395
0.175000 0.618161 0.684233 0.751395
0.200000 0.618161 0.684233 0.751395
0.225000 0.618161 0.684233 0.751395
0.250000 0.618161 0.684233 0.751395
0.275000 0.618161 0.684233 0.751395
0.300000 0.618161 0.684233 0.751395
0.325000 0.618161 0.684233 0.751395
0.350000 0.618161 0.684233 0.751395
0.375000 0.618161 0.684233 0.751395
0.400000 0.618161 0.684233 0.751395
0.425000 0.618161 0.684233 0.751395
0.450000 0.618161 0.684233 0.751395
0.475000 0.618161 0.684233 0.751395
0.500000 0.618161 0.684233 0.751395
0.525000 0.618161 0.684233 0.751395
0.550000 0.618161 0.684233 0.751395
0.575000 0.618161 0.684233 0.751395
0.600000 0.618161 0.684233 0.751395
0.625000 0.618161 0.684080 0.751395
0.650000 0.618161 0.684080 0.751395
0.675000 0.618161 0.684080 0.751395
0.700000 0.618161 0.684080 0.751395
0.725000 0.618161 0.683391 0.751155
0.750000 0.618161 0.683391 0.751155
0.775000 0.618161 0.683391 0.751155
0.800000 0.618161 0.683391 0.751155
0.825000 0.618161 0.683391 0.751155
0.850000 0.618161 0.683391 0.751155
0.875000 0.618161 0.683391 0.751155
0.900000 0.618161 0.683332 0.750799
0.925000 0.618161 0.683332 0.750351
0.950000 0.615831 0.682727 0.750144
0.975000 0.615819 0.682517 0.749527
1.000000 0.615759 0.681905 0.748992
