0.000000 1.000000 1.000000 1.000000
0.025000 0.728643 0.838298 0.873391
0.050000 0.728643 0.831682 0.873391
0.075000 0.718441 0.831682 0.873391
0.100000 0.718441 0.831682 0.873391
0.125000 0.718441 0.831682 0.873391
0.150000 0.718441 0.831682 0.873391
0.175000 0.718441 0.831682 0.873391
0.200000 0.718441 0.831682 0.873391
0.225000 0.718441 0.831682 0.873391
0.250000 0.718441 0.831682 0.873391
0.275000 0.718441 0.831682 0.873391
0.300000 0.718441 0.831682 0.873391
0.325000 0.718441 0.831682 0.873391
0.350000 0.718441 0.831682 0.873391
0.375000 0.718441 0.831682 0.873391
0.400000 0.718441 0.831682 0.873391
0.425000 0.718441 0.831682 0.873391
0.450000 0.718441 0.831682 0.873391
0.475000 0.718441 0.831682 0.873391
0.500000 0.718441 0.831682 0.873391
0.525000 0.718441 0.831682 0.873391
0.550000 0.718441 0.831682 0.873391
0.575000 0.718441 0.831682 0.873391
0.600000 0.718441 0.831682 0.873391
0.625000 0.718441 0.831682 0.873391
0.650000 0.718441 0.831682 0.873391
0.675000 0.718441 0.830261 0.872487
0.700000 0.718441 0.830261 0.872487
0.725000 0.718441 0.830261 0.872487
0.750000 0.718441 0.830261 0.872487
0.775000 0.718441 0.830261 0.872487
0.800000 0.718441 0.830261 0.872487
0.825000 0.718441 0.830261 0.872487
0.850000 0.718441 0.830261 0.872487
0.875000 0.718441 0.830261 0.872487
0.900000 0.718024 0.829916 0.872260
0.925000 0.718024 0.829916 0.871744
0.950000 0.716743 0.829355 0.871475
0.975000 0.716743 0.829355 0.871220
1.000000 0.716539 0.828965 0.870909
