Car 0.23 0 2.25 0.0 161.8 126.26 228.81 2.18 1.92 4.99 -20.2 1.86 26.08 1.59 0.3409254257024137
Car 0.0 0 2.11 123.45 176.07 191.21 218.01 1.76 1.52 2.38 -19.95 1.92 31.83 1.55 0.04228649612747937
Car 0.0 0 2.03 224.91 184.28 310.72 219.26 1.49 1.88 4.41 -15.98 2.05 33.89 1.59 0.8375006917784413
Car 0.0 1 1.99 255.5 170.67 321.64 202.97 1.94 1.88 5.3 -20.58 1.84 46.4 1.57 0.9713120571709533
Car 0.0 1 1.97 313.37 177.29 341.82 199.4 1.54 0.85 2.84 -20.27 1.86 51.8 1.6 0.2747237062488067
Car 0.0 0 1.8 427.37 177.96 457.88 197.42 1.48 1.61 3.39 -13.29 1.9 57.36 1.58 0.3824115002073736
Car 0.0 0 1.91 386.1 180.02 426.92 198.86 1.44 1.79 4.32 -16.31 2.03 57.98 1.64 0.6173919801198603
Car -1.0 -1 -10.0 662.69 173.98 686.69 191.73 -1.0 -1.0 -1.0 -1000.0 -1000.0 -1000.0 -10.0 0.893803592882995
Car -1.0 -1 -10.0 464.77 175.02 520.02 193.81 -1.0 -1.0 -1.0 -1000.0 -1000.0 -1000.0 -10.0 0.560828461811223
Car -1.0 -1 -10.0 693.94 173.98 765.86 179.23 -1.0 -1.0 -1.0 -1000.0 -1000.0 -1000.0 -10.0 0.10778107904537992
Car -1.0 -1 -10.0 754.35 177.1 796.06 190.68 -1.0 -1.0 -1.0 -1000.0 -1000.0 -1000.0 -10.0 0.6661689946241635
Car -1.0 -1 -10.0 602.27 175.02 624.19 184.44 -1.0 -1.0 -1.0 -1000.0 -1000.0 -1000.0 -10.0 0.8585800382797673
