Pedestrian 0.12 0 -1.83 768.05 165.55 848.38 373.0 1.73 0.84 0.86 1.55 1.62 5.75 -1.59 0.5307338661729163
Pedestrian 0.1 0 -1.92 853.7 151.89 964.36 373.0 1.81 0.9 0.95 2.36 1.59 5.77 -1.55 0.09836461064577928
Pedestrian 0.04 0 -1.18 172.63 165.55 270.96 373.0 1.78 0.92 1.01 -3.43 1.65 6.45 -1.66 0.46174047392289186
Pedestrian 0.0 0 -2.88 749.12 172.06 780.78 260.37 1.79 0.86 1.02 3.27 1.6 15.19 -2.68 0.8980706884189936
Pedestrian 0.0 2 -1.68 752.96 173.04 783.96 251.52 1.75 0.78 0.84 3.77 1.56 16.43 -1.46 0.4643299384754924
Pedestrian 0.0 0 2.75 1172.73 148.34 1223.73 245.29 1.77 0.85 1.15 11.05 1.17 13.67 -2.86 0.025748440264646844
Pedestrian 0.0 2 2.05 907.99 161.9 932.65 236.66 1.73 0.69 0.56 7.38 1.28 17.06 2.45 0.7373355863556336
Pedestrian 0.0 1 -1.82 1086.71 159.88 1166.38 355.75 1.63 0.61 0.82 4.71 1.45 6.46 -1.21 0.31437676943832293
Car 0.0 0 1.68 506.38 170.49 565.15 223.0 2.11 2.04 4.62 -2.78 1.67 31.45 1.59 0.5515104901144172
Car 0.0 1 1.72 573.7 171.43 611.48 204.48 2.09 1.79 4.99 -0.51 1.45 48.15 1.7 0.8498921529423075
Car -1.0 -1 -10.0 321.9 174.55 370.77 273.28 -1.0 -1.0 -1.0 -1000.0 -1000.0 -1000.0 -10.0 0.6957020772704559
Car -1.0 -1 -10.0 469.42 177.67 488.16 224.46 -1.0 -1.0 -1.0 -1000.0 -1000.0 -1000.0 -10.0 0.27421113801835084
Car -1.0 -1 -10.0 708.36 182.86 741.64 221.34 -1.0 -1.0 -1.0 -1000.0 -1000.0 -1000.0 -10.0 0.8531760952694875
