Pedestrian 0.0 0 -3.09 387.35 161.43 402.68 202.2 1.86 0.57 1.08 -9.91 1.34 33.45 2.91 0.2567983954024534
Car 0.0 1 1.26 349.57 153.67 410.53 200.23 2.21 1.76 4.11 -11.69 1.33 36.43 0.95 0.12098826307961608
Car 0.0 1 -2.0 391.74 163.21 451.69 197.45 1.75 1.57 4.07 -10.22 1.28 38.87 -2.25 0.5750244865979673
Car 0.0 0 -2.05 444.95 162.72 514.94 192.21 1.54 1.71 5.03 -7.34 1.05 40.17 -2.23 0.08600468717595877
Car 0.0 1 0.92 604.1 154.09 670.98 190.6 2.14 1.77 4.44 1.62 1.07 44.65 0.95 0.45964540668474685
Car 0.0 1 -2.28 638.62 161.87 689.6 186.32 1.53 1.41 3.4 3.47 0.87 46.99 -2.21 0.07568130977277232
Car 0.0 1 -2.41 680.49 159.18 733.98 185.12 1.69 1.61 3.36 6.56 0.82 49.03 -2.28 0.6887344465942832
Car 0.0 1 -2.43 710.12 164.98 769.35 185.33 1.44 1.62 4.26 9.52 0.91 53.29 -2.26 0.5480620133766285
Car 0.0 1 -2.34 746.67 165.27 790.12 185.68 1.48 1.61 2.86 11.8 0.95 53.93 -2.13 0.9554375188536608
Car 0.0 1 -2.41 767.23 166.05 816.45 185.32 1.41 1.5 3.48 13.73 0.94 54.67 -2.17 0.7043323571427479
Car 0.0 1 0.75 789.6 164.12 847.11 184.12 1.48 1.48 4.41 16.01 0.86 55.69 1.03 0.6546241240832842
Car 0.0 3 0.5 831.99 153.92 892.43 181.69 2.17 1.89 4.27 20.65 0.7 59.2 0.84 0.21990978277809348
Car 0.0 1 0.46 856.76 160.21 910.13 179.01 1.5 1.67 3.84 23.0 0.5 60.79 0.82 0.3393602833613225
Car 0.0 2 0.5 881.46 162.98 928.15 180.11 1.41 1.57 3.36 25.36 0.61 62.15 0.88 0.7306115992562033
Car -1.0 -1 -10.0 225.19 146.9 350.23 164.65 -1.0 -1.0 -1.0 -1000.0 -1000.0 -1000.0 -10.0 0.6677266308481206
Car -1.0 -1 -10.0 539.77 148.98 574.19 175.06 -1.0 -1.0 -1.0 -1000.0 -1000.0 -1000.0 -10.0 0.37909447681187736
Car -1.0 -1 -10.0 928.31 146.9 1032.52 181.32 -1.0 -1.0 -1.0 -1000.0 -1000.0 -1000.0 -10.0 0.3184113043315827
Car -1.0 -1 -10.0 1151.2 139.6 1239.97 176.1 -1.0 -1.0 -1.0 -1000.0 -1000.0 -1000.0 -10.0 0.38088274235490405
