Car 0.86 0 2.39 1098.87 213.82 1241.0 374.0 1.34 1.52 3.99 6.42 1.69 5.76 -3.08 0.97785718550516
Car 0.4 3 -0.53 985.57 177.76 1241.0 334.86 1.63 1.53 3.45 6.41 1.69 8.28 0.11 0.8524771382745041
Car 0.0 1 2.74 790.76 167.67 1019.61 253.08 1.76 1.71 4.4 6.44 1.68 16.14 3.12 0.1867046179435068
Car 0.0 2 0.48 115.92 209.76 309.23 296.41 1.08 1.29 2.05 -5.63 1.65 10.29 -0.01 0.6806591211970406
Car 0.0 1 0.49 63.48 135.07 354.91 275.99 2.22 1.68 4.08 -6.78 1.64 12.42 -0.0 0.7626611698303045
Car 0.0 2 -2.72 178.96 179.73 368.76 252.76 1.4 1.46 3.23 -6.89 1.56 14.9 3.13 0.20737398332864554
Car 0.0 0 -1.68 653.54 145.48 728.61 219.24 2.33 1.96 6.11 2.74 1.5 26.07 -1.58 0.7463604694732222
Car 0.0 1 -2.86 312.45 177.97 469.92 229.3 1.46 1.61 4.31 -6.62 1.64 21.99 3.14 0.632662949724974
Car 0.0 2 -3.04 381.5 167.74 506.8 218.95 1.8 1.77 4.41 -6.16 1.65 27.05 3.02 0.12372040166900145
Car 0.0 2 -1.64 632.18 156.02 673.56 202.52 2.57 1.99 6.64 2.47 1.68 43.57 -1.58 0.12606920861357918
Car 0.0 2 0.11 498.82 160.04 565.99 192.99 2.86 1.88 5.81 -6.95 1.77 64.93 0.01 0.3975185173245085
Car -1.0 -1 -10.0 580.4 170.85 632.52 183.39 -1.0 -1.0 -1.0 -1000.0 -1000.0 -1000.0 -10.0 0.8987368101685281
