Car 0.0 0 -1.57 573.51 173.61 611.24 208.0 1.6 1.76 3.84 -0.79 1.05 35.72 -1.59 0.12987583811975167
Car 0.97 0 -0.74 0.0 207.71 164.15 375.0 1.42 1.61 3.56 -4.21 1.61 3.64 -1.56 0.5900964006404582
Car 0.25 1 -0.97 0.0 177.33 202.57 296.37 1.61 1.61 3.68 -8.43 1.5 11.62 -1.58 0.7829690838665025
Car 0.0 0 -1.23 255.44 187.09 426.82 281.9 1.43 1.64 3.99 -4.71 1.49 13.21 -1.57 0.4525136870122951
Car 0.0 2 -1.19 244.04 184.31 362.43 240.17 1.4 1.66 4.07 -8.56 1.39 20.52 -1.58 0.642296154414376
Car 0.0 0 -1.37 421.26 184.14 496.53 231.89 1.35 1.57 3.72 -4.62 1.33 22.62 -1.57 0.6227148093728664
Car 0.0 2 -1.41 450.97 178.49 505.17 216.1 1.49 1.64 3.95 -5.51 1.22 30.77 -1.58 0.15469947027146969
Car 0.0 0 -1.46 497.15 164.62 538.81 209.07 2.23 1.88 2.54 -4.68 1.19 37.59 -1.59 0.8906301734822468
Car 0.0 1 -1.53 541.75 168.12 561.68 191.2 2.52 2.02 6.17 -6.34 0.63 82.05 -1.61 0.2552832880795436
Car 0.0 1 -1.07 131.37 178.71 259.87 238.1 1.6 1.66 3.82 -12.15 1.42 21.43 -1.58 0.036072677391460695
