Car 0.0 0 -1.91 744.04 182.53 1013.93 347.12 1.49 1.71 3.58 2.78 1.62 8.47 -1.61 0.47519779751559954
Car 0.0 0 -1.33 329.3 196.88 463.32 279.35 1.39 1.81 3.46 -4.26 1.93 14.79 -1.6 0.24852188647574414
Car 0.0 0 -1.73 671.36 179.87 753.08 242.6 1.47 1.55 3.37 2.53 1.67 18.83 -1.6 0.4806502210123855
Car 0.0 1 -1.38 429.2 181.32 508.17 238.58 1.72 1.8 4.16 -4.63 2.01 24.0 -1.57 0.7445946726001637
Car 0.0 0 1.69 492.99 182.79 533.43 215.81 1.62 1.66 3.81 -5.07 2.16 37.97 1.55 0.5010586073615888
Cyclist 0.0 0 1.63 570.53 176.65 578.94 197.28 1.85 0.63 2.07 -3.23 2.21 65.98 1.58 0.5892096319260587
Cyclist 0.0 0 1.6 580.73 177.01 588.72 196.49 1.76 0.66 1.83 -2.32 2.15 66.21 1.57 0.16913341876371857
Car 0.0 1 -1.67 643.22 176.09 686.42 211.91 1.61 1.67 3.62 2.54 1.78 34.58 -1.6 0.7150912510474534
Car -1.0 -1 -10.0 611.65 171.9 642.94 195.9 -1.0 -1.0 -1.0 -1000.0 -1000.0 -1000.0 -10.0 0.9503585607145218
Car -1.0 -1 -10.0 532.48 175.02 563.77 202.15 -1.0 -1.0 -1.0 -1000.0 -1000.0 -1000.0 -10.0 0.7285969733939472
