Car 0.98 0 0.84 936.17 194.03 1241.0 374.0 1.62 1.58 3.89 2.93 1.75 2.9 1.58 0.5727428748779029
Car 0.0 0 1.9 240.05 187.18 491.58 334.35 1.45 1.67 4.43 -2.91 1.67 9.58 1.62 0.4747055533692812
Car 0.0 1 -1.88 739.86 191.27 952.51 331.55 1.47 1.59 3.62 2.88 1.75 9.74 -1.6 0.5734640763843194
Car 0.0 2 1.8 398.55 177.46 515.48 258.89 1.56 1.68 3.69 -3.24 1.67 15.78 1.6 0.8578718512510117
Car 0.0 1 1.4 693.88 187.12 814.46 271.12 1.44 1.64 4.5 2.8 1.77 15.14 1.58 0.6708987939088337
Car 0.0 2 1.68 491.99 177.58 548.1 224.34 1.46 1.51 3.24 -3.01 1.63 24.38 1.56 0.829551400177389
Car 0.0 1 1.48 669.25 182.88 719.27 220.22 1.38 1.59 4.19 3.31 1.8 29.29 1.59 0.913525682241896
Car 0.0 1 -1.62 652.34 177.17 678.28 200.37 1.51 1.56 3.81 3.72 1.82 49.3 -1.54 0.9856753052692122
Car 0.0 2 -1.6 644.52 166.36 670.07 195.72 2.38 1.98 5.62 3.99 1.89 61.78 -1.54 0.18260809735522832
Car -1.0 -1 -10.0 546.02 169.81 609.6 212.56 -1.0 -1.0 -1.0 -1000.0 -1000.0 -1000.0 -10.0 0.23784828138443437
