Car 0.16 1 -2.52 0.0 179.05 255.3 301.52 1.57 1.47 3.23 -7.0 1.67 10.11 -3.11 0.35827840025253144
Car 0.0 2 -2.65 76.81 185.59 334.31 279.48 1.43 1.57 3.46 -6.72 1.67 12.15 3.14 0.6919090315994231
Car 0.0 2 -2.75 163.67 161.19 413.87 265.68 1.94 1.75 4.27 -6.38 1.75 14.58 3.13 0.8105872585293481
Car 0.0 0 -2.39 780.83 176.35 927.45 237.06 1.42 1.56 3.48 6.26 1.54 18.95 -2.08 0.882257665251651
Car 0.0 0 -1.77 630.87 176.2 681.72 211.17 1.41 1.51 3.45 1.91 1.57 31.09 -1.71 0.04244528206387177
Car 0.0 2 -2.84 296.81 183.18 433.93 235.35 1.48 1.62 3.63 -7.41 1.82 21.97 3.12 0.15379466282663168
Car 0.0 2 -2.9 356.37 176.98 476.24 218.27 1.44 1.64 4.01 -7.15 1.62 26.74 3.12 0.38654970909032116
Car 0.0 2 -1.68 612.47 174.35 649.57 201.12 1.42 1.63 4.15 1.11 1.53 40.91 -1.66 0.8804404779010758
Car -1.0 -1 -10.0 467.9 166.69 575.23 195.9 -1.0 -1.0 -1.0 -1000.0 -1000.0 -1000.0 -10.0 0.5291462461861632
Car -1.0 -1 -10.0 582.48 165.65 615.86 186.53 -1.0 -1.0 -1.0 -1000.0 -1000.0 -1000.0 -10.0 0.9787232529795121
