Car 0.5 0 -2.04 801.58 192.01 1241.0 374.0 1.36 1.55 3.87 2.76 1.54 5.5 -1.6 0.6971560735443696
Car 0.0 0 -1.79 695.07 170.54 807.08 262.07 1.62 1.48 3.36 2.69 1.61 14.62 -1.61 0.5073784046354175
Car 0.0 2 0.49 135.59 174.89 401.23 267.06 1.55 1.7 4.09 -6.19 1.62 13.24 0.06 0.08803503193940543
Car 0.0 2 0.35 231.05 173.52 430.36 251.87 1.59 1.63 3.75 -6.07 1.64 15.87 -0.01 0.5734356907375064
Car 0.0 2 -2.8 261.73 160.27 418.55 242.15 1.95 1.67 3.35 -6.79 1.67 18.29 3.13 0.015277653766184285
Car 0.0 2 -2.85 302.46 179.73 436.34 232.28 1.42 1.55 3.35 -6.91 1.64 20.82 3.12 0.10775359406490448
Car 0.0 2 0.25 367.74 175.62 488.19 221.83 1.43 1.49 3.56 -5.94 1.54 23.64 0.01 0.07706848070998917
Car 0.0 2 0.23 396.34 175.76 507.65 220.85 1.53 1.6 3.62 -5.65 1.66 25.89 0.01 0.8893965924991004
Car 0.0 2 0.27 406.85 170.03 496.44 214.48 1.66 1.57 3.11 -6.2 1.58 28.28 0.05 0.12060542977291511
Car 0.0 2 0.24 405.94 171.6 517.03 212.68 1.66 1.71 4.34 -6.29 1.64 30.7 0.04 0.6932362912450548
Car 0.0 2 0.13 461.72 163.5 535.57 198.03 2.08 1.8 4.37 -6.97 1.54 45.3 -0.02 0.05307144432177502
Cyclist 0.0 0 1.59 576.8 171.81 583.44 189.21 1.59 0.58 1.69 -2.78 1.51 67.07 1.54 0.5990044104052095
Car 0.0 1 -1.68 655.72 178.04 703.95 215.98 1.38 1.49 3.38 2.65 1.6 28.29 -1.59 0.4714194120690588
Car 0.0 0 -1.65 626.43 174.15 648.65 191.32 1.41 1.56 4.08 2.33 1.55 62.15 -1.62 0.7112055196350439
Car -1.0 -1 -10.0 529.35 170.85 572.1 185.47 -1.0 -1.0 -1.0 -1000.0 -1000.0 -1000.0 -10.0 0.8160610032733531
Car -1.0 -1 -10.0 598.1 166.69 638.77 186.52 -1.0 -1.0 -1.0 -1000.0 -1000.0 -1000.0 -10.0 0.47367901841483695
