Pedestrian 0.0 0 -2.33 597.8 160.75 623.8 217.16 1.73 0.84 0.86 0.18 1.09 22.62 -2.33 0.7444299004796077
Pedestrian 0.0 0 2.49 616.37 157.99 641.37 219.28 1.81 0.9 0.95 0.83 1.11 21.83 2.52 0.8573629379836216
Pedestrian 0.23 3 -2.43 37.92 147.44 167.58 373.0 1.77 0.85 1.15 -3.78 1.54 5.35 -3.03 0.3192966771775878
Pedestrian 0.0 0 -2.82 182.68 162.09 224.02 275.02 1.75 0.87 1.06 -6.62 1.45 11.67 2.95 0.3544900516051612
Pedestrian 0.0 0 1.72 226.79 157.06 275.45 298.77 1.82 0.87 0.91 -4.74 1.5 9.77 1.27 0.09902530830574852
Pedestrian 0.0 0 2.94 782.99 143.59 841.99 298.78 1.78 0.89 1.06 2.47 1.35 8.72 -3.08 0.9963487329714795
Pedestrian 0.0 0 -3.0 1030.36 125.2 1161.69 355.13 1.79 0.8 1.02 4.16 1.35 6.23 -2.43 0.6432597373175346
Pedestrian 0.0 2 -1.27 357.88 163.66 381.88 230.61 1.75 0.83 0.72 -6.41 1.28 19.18 -1.59 0.5085918409553847
Pedestrian 0.0 0 1.69 514.95 158.46 533.28 218.22 1.79 0.89 1.04 -2.5 1.1 22.17 1.57 0.3124632446322554
Car 0.0 0 1.79 353.54 142.24 482.55 242.23 2.11 2.04 4.62 -4.31 1.28 17.62 1.55 0.6057936965761744
Car 0.0 2 1.7 439.86 152.6 513.37 221.97 2.09 1.79 4.99 -4.11 1.21 24.3 1.53 0.23777186613652068
Car -1.0 -1 -10.0 716.68 177.67 772.82 251.47 -1.0 -1.0 -1.0 -1000.0 -1000.0 -1000.0 -10.0 0.12366511102189104
