Car 1.0 0 -2.49 1019.43 192.47 1241.0 374.0 1.4 1.61 3.77 2.94 1.49 1.93 -1.57 0.13583469269511428
Car 0.0 0 -1.84 780.04 178.65 1016.86 335.1 1.41 1.57 3.16 2.94 1.49 8.14 -1.5 0.1956277001130382
Car 0.0 0 2.02 161.95 199.94 352.45 308.27 1.53 1.56 3.58 -6.03 2.06 12.7 1.59 0.9288975535513607
Car 0.0 1 1.74 459.56 187.81 503.55 219.47 1.42 1.54 3.5 -6.25 2.17 35.24 1.56 0.7045767915559444
Car 0.0 1 -1.64 645.87 175.09 683.93 204.91 1.51 1.75 3.78 2.88 1.66 38.93 -1.57 0.6004813724789361
Car 0.0 2 1.74 480.16 186.91 518.8 213.1 1.36 1.51 4.02 -6.24 2.18 40.92 1.58 0.5889099808877596
Car 0.0 2 -1.07 183.63 200.11 246.99 226.94 1.4 1.6 3.97 -23.46 3.09 42.99 -1.57 0.26468441887772365
Car 0.0 2 -1.11 220.91 196.39 288.02 225.35 1.49 1.7 4.51 -20.84 2.94 42.43 -1.56 0.9469763458532988
Car 0.0 2 -1.17 270.34 196.55 329.24 225.42 1.5 1.56 4.45 -18.26 2.96 42.62 -1.57 0.2836166711159217
Car -1.0 -1 -10.0 513.73 179.19 550.23 205.27 -1.0 -1.0 -1.0 -1000.0 -1000.0 -1000.0 -10.0 0.014171649029624311
Car -1.0 -1 -10.0 546.02 178.15 640.85 191.73 -1.0 -1.0 -1.0 -1000.0 -1000.0 -1000.0 -10.0 0.024283379708881947
Car -1.0 -1 -10.0 669.98 166.69 706.48 182.36 -1.0 -1.0 -1.0 -1000.0 -1000.0 -1000.0 -10.0 0.8609341111697942
Car -1.0 -1 -10.0 798.1 163.56 828.35 183.39 -1.0 -1.0 -1.0 -1000.0 -1000.0 -1000.0 -10.0 0.6148877919065648
