Car 0.99 0 2.26 0.0 82.85 279.11 374.0 1.86 1.63 4.2 -2.94 1.57 2.74 1.49 0.9020189275383269
Car 0.14 0 -1.98 789.7 189.72 1195.31 374.0 1.37 1.61 4.26 3.06 1.57 6.98 -1.58 0.2553933005969994
Car 0.0 0 1.7 452.34 164.41 515.23 214.08 1.51 1.55 3.92 -4.18 1.28 24.17 1.53 0.23245087059507252
Car 0.0 1 1.9 143.54 169.87 416.72 346.19 1.51 1.55 3.71 -3.41 1.51 8.13 1.51 0.49929263227155285
Car 0.0 1 -1.85 724.6 174.79 877.38 280.38 1.5 1.53 3.37 2.98 1.56 12.08 -1.61 0.6091164811750445
Car 0.0 1 -1.78 673.4 169.89 759.9 232.58 1.47 1.56 3.16 2.64 1.43 18.76 -1.64 0.7343789090383768
Car 0.0 2 -1.71 646.7 166.61 711.51 216.64 1.48 1.56 3.62 2.12 1.32 23.33 -1.62 0.8580634374971609
Car 0.0 2 -1.68 633.09 168.84 683.83 206.03 1.39 1.54 4.6 1.87 1.27 29.53 -1.62 0.0698996880470093
Car 0.0 2 1.64 502.16 166.18 536.17 192.64 1.39 1.6 3.8 -5.05 1.06 40.24 1.52 0.1110415923647946
Car -1.0 -1 -10.0 536.65 157.31 637.73 189.64 -1.0 -1.0 -1.0 -1000.0 -1000.0 -1000.0 -10.0 0.1902594269258615
Car -1.0 -1 -10.0 749.15 153.15 809.61 179.23 -1.0 -1.0 -1.0 -1000.0 -1000.0 -1000.0 -10.0 0.05376818753537482
