Car 0.0 0 -1.72 677.9 178.32 765.87 243.98 1.55 1.66 4.15 2.82 1.71 19.26 -1.58 0.14741487719803203
Car 0.99 0 2.45 0.0 242.53 143.59 374.0 1.41 1.66 3.35 -3.81 1.84 2.85 1.57 0.9020247095750045
Car 0.15 0 2.56 940.43 160.67 1241.0 258.01 1.47 1.7 4.65 8.21 1.31 12.07 -3.14 0.0676216439421411
Car 0.0 2 2.66 883.38 137.27 1137.4 235.58 1.91 1.81 4.33 8.26 1.23 15.24 -3.14 0.8923682640444676
Car 0.0 0 -1.26 338.16 209.41 416.22 249.61 0.91 1.32 2.41 -6.26 1.95 19.46 -1.57 0.9042456441895376
Car 0.0 2 -1.31 379.95 183.53 460.85 238.92 1.63 1.61 3.81 -6.14 2.0 23.6 -1.56 0.32039020770050186
Car 0.0 0 2.01 150.64 199.4 341.17 302.07 1.43 1.57 3.48 -6.16 1.95 12.56 1.57 0.8376943460895334
Car 0.0 0 2.79 805.0 159.84 973.5 218.74 1.63 1.67 4.32 8.13 1.29 21.36 -3.13 0.15462893535333622
Car 0.0 1 1.74 458.17 183.5 507.28 217.85 1.53 1.68 3.86 -6.11 2.06 34.8 1.57 0.9253877261557412
Car 0.26 3 -0.72 1127.79 144.59 1241.0 192.41 1.74 1.8 4.37 22.57 0.71 27.55 -0.04 0.17300670157155662
Car -1.0 -1 -10.0 603.31 173.98 620.02 186.52 -1.0 -1.0 -1.0 -1000.0 -1000.0 -1000.0 -10.0 0.7431793327487571
Car -1.0 -1 -10.0 501.23 177.1 572.11 208.39 -1.0 -1.0 -1.0 -1000.0 -1000.0 -1000.0 -10.0 0.6019401757811611
Car -1.0 -1 -10.0 621.02 175.02 653.35 197.98 -1.0 -1.0 -1.0 -1000.0 -1000.0 -1000.0 -10.0 0.0673922227506446
Car -1.0 -1 -10.0 714.77 166.69 782.52 187.56 -1.0 -1.0 -1.0 -1000.0 -1000.0 -1000.0 -10.0 0.9836869062693083
