Car 0.15 0 -1.98 775.48 183.28 1161.59 374.0 1.49 1.71 3.58 2.82 1.6 6.7 -1.6 0.9610731516865868
Car 0.0 0 -1.3 286.15 199.93 446.08 296.64 1.39 1.81 3.46 -4.24 1.94 12.99 -1.61 0.27063289719271355
Car 0.0 0 -1.74 679.28 180.45 771.5 250.22 1.47 1.55 3.37 2.59 1.66 17.1 -1.6 0.08253148852968228
Car 0.0 1 -1.37 415.16 182.63 502.16 245.09 1.72 1.8 4.16 -4.58 2.03 22.26 -1.57 0.8461049809553703
Car 0.0 0 1.68 489.75 182.63 531.87 217.27 1.62 1.66 3.81 -4.96 2.13 36.27 1.55 0.6891923033077763
Cyclist 0.0 0 1.63 569.88 177.41 578.7 199.02 1.85 0.63 2.07 -3.13 2.26 63.04 1.58 0.9748874674977467
Cyclist 0.0 0 1.6 581.18 176.95 589.52 197.34 1.76 0.66 1.83 -2.17 2.12 63.31 1.57 0.11969407262397624
Car 0.0 0 1.67 519.38 183.73 549.5 205.46 1.46 1.67 4.92 -5.45 2.27 52.36 1.57 0.7607921264833902
Car 0.0 1 -1.56 630.14 178.23 649.03 193.77 1.51 1.84 4.1 3.0 2.07 72.96 -1.52 0.6783266314696916
Car 0.0 1 -1.67 646.74 175.66 692.46 213.53 1.61 1.67 3.62 2.62 1.76 32.79 -1.6 0.58640080933048
Car -1.0 -1 -10.0 611.65 173.98 618.98 194.85 -1.0 -1.0 -1.0 -1000.0 -1000.0 -1000.0 -10.0 0.6030345932642011
