Pedestrian 0.0 2 0.55 87.04 163.66 103.04 215.96 1.8 0.46 0.91 -17.82 1.49 25.24 -0.06 0.4558962989790809
Pedestrian 0.0 2 2.92 521.14 161.4 532.14 197.32 1.86 0.57 1.08 -4.69 1.27 37.89 2.8 0.7152201899633045
Car 0.0 0 1.25 467.63 155.96 520.57 196.88 2.21 1.76 4.11 -6.7 1.32 41.21 1.09 0.4925870119243422
Car 0.0 1 -2.01 503.44 163.54 556.56 194.05 1.75 1.57 4.07 -4.89 1.24 43.43 -2.12 0.1278519904654586
Car 0.0 1 -2.05 549.55 164.38 612.58 190.95 1.54 1.71 5.03 -1.88 1.08 44.4 -2.1 0.005771946355221269
Car 0.0 1 0.93 693.67 154.99 756.76 189.13 2.14 1.77 4.44 7.52 1.05 47.64 1.08 0.2914063750965076
Car 0.0 2 -2.22 728.85 161.49 776.53 184.65 1.53 1.41 3.4 9.74 0.8 49.57 -2.03 0.9447256505659496
Car 0.0 1 -2.41 767.2 160.18 819.45 184.83 1.69 1.61 3.36 13.01 0.84 51.42 -2.17 0.8235594869545312
Car 0.0 1 -2.51 794.74 164.56 854.99 184.24 1.44 1.62 4.26 16.36 0.86 55.18 -2.23 0.5464601102510195
Car 0.0 1 -2.48 831.84 164.79 876.67 184.63 1.48 1.61 2.86 18.75 0.9 55.49 -2.15 0.5083600044424846
Car 0.0 1 -2.39 854.01 165.45 903.4 184.22 1.41 1.5 3.48 20.83 0.87 56.08 -2.04 0.5070706311651025
Car 0.0 1 0.77 876.68 163.65 934.74 183.24 1.48 1.48 4.41 23.2 0.81 56.81 1.15 0.5266473876145016
Car 0.0 3 0.56 921.88 153.14 984.13 180.67 2.17 1.89 4.27 28.34 0.63 59.75 1.0 0.8897379130203887
Car 0.0 1 0.48 949.53 160.75 1005.56 179.53 1.5 1.67 3.84 30.88 0.54 60.72 0.94 0.5606305951284131
Car 0.0 2 0.52 974.38 161.93 1023.51 179.11 1.41 1.57 3.36 33.4 0.52 62.04 1.01 0.18088112948818713
Car -1.0 -1 -10.0 376.23 150.02 602.31 164.65 -1.0 -1.0 -1.0 -1000.0 -1000.0 -1000.0 -10.0 0.5387567404603445
Car -1.0 -1 -10.0 1027.3 155.23 1131.51 176.1 -1.0 -1.0 -1.0 -1000.0 -1000.0 -1000.0 -10.0 0.38433362382146097
