Car 0.5 0 -1.09 0.0 179.63 395.46 374.0 1.58 1.65 3.91 -3.21 1.64 5.87 -1.57 0.5884734209446499
Car 0.2 0 -1.96 783.85 183.61 1191.78 374.0 1.47 1.57 4.09 2.83 1.58 6.59 -1.57 0.43886696166325134
Car 0.0 1 1.81 359.76 184.94 485.88 263.37 1.43 1.63 4.39 -3.94 1.72 15.76 1.57 0.37931094984730673
Car 0.0 1 -1.73 687.18 177.95 796.36 259.75 1.45 1.58 3.53 2.51 1.57 14.72 -1.57 0.5365194085653155
Car 0.0 1 -1.65 647.97 176.22 706.11 222.04 1.46 1.67 4.4 2.25 1.6 25.52 -1.56 0.5979848484720226
Car 0.0 2 -2.97 415.61 174.5 505.21 216.58 1.8 1.62 3.7 -6.69 1.9 32.36 3.11 0.5668392206472209
Car 0.0 2 -1.65 634.9 142.03 692.82 211.86 2.87 2.13 5.8 2.3 1.63 32.72 -1.58 0.798868240789778
Car 0.0 0 1.63 544.25 175.23 563.77 191.99 1.55 1.64 3.7 -5.36 1.8 69.29 1.55 0.5142495222818462
Car -1.0 -1 -10.0 567.9 171.9 587.73 188.61 -1.0 -1.0 -1.0 -1000.0 -1000.0 -1000.0 -10.0 0.5826075795909126
Car -1.0 -1 -10.0 616.85 170.85 647.1 194.85 -1.0 -1.0 -1.0 -1000.0 -1000.0 -1000.0 -10.0 0.6638239098869384
