Car 0.0 0 -1.59 599.03 175.73 626.41 202.65 1.65 1.67 3.64 0.12 1.86 46.49 -1.59 0.5814117071928546
Car 0.91 0 -1.01 0.0 184.83 394.18 374.0 1.61 1.51 4.5 -2.69 1.7 4.01 -1.57 0.26523314267238773
Cyclist 0.0 0 -2.61 760.07 142.76 894.53 285.22 1.72 0.47 1.65 2.76 1.37 9.45 -2.33 0.7872076488053451
Pedestrian 0.0 1 2.91 763.33 160.92 796.6 268.19 1.6 0.39 0.4 2.53 1.43 10.99 3.13 0.4211783763336524
Pedestrian 0.0 1 2.41 722.69 172.23 750.81 257.78 1.5 0.4 0.35 2.2 1.49 12.9 2.57 0.7635046905293216
Pedestrian 0.0 2 0.45 226.67 176.24 260.65 285.89 1.6 0.38 0.3 -5.52 1.65 10.72 -0.01 0.6764483663102197
Cyclist 0.0 2 -2.83 739.17 151.04 838.53 259.04 1.7 0.48 1.5 2.91 1.37 11.95 -2.6 0.9713523348065016
Car -1.0 -1 -10.0 418.94 183.35 461.69 210.47 -1.0 -1.0 -1.0 -1000.0 -1000.0 -1000.0 -10.0 0.6460708397396084
Car -1.0 -1 -10.0 688.73 167.73 704.4 191.73 -1.0 -1.0 -1.0 -1000.0 -1000.0 -1000.0 -10.0 0.8388268973763127
Car -1.0 -1 -10.0 509.56 177.1 555.43 193.81 -1.0 -1.0 -1.0 -1000.0 -1000.0 -1000.0 -10.0 0.9173094113031824
