Car 0.22 0 -1.25 47.82 175.47 450.01 374.0 1.47 1.6 4.41 -2.65 1.52 6.43 -1.63 0.6971509731907589
Car 0.88 0 -2.11 811.48 143.78 1241.0 374.0 1.63 1.69 3.88 2.36 1.56 3.62 -1.57 0.7812041420081308
Car 0.0 1 -1.29 338.93 178.99 522.71 291.63 1.46 1.68 4.1 -2.64 1.57 11.45 -1.51 0.3048680943745111
Car 0.0 0 -1.7 659.3 173.07 723.45 220.38 1.49 1.64 4.17 2.7 1.53 25.04 -1.6 0.7588615999445657
Car 0.0 1 -1.85 723.54 176.87 948.44 318.97 1.41 1.56 3.97 2.55 1.48 9.26 -1.59 0.3172053051621614
Pedestrian 0.0 2 -1.27 374.93 164.28 401.34 259.14 1.83 0.6 0.39 -4.4 1.67 14.18 -1.57 0.8088741633344915
Pedestrian 0.0 2 -1.3 397.98 165.05 416.4 242.08 1.81 0.34 0.32 -4.87 1.63 17.19 -1.57 0.9851980648999793
Car 0.0 0 -1.55 544.63 170.98 579.49 202.86 1.6 1.75 3.89 -2.55 1.53 38.54 -1.62 0.9777095435126388
Car 0.0 2 -1.68 644.01 170.72 684.38 203.53 1.59 1.64 4.03 2.72 1.52 37.36 -1.6 0.39789011782988704
Pedestrian 0.0 2 -1.31 405.96 166.05 421.21 244.54 1.78 0.4 0.43 -4.5 1.63 16.64 -1.57 0.8941052627738677
Car 0.0 2 -1.6 633.83 167.12 659.26 192.6 1.83 1.75 4.52 2.7 1.44 54.44 -1.55 0.0898669272492989
Car -1.0 -1 -10.0 616.85 169.81 635.64 184.44 -1.0 -1.0 -1.0 -1000.0 -1000.0 -1000.0 -10.0 0.5690789174186711
