Car 0.74 0 0.81 0.0 194.93 214.48 374.0 1.47 1.65 4.15 -5.84 1.69 5.98 0.06 0.556022413712091
Car 0.0 0 -1.84 714.04 189.76 869.39 284.25 1.35 1.58 4.05 3.0 1.69 12.92 -1.62 0.6440856043533848
Car 0.37 3 -2.57 0.0 181.14 262.82 326.49 1.53 1.5 3.61 -6.31 1.65 8.49 3.09 0.5861530134658629
Car 0.0 2 -2.63 40.4 161.11 316.18 284.5 1.7 1.61 3.21 -6.44 1.56 10.93 3.13 0.5880326261317752
Car 0.0 0 -1.7 653.98 174.31 705.08 216.71 1.76 1.71 4.35 3.02 1.85 32.41 -1.61 0.12732710829181293
Car 0.0 2 -2.84 387.83 177.55 494.98 219.94 1.52 1.58 3.61 -6.34 1.72 27.17 -3.06 0.06857701364466462
Pedestrian 0.0 2 1.99 310.38 164.45 324.71 210.46 1.81 0.54 0.41 -11.62 1.48 28.66 1.61 0.7115178367669178
Car 0.0 2 -2.92 418.68 192.03 488.79 232.87 1.13 0.52 1.9 -4.53 1.7 20.77 -3.13 0.8147302467179431
Car 0.0 2 -3.12 429.02 190.96 490.88 231.3 1.17 0.51 1.81 -4.58 1.73 21.86 2.96 0.5350761025522583
Car -1.0 -1 -10.0 456.44 173.98 595.02 205.27 -1.0 -1.0 -1.0 -1000.0 -1000.0 -1000.0 -10.0 0.34070206972930006
Car -1.0 -1 -10.0 603.31 172.94 661.68 197.98 -1.0 -1.0 -1.0 -1000.0 -1000.0 -1000.0 -10.0 0.7099066608598712
