Car 0.85 0 -2.17 858.01 187.21 1241.0 374.0 1.49 1.71 3.58 2.85 1.6 4.04 -1.59 0.21937352044960612
Car 0.0 0 -1.24 187.16 206.21 410.55 336.32 1.39 1.81 3.46 -4.21 1.94 10.28 -1.62 0.638479815972657
Car 0.0 0 -1.77 694.42 182.34 810.65 268.25 1.47 1.55 3.37 2.64 1.67 14.27 -1.59 0.30573971320594484
Car 0.0 0 -1.35 387.48 184.82 490.59 257.42 1.72 1.8 4.16 -4.53 2.06 19.57 -1.57 0.5044385626760077
Car 0.0 0 1.7 480.49 184.4 527.39 222.32 1.62 1.66 3.81 -4.89 2.18 33.48 1.55 0.5478209813918151
Cyclist 0.0 0 1.63 568.28 179.17 577.83 202.48 1.85 0.63 2.07 -3.0 2.37 58.5 1.58 0.4801196746340698
Cyclist 0.0 0 1.6 580.18 178.42 589.18 200.4 1.76 0.66 1.83 -2.07 2.22 58.79 1.57 0.7305007941109298
Car 0.0 0 1.68 515.38 185.23 547.51 208.41 1.46 1.67 4.92 -5.36 2.34 49.54 1.57 0.8381676135232697
Car 0.0 1 -1.57 634.21 179.39 653.86 195.55 1.51 1.84 4.1 3.31 2.16 70.24 -1.52 0.45164460299009135
Car 0.0 1 -1.68 651.99 176.9 702.63 218.47 1.61 1.67 3.62 2.71 1.8 30.04 -1.59 0.48190412756809675
Car -1.0 -1 -10.0 615.81 175.02 634.6 194.85 -1.0 -1.0 -1.0 -1000.0 -1000.0 -1000.0 -10.0 0.9902807049168704
