Car 1.0 0 -0.85 0.0 195.94 302.4 374.0 1.47 1.6 4.41 -2.73 1.6 2.47 -1.63 0.17971753497720133
Car 0.13 1 -1.19 121.82 191.78 473.5 374.0 1.46 1.68 4.1 -2.74 1.69 7.34 -1.53 0.47038182873109613
Car 0.0 0 -1.73 658.96 178.75 739.12 236.24 1.49 1.64 4.17 2.44 1.67 21.0 -1.61 0.12664522254353772
Car 0.56 0 -2.03 774.12 187.83 1241.0 374.0 1.41 1.56 3.97 2.43 1.55 5.15 -1.61 0.011688030327286603
Car 0.0 2 -1.33 319.24 188.44 484.07 295.84 1.44 1.65 4.25 -3.35 1.74 12.28 -1.59 0.42726324330751075
Pedestrian 0.0 2 -1.18 287.24 167.68 324.16 293.19 1.83 0.6 0.39 -4.6 1.76 10.76 -1.57 0.11723601975359366
Pedestrian 0.0 2 -1.22 338.17 171.23 358.32 268.22 1.81 0.34 0.32 -5.04 1.79 13.68 -1.57 0.29984974545110377
Car 0.0 0 -1.54 528.16 177.22 567.48 213.12 1.6 1.75 3.89 -2.95 1.83 34.47 -1.63 0.5887304546416343
Car 0.0 2 -1.7 639.43 176.66 686.82 213.76 1.59 1.64 4.03 2.36 1.79 33.3 -1.63 0.08891903628134157
Pedestrian 0.0 2 -1.24 341.63 175.53 364.95 275.19 1.78 0.4 0.43 -4.69 1.84 13.15 -1.57 0.2562214062596885
Car 0.0 2 -1.59 627.82 173.29 654.6 200.83 1.83 1.75 4.52 2.12 1.89 50.53 -1.55 0.6114786363212937
Car -1.0 -1 -10.0 613.73 179.19 629.4 189.65 -1.0 -1.0 -1.0 -1000.0 -1000.0 -1000.0 -10.0 0.19046681608460558
