Car 1.0 0 0.59 1046.19 223.38 1241.0 374.0 1.47 1.56 3.55 2.99 1.71 1.86 1.53 0.8930661510386312
Car 0.0 0 -1.79 694.99 98.17 912.9 298.23 2.57 1.99 6.64 2.87 1.65 12.67 -1.57 0.5177896389782859
Car 0.0 0 -2.58 35.69 181.16 302.0 289.66 1.58 1.54 3.3 -6.93 1.73 11.47 -3.12 0.28906117853732916
Car 0.0 2 0.43 150.1 174.44 398.25 267.92 1.68 1.71 4.07 -6.49 1.74 14.15 0.01 0.02491846626312766
Car 0.0 2 -2.82 212.48 179.99 431.66 253.19 1.53 1.7 4.32 -6.46 1.71 16.45 3.09 0.11957810741736563
Car 0.0 2 0.28 331.46 183.07 485.14 237.19 1.54 1.78 4.2 -6.13 1.88 22.12 0.01 0.10645699295151645
Car 0.0 2 0.13 416.34 182.83 523.89 219.62 1.5 1.66 4.4 -6.05 1.96 31.38 -0.05 0.0682471251336838
Car 0.0 2 0.2 403.33 153.37 534.84 217.05 2.86 1.88 5.81 -6.59 2.01 34.04 0.01 0.8948237845705623
Car 0.0 1 -1.66 650.35 182.97 699.29 220.22 1.41 1.62 4.19 2.6 1.85 30.05 -1.58 0.18526825686389792
Car -1.0 -1 -10.0 527.27 178.15 592.94 197.98 -1.0 -1.0 -1.0 -1000.0 -1000.0 -1000.0 -10.0 0.21567327351618093
Car -1.0 -1 -10.0 597.06 178.15 639.81 194.86 -1.0 -1.0 -1.0 -1000.0 -1000.0 -1000.0 -10.0 0.9557812950634654
