Car 0.0 0 -1.96 799.41 188.21 1092.86 369.43 1.6 1.65 3.77 3.53 1.81 8.48 -1.58 0.39502688794050755
Car 0.0 0 1.71 454.21 176.2 549.44 265.34 1.86 1.63 4.2 -2.49 1.96 17.27 1.57 0.08635958134090571
Car 0.0 1 1.56 801.43 188.41 871.03 332.84 1.64 0.75 0.83 2.68 1.83 8.73 1.85 0.021806212340235276
Car 0.38 0 2.03 0.0 207.57 406.83 374.0 1.45 1.46 3.41 -2.98 1.81 6.01 1.58 0.7332038192875805
Car 0.0 1 -1.73 705.78 194.47 786.61 250.22 1.37 1.61 4.26 3.83 2.05 21.14 -1.55 0.415305178351856
Car 0.0 2 1.35 744.03 193.63 864.46 278.92 1.46 1.44 4.53 3.93 1.96 15.44 1.6 0.479830292930835
Car 0.0 1 1.62 556.84 186.07 589.25 216.55 1.51 1.55 3.92 -1.98 2.25 38.88 1.57 0.07221591184943743
Car 0.0 2 1.71 498.86 190.26 564.01 243.65 1.51 1.55 3.71 -2.47 2.1 23.13 1.6 0.5297207208918144
Car 0.0 2 -1.72 700.83 190.53 757.89 236.59 1.5 1.53 3.37 4.23 2.18 26.2 -1.56 0.33489306481255143
Car 0.0 2 -1.72 685.5 189.42 730.63 224.72 1.47 1.56 3.16 4.39 2.26 32.86 -1.59 0.11572546776965786
Car 0.0 2 -1.69 675.65 188.08 714.45 219.01 1.48 1.56 3.62 4.35 2.3 37.52 -1.57 0.11773109715856611
Car -1.0 -1 -10.0 608.52 184.4 668.98 196.94 -1.0 -1.0 -1.0 -1000.0 -1000.0 -1000.0 -10.0 0.2225079697072756
