Car 0.0 0 -1.58 560.43 177.08 602.06 215.05 1.6 1.76 3.84 -1.25 1.25 32.56 -1.62 0.13123149549607083
Car 0.74 0 -1.07 0.0 186.02 361.34 375.0 1.58 1.68 3.95 -3.24 1.61 5.07 -1.61 0.8227329784147716
Car 0.0 1 -1.29 300.82 190.42 446.15 284.73 1.39 1.5 3.4 -4.03 1.51 12.77 -1.59 0.38120107426119176
Car 0.0 2 -1.08 74.15 188.69 278.87 278.31 1.43 1.62 4.08 -8.17 1.53 14.04 -1.6 0.5658078629767563
Car 0.09 3 -0.98 0.0 188.21 164.44 254.36 1.39 1.5 4.04 -12.93 1.49 17.73 -1.6 0.38940566334426985
Car 0.0 2 -1.2 240.01 184.12 345.43 241.06 1.45 1.54 3.59 -8.9 1.44 20.52 -1.61 0.0975458319231195
Car 0.0 1 -1.35 350.22 152.01 437.94 225.21 2.58 1.91 6.53 -8.37 1.39 28.75 -1.63 0.741094726731433
Car 0.0 2 -1.16 204.34 184.93 300.22 228.4 1.45 1.8 3.73 -13.01 1.46 26.51 -1.61 0.39078373266774513
Car 0.0 1 -1.36 403.73 181.66 452.72 213.01 1.48 1.64 3.82 -9.06 1.31 36.42 -1.61 0.87913548325059
Car 0.0 1 -1.47 496.88 165.88 538.81 207.54 2.41 2.03 5.13 -5.49 1.27 44.41 -1.59 0.08991935281034569
Car 0.0 0 -1.46 456.22 149.71 526.31 221.08 2.64 2.22 5.52 -4.68 1.31 29.59 -1.62 0.852739661766292
Car 0.0 1 -1.55 520.26 149.39 550.82 196.47 4.05 2.5 16.44 -6.88 0.91 70.35 -1.64 0.8601904821243048
Car 0.0 2 -1.22 305.52 180.34 363.59 213.38 1.5 1.51 3.42 -13.12 1.27 34.64 -1.58 0.7346483125330829
