Car 0.3 3 0.62 0.0 180.58 305.09 333.32 1.52 1.69 3.68 -5.68 1.62 8.12 0.03 0.21742057986561836
Car 0.0 2 -2.58 18.95 182.56 305.16 292.4 1.45 1.55 3.21 -6.43 1.61 10.5 -3.12 0.4159352071760367
Car 0.0 1 -2.74 245.18 174.2 401.84 242.51 1.57 1.47 3.23 -6.97 1.63 17.63 -3.12 0.8292445425796783
Car 0.0 2 -2.82 286.23 179.08 433.18 235.19 1.43 1.57 3.46 -6.78 1.62 19.66 3.14 0.4617929173361546
Car 0.0 2 -2.88 319.78 160.9 476.07 228.35 1.94 1.75 4.27 -6.44 1.62 22.09 3.13 0.658076609201274
Car 0.0 0 -2.31 730.21 176.0 828.5 217.98 1.42 1.56 3.48 6.12 1.56 26.55 -2.08 0.052586804903948514
Car 0.0 0 -1.76 625.17 176.19 665.14 203.88 1.41 1.51 3.45 1.82 1.6 38.8 -1.71 0.5623184345858409
Car 0.0 2 -2.96 413.47 176.66 504.85 208.65 1.44 1.64 4.01 -7.15 1.65 34.28 3.12 0.5218300699872184
Car -1.0 -1 -10.0 491.85 166.69 573.14 191.73 -1.0 -1.0 -1.0 -1000.0 -1000.0 -1000.0 -10.0 0.24038779350665218
Car -1.0 -1 -10.0 576.23 164.6 630.44 193.81 -1.0 -1.0 -1.0 -1000.0 -1000.0 -1000.0 -10.0 0.17071284802587672
