Car 0.25 3 2.22 0.0 189.7 136.87 249.25 1.49 1.88 4.41 -16.25 2.02 21.07 1.57 0.03639286763731486
Car 0.0 0 2.05 178.34 175.48 264.35 214.16 1.94 1.88 5.3 -20.99 2.11 39.2 1.56 0.936352988829162
Car 0.0 1 2.02 259.12 183.18 294.64 209.05 1.54 0.85 2.84 -20.68 2.19 44.8 1.59 0.9623512057813352
Car 0.0 0 1.88 354.97 185.8 400.55 212.63 1.48 1.61 3.39 -13.74 2.27 42.76 1.57 0.2462904846004148
Car 0.0 1 1.95 310.8 186.7 367.57 212.27 1.44 1.79 4.32 -16.6 2.32 44.37 1.59 0.8198761053382683
Car 0.0 0 1.86 423.44 183.16 459.01 203.95 1.6 1.78 3.86 -13.65 2.45 58.48 1.63 0.42429127061711946
Car 0.0 1 1.85 394.08 183.05 428.74 203.86 1.65 1.77 3.85 -16.54 2.52 60.21 1.59 0.8378419016154443
Car -1.0 -1 -10.0 476.23 183.35 496.06 197.97 -1.0 -1.0 -1.0 -1000.0 -1000.0 -1000.0 -10.0 0.2297578509328264
Car -1.0 -1 -10.0 657.48 179.19 668.98 197.98 -1.0 -1.0 -1.0 -1000.0 -1000.0 -1000.0 -10.0 0.8755049213264965
Car -1.0 -1 -10.0 677.27 178.15 693.98 206.32 -1.0 -1.0 -1.0 -1000.0 -1000.0 -1000.0 -10.0 0.9644634231861929
Car -1.0 -1 -10.0 697.06 177.1 834.6 197.97 -1.0 -1.0 -1.0 -1000.0 -1000.0 -1000.0 -10.0 0.36942621828342104
