Car 0.0 0 1.95 185.62 185.17 390.16 307.82 1.62 1.66 3.81 -5.0 1.84 11.7 1.55 0.8425881042655115
Cyclist 0.0 0 1.73 487.36 172.2 517.35 231.98 1.85 0.63 2.07 -3.51 1.84 23.44 1.58 0.7017846711223091
Cyclist 0.0 0 1.63 514.86 173.67 538.48 228.99 1.76 0.66 1.83 -2.78 1.8 23.92 1.51 0.11849170757254224
Car 0.0 1 1.76 434.58 181.4 502.7 223.58 1.46 1.67 4.92 -5.39 1.81 27.89 1.57 0.4074765618209286
Cyclist 0.0 0 1.64 534.86 174.49 550.22 209.2 1.78 0.66 1.9 -3.58 1.88 38.06 1.55 0.7099187678136223
Car 0.0 1 -1.57 639.43 175.67 668.21 199.31 1.51 1.84 4.1 2.93 1.72 48.64 -1.51 0.20407062353326977
Car 0.0 0 -1.87 740.21 171.71 1005.25 354.03 1.61 1.67 3.62 2.63 1.63 8.25 -1.58 0.6209123333867844
Car -1.0 -1 -10.0 679.35 167.73 701.27 182.35 -1.0 -1.0 -1.0 -1000.0 -1000.0 -1000.0 -10.0 0.43334240821650205
Car -1.0 -1 -10.0 698.25 163.26 717.67 203.82 -1.0 -1.0 -1.0 -1000.0 -1000.0 -1000.0 -10.0 0.15119410551437096
Car -1.0 -1 -10.0 619.08 168.08 642.58 186.91 -1.0 -1.0 -1.0 -1000.0 -1000.0 -1000.0 -10.0 0.10917298443255186
