Car 0.78 0 -1.12 0.0 202.89 409.12 374.0 1.5 1.55 4.21 -2.68 1.78 4.79 -1.61 0.09183333067000876
Car 0.64 0 -2.02 785.69 141.57 1241.0 374.0 1.82 1.65 3.67 2.4 1.71 4.73 -1.58 0.7878214066201875
Car 0.0 2 -1.84 725.46 187.21 937.65 335.69 1.52 1.51 4.28 2.66 1.75 9.83 -1.58 0.734968325179727
Car 0.0 0 -1.39 389.17 215.29 489.69 280.81 1.0 1.43 2.52 -3.22 1.88 13.79 -1.62 0.45241470410960893
Car 0.0 1 1.73 437.4 190.78 526.57 256.64 1.42 1.57 4.1 -3.19 1.92 18.45 1.56 0.6021200918199585
Car 0.0 2 -1.79 667.89 189.4 793.85 273.61 1.43 1.64 4.14 2.29 1.81 14.94 -1.64 0.5288100204071432
Car 0.0 0 1.62 530.7 183.18 562.32 210.06 1.38 1.53 3.58 -3.47 1.96 39.56 1.54 0.08623955015307372
Car 0.0 0 -1.62 628.54 181.45 658.76 206.77 1.49 1.65 4.06 2.04 2.04 45.19 -1.58 0.7123510648329219
Car -1.0 -1 -10.0 556.44 179.19 593.98 196.94 -1.0 -1.0 -1.0 -1000.0 -1000.0 -1000.0 -10.0 0.48194746019901114
Car -1.0 -1 -10.0 602.27 177.1 639.81 194.85 -1.0 -1.0 -1.0 -1000.0 -1000.0 -1000.0 -10.0 0.7394572171424748
