Car 0.0 0 1.76 444.44 184.15 523.8 232.93 1.41 1.76 4.4 -4.04 1.8 23.62 1.59 0.292679046052569
Car 0.21 0 2.16 0.0 192.23 263.12 348.57 1.61 1.64 4.0 -6.54 1.91 9.77 1.58 0.041686079750203664
Car 0.0 1 1.88 312.01 192.73 415.05 251.21 1.43 1.7 3.74 -6.93 2.04 20.56 1.56 0.8395777682337412
Car 0.0 1 -1.62 629.04 177.73 661.4 205.83 1.55 1.66 4.15 1.99 1.85 42.21 -1.57 0.7666807796920798
Car 0.0 1 2.93 715.19 166.94 818.47 198.91 1.47 1.7 4.65 7.56 1.23 35.21 3.14 0.6222418775170139
Car 0.0 2 2.95 710.8 159.52 799.64 197.24 1.91 1.81 4.33 7.62 1.25 38.28 -3.14 0.7080718845930599
Car 0.0 2 -0.47 910.31 147.81 1006.44 182.6 2.06 2.07 4.94 21.52 0.58 44.74 -0.03 0.3957342590628308
Car -1.0 -1 -10.0 813.73 155.23 908.56 182.35 -1.0 -1.0 -1.0 -1000.0 -1000.0 -1000.0 -10.0 0.4792714282544228
Car -1.0 -1 -10.0 579.35 173.98 589.81 187.56 -1.0 -1.0 -1.0 -1000.0 -1000.0 -1000.0 -10.0 0.5597428101456692
Car -1.0 -1 -10.0 657.48 168.77 712.73 183.4 -1.0 -1.0 -1.0 -1000.0 -1000.0 -1000.0 -10.0 0.38776222455496223
Car -1.0 -1 -10.0 519.98 179.19 558.56 190.69 -1.0 -1.0 -1.0 -1000.0 -1000.0 -1000.0 -10.0 0.7829650165108183
Car -1.0 -1 -10.0 603.31 177.1 628.35 189.64 -1.0 -1.0 -1.0 -1000.0 -1000.0 -1000.0 -10.0 0.43097477812743323
