Car 0.59 0 0.76 0.0 179.55 204.45 369.18 1.59 1.56 3.5 -6.11 1.67 6.9 0.05 0.692322086794906
Car 0.25 3 -2.52 0.0 168.66 309.1 313.26 1.72 1.65 4.33 -6.53 1.7 9.53 -3.1 0.1435259800414872
Car 0.0 2 -2.61 97.65 180.18 327.35 281.44 1.59 1.6 3.03 -6.69 1.73 12.26 -3.1 0.6797080238641959
Car 0.0 2 0.43 236.52 174.06 433.11 244.22 1.57 1.54 4.1 -6.52 1.62 17.2 0.07 0.6276138288723762
Car 0.0 1 -2.86 331.29 165.6 473.36 231.07 1.89 1.59 3.87 -6.31 1.71 22.06 -3.13 0.8954421554922138
Car 0.0 0 -1.74 680.11 183.69 766.68 247.15 1.45 1.59 3.59 2.79 1.75 18.71 -1.59 0.9544231142390247
Car 0.26 0 -1.97 793.96 191.22 1193.25 374.0 1.54 1.67 3.72 2.95 1.74 6.6 -1.57 0.059547483535335344
Car 0.0 1 -1.66 653.55 175.48 704.8 219.18 1.66 1.74 3.65 2.73 1.79 29.53 -1.57 0.21824336431326208
Car 0.0 2 -2.97 396.66 177.9 509.23 218.87 1.59 1.63 4.3 -6.44 1.83 29.75 3.11 0.6436690805890191
Car -1.0 -1 -10.0 491.85 171.9 591.89 197.98 -1.0 -1.0 -1.0 -1000.0 -1000.0 -1000.0 -10.0 0.24353405284226437
Car -1.0 -1 -10.0 600.19 170.85 656.48 202.14 -1.0 -1.0 -1.0 -1000.0 -1000.0 -1000.0 -10.0 0.8600616373149743
