Car 0.32 0 2.16 0.0 184.67 261.77 370.54 1.74 1.65 4.11 -6.17 1.9 8.91 1.57 0.7558270332346982
Car 0.0 0 1.72 490.79 181.28 545.61 216.2 1.41 1.76 4.4 -3.99 1.79 31.76 1.59 0.9158153695709343
Car 0.0 1 1.97 215.83 184.95 375.94 274.09 1.61 1.64 4.0 -6.51 1.89 15.36 1.58 0.2698849800043487
Car 0.0 2 1.81 384.32 186.37 456.81 230.16 1.43 1.7 3.74 -6.84 1.95 26.27 1.56 0.5511951456018548
Car 0.0 1 -1.61 629.28 173.77 657.31 198.31 1.55 1.66 4.15 2.15 1.64 48.04 -1.57 0.3086801884231607
Car 0.0 1 2.95 703.57 164.65 791.58 192.02 1.47 1.7 4.65 7.74 1.05 40.97 3.13 0.9196136756729096
Car 0.0 2 2.98 699.12 159.11 775.54 191.8 1.91 1.81 4.33 7.7 1.12 44.04 -3.13 0.830082360186584
Car 0.0 2 -0.43 878.66 147.79 962.41 178.62 2.06 2.07 4.94 21.65 0.38 50.47 -0.03 0.16506154456072097
Car -1.0 -1 -10.0 1091.9 151.06 1214.86 204.23 -1.0 -1.0 -1.0 -1000.0 -1000.0 -1000.0 -10.0 0.1749396700080318
Car -1.0 -1 -10.0 791.85 155.23 867.93 176.1 -1.0 -1.0 -1.0 -1000.0 -1000.0 -1000.0 -10.0 0.6405831566830419
Car -1.0 -1 -10.0 580.4 169.81 592.94 185.48 -1.0 -1.0 -1.0 -1000.0 -1000.0 -1000.0 -10.0 0.9297060854370488
Car -1.0 -1 -10.0 471.02 183.35 507.52 210.47 -1.0 -1.0 -1.0 -1000.0 -1000.0 -1000.0 -10.0 0.8933586958741728
Car -1.0 -1 -10.0 537.69 176.06 563.77 187.56 -1.0 -1.0 -1.0 -1000.0 -1000.0 -1000.0 -10.0 0.9923003227449779
Car -1.0 -1 -10.0 603.31 171.9 626.27 186.53 -1.0 -1.0 -1.0 -1000.0 -1000.0 -1000.0 -10.0 0.9869787297614662
Car -1.0 -1 -10.0 657.48 163.56 701.27 181.31 -1.0 -1.0 -1.0 -1000.0 -1000.0 -1000.0 -10.0 0.6815389448932428
