Car 0.8 1 -2.36 0.0 189.87 109.67 371.82 1.58 1.62 3.26 -7.04 1.77 6.9 -3.13 0.4144886148710908
Car 0.28 3 -2.61 0.0 190.75 287.17 326.3 1.51 1.66 3.73 -6.4 1.77 9.18 3.08 0.7000382140889669
Car 0.0 2 -2.6 14.28 182.45 340.91 288.84 1.56 1.57 4.37 -6.88 1.74 11.68 -3.12 0.2652416027394029
Car 0.0 2 -2.83 202.16 180.44 406.02 260.5 1.65 1.68 3.88 -6.78 1.84 16.22 3.06 0.25500615686075634
Car 0.0 2 0.32 240.86 166.43 434.73 252.33 2.08 1.8 4.37 -7.0 1.95 18.79 -0.03 0.10444409435716917
Cyclist 0.0 0 1.64 523.93 182.67 541.31 222.87 1.59 0.58 1.69 -3.2 2.0 29.62 1.54 0.2754609687274828
Car 0.6 0 -0.66 1006.74 176.6 1241.0 370.73 1.67 1.6 3.94 6.25 1.71 7.0 0.05 0.4696954292830393
Car 0.07 2 -0.51 918.02 188.69 1241.0 321.48 1.54 1.75 3.36 6.05 1.77 9.46 0.04 0.2921006901686839
Car 0.0 2 -0.42 843.61 189.03 1083.93 284.57 1.48 1.52 3.33 5.85 1.78 12.28 0.01 0.9958431796895377
Car 0.0 2 -0.45 822.46 185.2 992.44 264.7 1.5 1.58 2.81 6.01 1.78 14.87 -0.08 0.6652642369194016
Car 0.0 2 2.76 763.88 183.74 953.89 254.89 1.57 1.68 3.97 5.86 1.86 17.39 3.08 0.47951320156917654
Car 0.0 2 -0.33 732.73 186.24 902.03 242.01 1.44 1.65 4.26 5.72 1.84 20.32 -0.06 0.998642106169661
Car 0.0 2 -0.28 730.79 175.92 867.99 235.87 1.77 1.69 3.82 5.83 1.89 22.64 -0.03 0.019802237493139363
Car 0.0 1 -2.94 383.54 183.45 499.67 221.89 1.49 1.59 4.44 -6.94 1.96 29.85 3.12 0.7179980343740694
Car 0.0 2 -2.93 414.53 185.48 512.8 220.32 1.48 1.63 4.1 -6.61 2.08 32.67 -3.13 0.4438036031348759
Car 0.0 0 -1.68 633.46 184.96 674.7 216.09 1.41 1.56 4.08 2.1 2.04 35.79 -1.63 0.23201501928364476
Car 0.0 2 -1.62 623.05 181.15 648.0 202.44 1.43 1.58 3.37 1.75 2.02 50.84 -1.58 0.052595634098384414
Car 0.0 2 -1.58 609.21 171.84 624.59 189.94 2.33 1.96 6.11 0.91 2.24 96.87 -1.57 0.9104687030384238
Car -1.0 -1 -10.0 547.06 176.06 598.14 189.64 -1.0 -1.0 -1.0 -1000.0 -1000.0 -1000.0 -10.0 0.887627526326119
