Car 0.12 3 1.76 0.0 202.65 158.86 308.72 1.43 1.74 3.63 -9.12 2.0 12.44 1.14 0.24840422443551424
Car 0.45 0 1.25 1119.4 150.91 1241.0 251.55 1.52 1.55 3.91 10.41 1.19 12.6 1.93 0.40488152119657905
Car 0.0 2 1.35 958.92 159.6 1117.64 252.21 1.62 1.84 4.1 8.51 1.41 14.81 1.86 0.6818908516675106
Car 0.0 0 -1.68 413.09 182.35 468.77 220.01 1.38 1.73 3.97 -6.89 1.78 29.0 -1.91 0.6236059172751828
Car 0.0 1 -2.87 584.51 165.18 682.88 207.75 1.74 1.58 3.9 0.99 1.46 30.82 -2.83 0.1460807486236152
Car 0.0 0 1.7 220.2 184.38 263.86 214.76 1.58 1.68 3.76 -20.48 2.24 40.21 1.23 0.6491954732163577
Car 0.0 0 -1.59 377.65 175.08 401.15 197.09 1.77 1.77 5.1 -18.79 2.0 61.28 -1.89 0.32078308421883417
Car 0.11 0 -2.23 655.39 128.83 1118.38 374.0 1.95 1.89 4.61 2.29 1.66 7.58 -1.95 0.585879716426949
Car 0.0 0 -1.9 507.77 190.09 647.54 270.48 1.35 1.64 3.76 -0.84 1.73 14.64 -1.96 0.5279883467925928
Car -1.0 -1 -10.0 269.98 175.02 292.94 208.4 -1.0 -1.0 -1.0 -1000.0 -1000.0 -1000.0 -10.0 0.9040597195694013
Car -1.0 -1 -10.0 0.19 277.1 95.02 368.81 -1.0 -1.0 -1.0 -1000.0 -1000.0 -1000.0 -10.0 0.038831092937121836
Car -1.0 -1 -10.0 299.15 172.94 360.65 195.9 -1.0 -1.0 -1.0 -1000.0 -1000.0 -1000.0 -10.0 0.1794275286359227
