Car 0.0 2 0.14 430.43 178.64 524.26 213.49 1.58 1.66 4.21 -6.31 1.88 34.49 -0.04 0.9965642935371171
Car 0.0 0 -1.67 641.02 183.04 693.73 220.14 1.32 1.63 4.1 2.14 1.73 28.33 -1.6 0.15004827242827268
Car 0.0 1 0.28 316.37 178.87 472.74 234.63 1.58 1.56 4.25 -6.46 1.78 21.77 -0.0 0.5286073705540748
Car 0.0 2 -2.71 134.83 186.13 383.17 274.31 1.5 1.58 3.88 -6.49 1.78 13.51 3.13 0.4751154230447868
Car 0.0 1 -0.42 794.22 181.25 1034.69 267.86 1.5 1.62 3.88 5.63 1.68 13.73 -0.04 0.8579837085655134
Car 0.0 3 -2.63 3.81 190.44 327.15 297.4 1.44 1.55 3.94 -6.63 1.74 10.97 3.12 0.02493920354342538
Car 0.45 3 -2.57 0.0 167.93 265.56 335.73 1.77 1.68 4.12 -6.59 1.74 8.52 3.07 0.6612365980669838
Car 0.82 0 0.8 0.0 197.02 170.56 374.0 1.51 1.59 4.28 -6.27 1.75 5.9 0.01 0.1156593351397357
Car -1.0 -1 -10.0 515.81 178.15 574.18 197.98 -1.0 -1.0 -1.0 -1000.0 -1000.0 -1000.0 -10.0 0.894885702804889
Car -1.0 -1 -10.0 608.52 177.1 647.1 196.93 -1.0 -1.0 -1.0 -1000.0 -1000.0 -1000.0 -10.0 0.7014837681075405
