Car 0.73 0 -1.02 0.0 220.65 292.23 374.0 1.39 1.81 3.46 -4.19 1.88 5.78 -1.63 0.2283592377672582
Car 0.0 0 -1.85 730.09 184.58 929.05 322.8 1.47 1.55 3.37 2.64 1.65 9.57 -1.59 0.02380202749215532
Car 0.0 0 -1.28 308.24 181.79 458.78 279.65 1.72 1.8 4.16 -4.51 1.91 14.93 -1.57 0.5615812433864985
Car 0.0 0 1.73 456.95 182.84 514.93 227.13 1.62 1.66 3.81 -4.91 2.03 28.8 1.57 0.7621848763426429
Cyclist 0.0 0 1.64 561.08 175.88 572.35 202.83 1.85 0.63 2.07 -3.06 2.07 50.75 1.58 0.5626414526507304
Cyclist 0.0 0 1.61 573.56 175.76 584.1 201.04 1.76 0.66 1.83 -2.23 1.97 51.24 1.57 0.906441017165933
Car 0.0 0 1.69 505.17 183.19 541.55 208.71 1.46 1.67 4.92 -5.35 2.12 44.85 1.57 0.9136658335320863
Car 0.0 1 -1.57 634.46 177.27 655.5 194.58 1.51 1.84 4.1 3.18 1.93 65.73 -1.52 0.7665426499584039
Car 0.0 0 -1.69 658.59 174.92 719.79 224.66 1.61 1.67 3.62 2.68 1.7 25.41 -1.59 0.11607335734006552
Car -1.0 -1 -10.0 97.06 177.1 218.98 227.14 -1.0 -1.0 -1.0 -1000.0 -1000.0 -1000.0 -10.0 0.1398240760609919
Car -1.0 -1 -10.0 614.77 168.77 629.39 194.85 -1.0 -1.0 -1.0 -1000.0 -1000.0 -1000.0 -10.0 0.9390826609401948
