Car 0.66 0 -2.47 0.0 185.49 178.85 347.31 1.46 1.57 3.6 -6.71 1.61 7.33 3.09 0.25726484449262865
Car 0.2 3 0.53 0.0 186.55 323.31 314.02 1.48 1.54 4.19 -6.23 1.69 9.5 -0.04 0.05779581518803112
Car 0.0 2 -2.64 54.43 180.34 354.22 281.14 1.52 1.57 4.08 -6.6 1.66 11.93 -3.14 0.5135800596517174
Car 0.93 0 -2.26 916.04 186.8 1241.0 374.0 1.62 1.61 3.55 3.04 1.71 3.52 -1.59 0.7764738790519904
Car 0.0 0 -1.8 694.28 188.58 793.4 256.49 1.39 1.51 3.4 3.01 1.79 17.08 -1.63 0.24223156849205685
Car 0.0 2 0.39 219.97 180.77 419.67 260.95 1.48 1.49 3.38 -5.74 1.66 14.4 0.02 0.600874743093381
Car 0.0 2 0.32 279.82 175.23 441.06 253.41 1.7 1.57 3.19 -5.75 1.77 16.74 -0.0 0.35403221242697136
Car 0.0 2 -2.95 338.49 177.22 463.15 234.93 1.63 1.55 3.35 -6.24 1.78 21.66 3.06 0.9449919113906979
Car 0.0 1 2.95 740.78 187.09 871.05 229.48 1.34 1.52 3.99 6.48 1.84 24.3 -3.08 0.11520018013546929
Car 0.0 2 0.21 398.17 160.17 502.76 214.7 2.22 1.68 4.08 -6.78 1.72 30.78 -0.0 0.3797945580004066
Car 0.0 0 -1.64 635.46 161.89 674.57 202.7 2.33 1.96 6.11 2.68 1.74 44.67 -1.58 0.5701476990715666
Car 0.0 2 -2.98 449.12 179.28 530.79 206.71 1.46 1.61 4.31 -6.71 1.85 40.45 3.14 0.05268480776712692
Car 0.0 2 -3.13 473.92 172.42 545.97 202.35 1.8 1.77 4.41 -6.32 1.81 45.56 3.02 0.3230554860955849
Car 0.0 2 -1.62 626.27 164.23 653.36 196.08 2.57 1.99 6.64 2.49 1.92 62.08 -1.58 0.2771387306958085
Car -1.0 -1 -10.0 524.15 168.77 593.98 188.6 -1.0 -1.0 -1.0 -1000.0 -1000.0 -1000.0 -10.0 0.301233573912178
Car -1.0 -1 -10.0 599.15 173.98 628.36 185.48 -1.0 -1.0 -1.0 -1000.0 -1000.0 -1000.0 -10.0 0.47588536679193316
