Car 0.0 0 1.89 214.0 194.75 445.13 324.03 1.41 1.76 4.4 -3.84 1.78 10.65 1.56 0.3581841921078518
Car 0.09 1 2.12 0.0 203.28 263.58 334.96 1.43 1.7 3.74 -6.8 1.94 10.45 1.56 0.19483664076453877
Car 0.0 1 -1.65 641.99 176.35 687.68 214.17 1.55 1.66 4.15 2.33 1.72 31.91 -1.58 0.8456827688817831
Car 0.0 1 1.79 399.44 186.74 494.47 249.85 1.41 1.66 3.35 -4.09 1.79 18.38 1.57 0.30949880897812054
Car 0.0 1 2.84 765.1 163.63 915.99 209.28 1.47 1.7 4.65 7.84 1.2 24.91 -3.14 0.035963386879282244
Car 0.0 2 2.87 752.13 153.31 877.61 205.36 1.91 1.81 4.33 7.84 1.21 27.99 -3.14 0.03929151972542566
Car 0.0 2 -0.59 1007.17 135.97 1139.25 181.7 2.06 2.07 4.94 21.88 0.39 34.26 -0.03 0.36603931887417174
Car -1.0 -1 -10.0 490.81 179.19 546.06 203.19 -1.0 -1.0 -1.0 -1000.0 -1000.0 -1000.0 -10.0 0.7805371060556212
Car -1.0 -1 -10.0 685.6 159.4 732.52 185.48 -1.0 -1.0 -1.0 -1000.0 -1000.0 -1000.0 -10.0 0.4696893486989936
Car -1.0 -1 -10.0 910.6 150.02 1027.31 179.23 -1.0 -1.0 -1.0 -1000.0 -1000.0 -1000.0 -10.0 0.8507031957056296
Car -1.0 -1 -10.0 719.98 170.85 817.94 193.81 -1.0 -1.0 -1.0 -1000.0 -1000.0 -1000.0 -10.0 0.46315118942753064
Car -1.0 -1 -10.0 541.85 175.02 571.06 191.73 -1.0 -1.0 -1.0 -1000.0 -1000.0 -1000.0 -10.0 0.06252199904241373
Car -1.0 -1 -10.0 585.6 171.9 602.31 186.53 -1.0 -1.0 -1.0 -1000.0 -1000.0 -1000.0 -10.0 0.5342951003658674
Car -1.0 -1 -10.0 611.65 172.94 634.61 186.52 -1.0 -1.0 -1.0 -1000.0 -1000.0 -1000.0 -10.0 0.6768757625426246
