Car 0.2 0 -1.99 796.74 177.46 1233.37 374.0 1.51 1.75 3.78 2.99 1.57 6.41 -1.57 0.4191355406267584
Car 0.35 0 2.19 0.0 209.3 252.64 374.0 1.36 1.51 4.02 -6.11 1.89 8.65 1.58 0.36872691499069776
Car 0.0 1 1.91 277.0 179.06 412.99 264.72 1.74 1.65 4.11 -6.03 1.89 16.83 1.57 0.09332857772487779
Car 0.0 0 1.67 532.42 179.56 568.89 204.22 1.41 1.76 4.4 -3.58 1.83 43.88 1.59 0.8063604997690681
Car 0.0 2 1.84 371.87 180.4 457.22 235.45 1.61 1.64 4.0 -6.24 1.86 23.31 1.58 0.47609739674407137
Car 0.0 1 1.75 448.51 183.28 499.25 215.99 1.43 1.7 3.74 -6.41 1.94 34.17 1.57 0.5850471166191221
Car 0.0 1 -1.62 635.41 174.46 659.61 195.4 1.55 1.66 4.15 2.86 1.7 55.95 -1.57 0.04091640896039883
Car 0.0 1 2.97 697.34 167.83 770.89 190.79 1.47 1.7 4.65 8.32 1.17 48.71 3.13 0.379193215298849
Car 0.0 2 -0.39 853.42 152.77 925.1 179.45 2.06 2.07 4.94 22.44 0.5 58.12 -0.03 0.9059684690953994
Car -1.0 -1 -10.0 501.23 181.27 530.44 202.15 -1.0 -1.0 -1.0 -1000.0 -1000.0 -1000.0 -10.0 0.2950255907484234
Car -1.0 -1 -10.0 591.85 173.98 603.35 184.44 -1.0 -1.0 -1.0 -1000.0 -1000.0 -1000.0 -10.0 0.9894663137520059
Car -1.0 -1 -10.0 614.77 172.94 633.56 185.48 -1.0 -1.0 -1.0 -1000.0 -1000.0 -1000.0 -10.0 0.5594317913415809
Car -1.0 -1 -10.0 665.81 166.69 715.85 184.44 -1.0 -1.0 -1.0 -1000.0 -1000.0 -1000.0 -10.0 0.33755910689218627
Car -1.0 -1 -10.0 986.65 159.4 1121.07 200.07 -1.0 -1.0 -1.0 -1000.0 -1000.0 -1000.0 -10.0 0.2990621690997274
