Car 0.0 0 -1.57 576.58 177.22 619.38 216.23 1.6 1.76 3.84 -0.46 1.27 31.71 -1.58 0.9773137055018383
Car 1.0 0 -0.68 0.0 178.19 246.35 375.0 1.64 1.72 4.24 -3.11 1.63 2.26 -1.57 0.31794076854932307
Car 0.33 1 -0.94 0.0 191.25 196.12 301.64 1.4 1.64 3.8 -8.51 1.53 11.43 -1.57 0.8393651438066377
Car 0.0 0 -1.16 206.12 176.21 348.58 252.81 1.65 1.66 3.96 -7.91 1.45 17.56 -1.58 0.3666335918787188
Car 0.0 0 -1.33 376.42 184.37 494.68 261.92 1.48 1.64 3.81 -3.7 1.48 15.91 -1.56 0.8869290791225979
Car 0.0 2 -1.28 337.26 182.67 422.95 229.75 1.44 1.71 3.78 -7.64 1.37 24.37 -1.58 0.15346422285075267
Car 0.0 0 -1.43 490.15 183.55 546.39 222.15 1.37 1.61 4.21 -3.47 1.32 28.26 -1.55 0.5111794602590981
Car 0.0 2 -1.39 455.71 180.36 495.5 206.19 1.45 1.64 3.86 -7.82 1.17 42.74 -1.57 0.9301100195365954
Car 0.0 1 -1.52 533.78 163.39 562.79 197.91 2.74 2.09 5.96 -4.94 0.99 60.47 -1.6 0.8410117455575177
Car 0.85 3 -0.82 0.0 187.31 59.04 269.29 1.5 1.55 3.99 -12.05 1.56 12.7 -1.57 0.5605581506618083
Car 0.0 2 -1.01 74.62 184.8 222.63 246.56 1.46 1.51 3.83 -12.17 1.47 19.3 -1.57 0.37781903409802775
