Car 0.54 0 -2.14 822.45 200.26 1241.0 374.0 1.41 1.51 3.45 2.96 1.67 5.45 -1.66 0.61123913496195
Car 0.84 0 -2.33 0.0 203.64 124.11 374.0 1.43 1.6 3.78 -6.64 1.74 6.18 -3.13 0.4262765933353443
Car 0.36 3 -2.46 0.0 190.95 260.36 334.95 1.48 1.59 3.64 -6.34 1.72 8.44 -3.09 0.7257713210663177
Car 0.0 2 -2.57 12.4 187.73 322.16 296.04 1.48 1.56 3.78 -6.62 1.74 10.95 -3.11 0.5337005682168691
Car 0.0 2 0.58 132.06 177.32 369.73 271.96 1.63 1.52 3.74 -6.64 1.74 13.41 0.13 0.47180377154296704
Car 0.0 0 -1.78 684.27 182.04 807.32 261.61 1.42 1.63 4.15 2.65 1.63 15.23 -1.62 0.5909699574790632
Car 0.0 1 0.36 298.22 185.12 475.51 244.75 1.47 1.65 4.15 -5.86 1.82 19.06 0.07 0.008673950703486089
Car 0.0 2 -1.74 664.22 180.22 728.42 221.59 1.35 1.58 4.05 2.98 1.63 25.98 -1.63 0.45026782919028663
Car 0.0 2 -2.88 326.46 179.1 461.98 233.67 1.53 1.5 3.61 -6.42 1.74 21.58 3.12 0.9315829969672397
Car 0.0 2 -2.88 362.2 170.59 471.65 224.26 1.7 1.61 3.21 -6.42 1.65 24.07 3.14 0.9831531638191945
Car 0.0 1 -1.67 643.13 171.5 677.28 201.09 1.76 1.71 4.35 3.09 1.71 45.49 -1.6 0.7005913379430702
Car -1.0 -1 -10.0 476.23 159.4 641.9 209.44 -1.0 -1.0 -1.0 -1000.0 -1000.0 -1000.0 -10.0 0.12984563290220075
