Car 0.0 0 -1.4 422.28 170.47 518.59 236.17 1.5 1.78 3.69 -3.37 1.27 18.23 -1.57 0.5851218259862224
Cyclist 0.0 0 -0.21 884.33 143.01 952.39 201.63 1.74 0.6 1.79 9.51 0.63 21.57 0.2 0.9402957002578183
Cyclist 0.0 1 -0.36 817.48 147.25 872.23 198.17 1.86 0.63 1.82 8.95 0.64 26.47 -0.03 0.04420020056088503
Pedestrian 0.0 0 0.65 528.01 161.37 555.88 213.53 1.83 0.69 1.03 -2.22 1.16 25.37 0.57 0.6752206025694801
Cyclist 0.0 0 -0.53 680.08 158.67 717.86 193.79 1.72 0.6 1.79 4.68 0.64 35.23 -0.39 0.9856074880141202
Pedestrian 0.0 0 0.24 413.82 160.45 435.08 217.5 1.8 0.61 1.04 -5.77 1.17 22.78 0.0 0.8672458019759253
Pedestrian 0.0 1 0.59 253.15 176.12 284.66 221.33 1.72 0.55 0.93 -12.99 1.56 27.32 0.15 0.3071479528084099
Pedestrian 0.0 1 0.57 243.87 178.61 275.97 222.11 1.62 0.48 0.96 -13.06 1.56 26.73 0.13 0.2136451240876912
Cyclist 0.0 0 -0.58 294.21 170.43 359.0 228.88 1.7 0.64 1.74 -8.45 1.4 21.45 -0.95 0.016490317604935245
Pedestrian 0.0 2 -2.85 351.03 170.78 371.39 215.48 1.6 0.54 0.84 -8.77 1.26 25.83 3.11 0.5478599524218483
Pedestrian 0.0 1 -3.09 342.5 168.58 365.31 222.5 1.8 0.54 1.03 -8.47 1.4 24.12 2.86 0.7275417558471529
Pedestrian 0.0 2 -2.9 427.93 161.42 441.91 217.2 1.95 0.56 0.82 -5.96 1.28 25.1 -3.13 0.923355766218384
Car 0.0 1 -0.62 1047.61 145.4 1164.39 179.46 1.55 1.81 4.39 24.25 -0.08 34.33 -0.01 0.0948084799146589
Car -1.0 -1 -10.0 957.35 153.15 1058.1 188.12 -1.0 -1.0 -1.0 -1000.0 -1000.0 -1000.0 -10.0 0.7082125289156849
Car -1.0 -1 -10.0 620.24 163.43 649.05 175.79 -1.0 -1.0 -1.0 -1000.0 -1000.0 -1000.0 -10.0 0.863581375174321
