Car 0.0 0 -0.4 749.55 186.47 986.87 286.51 1.55 1.57 3.51 4.32 1.82 12.49 -0.07 0.7654205207773608
Car 0.65 0 0.73 0.0 184.63 174.59 332.72 1.53 1.72 4.15 -7.73 1.7 8.41 0.0 0.33160728572243525
Car 0.0 1 -2.7 56.27 182.73 320.62 272.38 1.52 1.57 4.01 -7.81 1.73 13.56 3.07 0.5669539158751556
Car 0.0 2 -0.37 712.45 189.79 902.97 269.23 1.48 1.63 3.43 3.98 1.86 14.96 -0.11 0.08566942463230465
Car 0.0 2 -2.91 167.26 176.68 353.33 249.5 1.7 1.62 4.01 -8.83 1.83 18.45 2.93 0.8250970464693154
Car 0.0 2 0.25 240.75 172.9 381.2 243.02 1.91 1.51 3.49 -8.63 1.94 20.96 -0.14 0.3421273166269677
Car 0.0 2 -3.03 265.51 176.27 377.4 226.79 1.78 1.65 3.75 -10.81 1.93 27.19 2.87 0.17812717561027458
Car 0.0 0 -1.84 452.28 185.04 490.48 209.66 1.66 1.66 3.98 -9.94 2.54 51.43 -2.03 0.2167308889113101
Car -1.0 -1 -10.0 385.6 179.19 453.35 204.23 -1.0 -1.0 -1.0 -1000.0 -1000.0 -1000.0 -10.0 0.7534472471253296
Car -1.0 -1 -10.0 975.19 180.23 1114.81 231.31 -1.0 -1.0 -1.0 -1000.0 -1000.0 -1000.0 -10.0 0.49186274196481494
