Pedestrian 0.0 0 -1.77 899.37 140.1 960.37 307.16 1.75 0.82 1.14 3.57 1.32 8.14 -1.38 0.1584564649691066
Pedestrian 0.0 0 -0.93 574.13 160.73 627.46 274.41 1.77 0.94 0.93 -0.17 1.45 11.83 -0.95 0.6616482439105171
Pedestrian 0.0 2 -2.96 224.65 164.35 272.31 295.4 1.73 0.67 0.83 -4.91 1.5 9.93 2.86 0.4514940120443761
Pedestrian 0.0 0 1.82 436.34 161.59 484.34 278.29 1.82 0.8 0.86 -2.39 1.51 11.64 1.62 0.4560358845438449
Pedestrian 0.0 1 1.3 774.19 142.84 822.86 278.86 1.88 0.78 1.03 2.7 1.35 10.48 1.54 0.24099674582173958
Cyclist 0.0 0 1.62 491.82 169.01 530.52 259.99 1.69 0.66 1.75 -1.8 1.46 14.3 1.49 0.5475705686827628
Car 0.0 2 -2.82 414.76 190.71 462.28 262.41 1.25 0.5 0.69 -2.94 1.42 12.84 -3.04 0.13034778985238593
Pedestrian 0.0 0 -1.51 557.82 166.88 578.15 222.28 1.76 0.76 1.02 -1.25 1.3 23.44 -1.57 0.28853279671852117
Pedestrian 0.0 0 -1.59 538.01 166.03 551.34 218.52 1.81 0.73 0.84 -2.24 1.28 25.29 -1.68 0.9631120001666658
Car -1.0 -1 -10.0 298.0 191.18 409.2 269.14 -1.0 -1.0 -1.0 -1000.0 -1000.0 -1000.0 -10.0 0.7549011425844109
Car -1.0 -1 -10.0 635.64 157.93 675.16 211.99 -1.0 -1.0 -1.0 -1000.0 -1000.0 -1000.0 -10.0 0.41197049216712445
