Car 0.84 0 -2.18 917.12 187.22 1241.0 374.0 1.6 1.65 3.77 3.55 1.72 4.63 -1.56 0.8908359509616153
Car 0.0 0 1.75 410.51 163.32 542.83 282.13 1.86 1.63 4.2 -2.34 1.74 13.47 1.58 0.050270262177670166
Car 0.35 0 1.38 934.91 190.06 1097.09 374.0 1.64 0.75 0.83 2.58 1.76 4.76 1.85 0.9748817204008742
Car 0.99 0 2.45 0.0 215.18 239.95 374.0 1.45 1.46 3.41 -2.92 1.68 2.35 1.61 0.27323763199127005
Car 0.0 1 -1.8 729.94 188.81 842.94 257.23 1.37 1.61 4.26 4.02 1.79 17.28 -1.58 0.23214051186244722
Car 0.0 1 1.27 790.96 190.71 989.02 314.74 1.46 1.44 4.53 3.99 1.78 11.21 1.61 0.7566441683148903
Car 0.0 1 1.62 556.64 179.33 592.47 212.61 1.51 1.55 3.92 -1.71 1.84 35.1 1.57 0.28507580579255154
Car 0.0 2 1.7 483.25 181.26 561.65 245.24 1.51 1.55 3.71 -2.26 1.74 19.09 1.59 0.07268948518194329
Car 0.0 2 -1.75 721.55 184.81 792.24 238.68 1.5 1.53 3.37 4.42 1.89 22.28 -1.56 0.9163461555476601
Car 0.0 2 -1.76 700.18 182.73 754.63 222.26 1.47 1.56 3.16 4.62 1.88 28.98 -1.6 0.8286868633902996
Car 0.0 2 -1.72 686.72 181.04 732.37 214.84 1.48 1.56 3.62 4.57 1.87 33.72 -1.59 0.5186491278347367
Car -1.0 -1 -10.0 611.65 173.98 683.57 195.9 -1.0 -1.0 -1.0 -1000.0 -1000.0 -1000.0 -10.0 0.8788743706961099
