Car 0.96 0 -0.86 0.0 232.72 193.01 374.0 1.39 1.81 3.46 -4.18 1.86 3.97 -1.63 0.2721754741868164
Car 0.0 0 -1.9 754.37 186.1 1028.42 368.61 1.47 1.55 3.37 2.63 1.63 7.68 -1.58 0.201628555705478
Car 0.0 0 -1.24 255.06 181.2 439.18 295.87 1.72 1.8 4.16 -4.53 1.88 13.02 -1.57 0.539598569503264
Car 0.0 0 1.75 444.25 182.0 507.78 229.5 1.62 1.66 3.81 -4.95 1.97 26.91 1.57 0.8305854566584873
Cyclist 0.0 0 1.65 555.8 174.53 568.01 203.28 1.85 0.63 2.07 -3.19 1.97 47.63 1.58 0.11921891524243022
Cyclist 0.0 0 1.61 569.42 174.32 580.76 201.22 1.76 0.66 1.83 -2.35 1.87 48.22 1.57 0.9916501952131034
Car 0.0 0 1.69 498.81 182.63 537.38 209.26 1.46 1.67 4.92 -5.43 2.06 42.97 1.57 0.7948517169953137
Car 0.0 1 -1.57 633.63 176.15 655.29 193.97 1.51 1.84 4.1 3.04 1.82 63.93 -1.52 0.11173024652057317
Car 0.0 0 -1.7 661.3 174.45 728.13 228.52 1.61 1.67 3.62 2.64 1.68 23.51 -1.59 0.20983628074677563
Car -1.0 -1 -10.0 617.9 170.85 638.77 190.68 -1.0 -1.0 -1.0 -1000.0 -1000.0 -1000.0 -10.0 0.1156084134054769
