Car 0.18 0 1.9 78.95 137.34 450.16 374.0 1.86 1.63 4.2 -2.76 1.66 6.79 1.53 0.32372863512316263
Car 0.0 1 -1.87 754.78 197.35 963.06 320.14 1.37 1.61 4.26 3.4 1.8 10.87 -1.58 0.34551503223650826
Car 0.87 0 0.94 908.49 209.6 1241.0 374.0 1.46 1.44 4.53 3.69 1.81 4.93 1.56 0.0713477165844697
Car 0.0 0 1.66 502.78 176.52 551.64 218.24 1.51 1.55 3.92 -3.23 1.68 28.41 1.55 0.2943467894591004
Car 0.0 2 1.8 349.82 177.03 496.3 282.98 1.51 1.55 3.71 -3.03 1.6 12.24 1.56 0.7880510885366334
Car 0.0 2 -1.81 723.59 188.75 832.18 267.05 1.5 1.53 3.37 3.57 1.88 16.05 -1.6 0.6935302414298314
Car 0.0 2 -1.78 689.47 182.56 761.32 233.99 1.47 1.56 3.16 3.51 1.79 22.64 -1.63 0.5029137052366868
Car 0.0 2 -1.72 666.29 180.92 722.67 223.32 1.48 1.56 3.62 3.09 1.79 27.25 -1.61 0.29713260927152896
Car 0.0 2 -1.68 654.61 181.57 699.15 214.26 1.39 1.54 4.6 3.0 1.8 33.43 -1.59 0.4634626442950801
Car -1.0 -1 -10.0 572.38 174.18 652.28 193.72 -1.0 -1.0 -1.0 -1000.0 -1000.0 -1000.0 -10.0 0.4109777552884838
