Car 0.82 0 -1.11 0.0 184.45 398.14 374.0 1.47 1.6 4.41 -2.69 1.56 4.45 -1.63 0.5518256198074775
Car 1.0 0 -2.47 916.87 170.03 1241.0 374.0 1.63 1.69 3.88 2.37 1.61 1.66 -1.59 0.9975431817529522
Car 0.0 1 -1.25 260.6 184.41 502.52 330.87 1.46 1.68 4.1 -2.69 1.63 9.4 -1.52 0.19715439872041718
Car 0.0 0 -1.71 658.92 177.94 730.28 229.85 1.49 1.64 4.17 2.56 1.67 23.02 -1.6 0.8792269774251721
Car 0.04 1 -1.92 743.16 181.92 1075.14 374.0 1.41 1.56 3.97 2.49 1.52 7.21 -1.6 0.7062138135318325
Car 0.0 2 -1.35 375.44 181.64 507.59 266.05 1.44 1.65 4.25 -3.28 1.64 14.68 -1.56 0.6061500665075089
Pedestrian 0.0 2 -1.23 334.04 166.15 367.13 274.36 1.83 0.6 0.39 -4.52 1.72 12.45 -1.57 0.2295396584549778
Pedestrian 0.0 2 -1.26 371.14 167.08 388.92 252.49 1.81 0.34 0.32 -5.01 1.7 15.52 -1.57 0.41170146197267155
Car 0.0 0 -1.55 536.55 175.92 573.47 209.68 1.6 1.75 3.89 -2.77 1.78 36.52 -1.62 0.5569611330956633
Car 0.0 2 -1.69 641.98 177.18 685.68 212.0 1.59 1.64 4.03 2.55 1.82 35.33 -1.62 0.43868184018247636
Pedestrian 0.0 2 -1.28 377.03 169.99 399.77 257.88 1.78 0.4 0.43 -4.61 1.73 14.88 -1.57 0.37399794973732714
Car 0.0 2 -1.6 631.24 173.43 657.4 199.94 1.83 1.75 4.52 2.43 1.9 52.41 -1.55 0.782573550864764
Car -1.0 -1 -10.0 615.81 177.1 628.35 190.68 -1.0 -1.0 -1.0 -1000.0 -1000.0 -1000.0 -10.0 0.1550366881723252
