Car 0.0 0 -1.57 570.25 179.35 603.07 209.27 1.6 1.76 3.84 -1.21 1.28 40.78 -1.6 0.8871086120552283
Car 0.42 0 -0.94 0.0 192.42 195.59 324.38 1.45 1.64 3.86 -7.81 1.59 10.19 -1.58 0.14670070225748477
Car 0.0 1 -1.11 171.75 190.27 308.43 256.18 1.37 1.54 3.4 -8.71 1.52 17.27 -1.57 0.1627156600721238
Car 0.0 0 -1.28 302.58 190.42 444.66 267.11 1.38 1.71 4.49 -5.0 1.53 15.91 -1.58 0.579260179276899
Car 0.0 1 -1.34 392.36 182.95 449.85 218.14 1.49 1.67 4.05 -8.55 1.4 33.12 -1.6 0.483377570233404
Car 0.0 0 -1.44 449.68 148.79 522.51 224.1 2.74 2.09 5.96 -4.84 1.4 29.34 -1.6 0.9714434630297546
Car 0.0 1 -1.48 503.18 183.52 538.08 210.6 1.41 1.58 3.99 -4.87 1.34 40.38 -1.6 0.35695938038718067
Car 0.72 3 -0.86 0.0 182.89 87.97 266.69 1.63 1.71 4.13 -12.8 1.6 14.39 -1.58 0.41173044355391886
Car 0.0 1 -1.15 233.75 181.54 329.32 229.98 1.59 1.71 3.74 -11.59 1.47 25.74 -1.57 0.5671883843612303
Car -1.0 -1 -10.0 532.79 164.0 569.39 205.82 -1.0 -1.0 -1.0 -1000.0 -1000.0 -1000.0 -10.0 0.7376357445102769
