Car 0.86 0 2.23 0.0 204.7 245.12 374.0 1.48 1.67 3.83 -4.4 1.78 5.1 1.54 0.9787542338296448
Car 0.0 1 -1.74 679.61 176.82 782.86 252.94 1.51 1.59 4.28 2.6 1.62 16.65 -1.59 0.8944880159873202
Car 0.0 1 0.49 163.09 181.39 332.78 242.88 1.5 1.52 3.65 -9.36 1.74 18.72 0.04 0.07665562064300446
Car 0.0 1 -1.87 760.24 185.25 976.14 327.86 1.43 1.51 3.33 2.96 1.61 9.1 -1.57 0.6429116230981395
Car 0.0 2 -1.69 668.28 176.16 733.19 230.28 1.56 1.57 3.78 2.76 1.69 22.91 -1.57 0.5838244149897087
Car 0.0 0 1.73 428.08 180.54 501.17 230.65 1.47 1.71 3.85 -4.64 1.72 23.33 1.53 0.8451533668811021
Car 0.0 2 1.72 465.15 172.66 521.15 219.42 1.73 1.65 3.7 -4.62 1.75 28.77 1.56 0.22548558467493374
Car 0.71 0 -2.09 843.89 195.45 1241.0 374.0 1.45 1.61 3.51 2.88 1.64 4.75 -1.57 0.3521711719710807
Car 0.0 2 1.68 496.39 174.66 539.92 212.32 1.68 1.63 3.94 -4.37 1.79 34.55 1.56 0.48811107649062746
Car 0.0 1 -1.63 633.07 150.18 678.27 198.75 2.85 2.46 5.85 2.78 1.55 45.63 -1.57 0.33854232640211
Car 0.0 0 -1.7 534.31 178.7 556.88 193.25 1.34 1.69 3.6 -6.23 1.92 69.38 -1.79 0.7370076497881907
Car -1.0 -1 -10.0 569.98 175.02 603.36 187.56 -1.0 -1.0 -1.0 -1000.0 -1000.0 -1000.0 -10.0 0.23043991660038232
