Pedestrian 0.0 0 -1.63 623.07 161.01 667.0 299.81 1.73 0.84 0.86 0.48 1.48 9.43 -1.59 0.3881354842434822
Pedestrian 0.0 0 -1.74 676.47 154.56 732.5 296.04 1.81 0.9 0.95 1.32 1.47 9.71 -1.61 0.7099772682169581
Pedestrian 0.0 0 -1.3 262.39 157.72 323.81 309.05 1.78 0.92 1.01 -3.96 1.5 9.02 -1.71 0.5422787436328609
Cyclist 0.0 0 1.85 336.44 160.12 432.37 323.81 1.81 0.65 1.7 -2.65 1.57 8.82 1.56 0.823251663357126
Cyclist 0.0 0 1.75 463.46 166.57 520.26 256.91 1.7 0.81 1.72 -2.2 1.42 14.43 1.6 0.17954154779719056
Cyclist 0.0 2 1.71 462.04 165.52 497.58 240.12 1.79 0.62 1.9 -3.1 1.41 18.29 1.54 0.7006023327372007
Pedestrian 0.0 1 -1.52 727.76 162.17 745.14 224.72 1.63 0.61 0.82 3.61 1.13 19.16 -1.34 0.05257740796803356
Car 0.0 1 1.66 485.22 167.15 525.78 204.01 2.11 2.04 4.62 -5.77 1.28 43.85 1.52 0.2692895985276236
Car -1.0 -1 -10.0 50.75 174.55 104.81 269.13 -1.0 -1.0 -1.0 -1000.0 -1000.0 -1000.0 -10.0 0.9828683692482661
Car -1.0 -1 -10.0 535.91 170.4 585.82 196.41 -1.0 -1.0 -1.0 -1000.0 -1000.0 -1000.0 -10.0 0.6956852870978578
