Car 0.51 0 2.28 0.0 162.65 94.42 231.75 2.18 1.92 4.99 -20.23 1.89 24.35 1.6 0.11741165358147443
Car 0.0 0 2.14 91.99 177.14 166.17 221.61 1.76 1.52 2.38 -20.03 1.96 30.08 1.56 0.761366801233421
Car 0.0 0 2.06 180.0 185.01 279.44 224.0 1.49 1.88 4.41 -16.08 2.04 30.72 1.58 0.9272516461047625
Car 0.0 1 2.0 238.7 171.72 308.95 205.4 1.94 1.88 5.3 -20.68 1.91 44.6 1.57 0.5556478321912676
Car 0.0 1 1.99 301.65 178.64 331.73 201.54 1.54 0.85 2.84 -20.34 1.94 50.06 1.6 0.6080105842391407
Car 0.0 0 1.82 413.01 178.94 446.32 199.77 1.48 1.61 3.39 -13.4 1.95 53.7 1.58 0.6570660796687677
Car 0.0 0 1.92 370.97 181.39 414.78 201.56 1.44 1.79 4.32 -16.38 2.1 54.57 1.63 0.8206763417334919
Car -1.0 -1 -10.0 661.65 173.98 687.73 194.85 -1.0 -1.0 -1.0 -1000.0 -1000.0 -1000.0 -10.0 0.007556935944644905
Car -1.0 -1 -10.0 460.6 177.1 514.81 193.81 -1.0 -1.0 -1.0 -1000.0 -1000.0 -1000.0 -10.0 0.2876729601528496
Car -1.0 -1 -10.0 699.15 173.98 784.61 185.48 -1.0 -1.0 -1.0 -1000.0 -1000.0 -1000.0 -10.0 0.06523181347010265
Car -1.0 -1 -10.0 762.69 180.23 788.77 192.77 -1.0 -1.0 -1.0 -1000.0 -1000.0 -1000.0 -10.0 0.6715256303369086
