Car 0.0 0 -1.6 553.38 185.59 722.91 345.88 1.49 1.6 3.83 0.22 1.66 8.8 -1.57 0.6724524030290823
Car 0.91 0 -0.91 0.0 181.49 318.09 374.0 1.59 1.65 4.04 -3.31 1.65 3.98 -1.57 0.05028389768372599
Car 1.0 0 -2.06 749.62 0.0 1241.0 374.0 3.28 2.45 13.6 3.82 1.64 6.76 -1.57 0.8108594543669256
Car 0.0 0 -1.29 247.37 128.1 490.5 303.46 2.15 2.11 5.48 -3.48 1.63 11.67 -1.57 0.7434194981057353
Car 0.0 2 -1.38 415.41 179.57 516.21 244.37 1.46 1.73 4.19 -3.61 1.65 18.57 -1.57 0.3484636041280037
Car 0.0 1 -1.44 465.81 166.61 531.58 222.34 1.76 1.71 4.03 -3.8 1.59 25.02 -1.59 0.2890166403887784
Car 0.0 0 -1.73 694.09 177.37 755.45 218.02 1.42 1.66 4.18 4.28 1.62 27.69 -1.57 0.5471169473096484
Car 0.0 1 -1.69 670.46 164.1 723.36 205.53 1.91 2.04 4.63 4.21 1.53 35.88 -1.57 0.7538213866622467
Car -1.0 -1 -10.0 628.75 152.07 645.22 157.86 -1.0 -1.0 -1.0 -1000.0 -1000.0 -1000.0 -10.0 0.6115561381832592
Car -1.0 -1 -10.0 660.77 149.16 710.23 161.74 -1.0 -1.0 -1.0 -1000.0 -1000.0 -1000.0 -10.0 0.8920573691419288
