Car 0.0 0 1.77 417.73 187.71 512.58 245.72 1.41 1.76 4.4 -4.01 1.86 20.47 1.58 0.186049675717735
Car 0.73 0 2.28 0.0 201.03 183.27 374.0 1.61 1.64 4.0 -6.52 1.97 7.52 1.58 0.458325739988073
Car 0.0 1 1.91 270.74 193.99 392.89 260.74 1.43 1.7 3.74 -6.95 2.01 18.31 1.56 0.6470066713397343
Car 0.0 1 -1.62 630.16 177.71 664.74 207.49 1.55 1.66 4.15 2.0 1.83 39.96 -1.58 0.1304920332400974
Car 0.0 1 2.92 723.1 166.18 834.15 200.46 1.47 1.7 4.65 7.59 1.21 32.9 -3.14 0.6765075660741784
Car 0.0 2 2.94 717.72 158.42 812.79 198.62 1.91 1.81 4.33 7.66 1.24 35.98 -3.14 0.0036802746308886025
Car 0.0 2 -0.49 925.44 145.29 1027.48 181.96 2.06 2.07 4.94 21.5 0.51 42.49 -0.03 0.39321526613148594
Car -1.0 -1 -10.0 848.1 156.27 932.52 180.27 -1.0 -1.0 -1.0 -1000.0 -1000.0 -1000.0 -10.0 0.3554172021887493
Car -1.0 -1 -10.0 661.65 164.6 757.52 193.81 -1.0 -1.0 -1.0 -1000.0 -1000.0 -1000.0 -10.0 0.03974962917120417
Car -1.0 -1 -10.0 508.52 179.19 558.56 202.15 -1.0 -1.0 -1.0 -1000.0 -1000.0 -1000.0 -10.0 0.7894147408132474
Car -1.0 -1 -10.0 577.27 176.06 592.94 187.56 -1.0 -1.0 -1.0 -1000.0 -1000.0 -1000.0 -10.0 0.580076530869528
Car -1.0 -1 -10.0 602.27 175.02 631.48 190.69 -1.0 -1.0 -1.0 -1000.0 -1000.0 -1000.0 -10.0 0.5643666153553117
