Car 0.54 0 1.98 0.0 197.64 438.65 374.0 1.52 1.57 4.42 -2.72 1.78 5.83 1.56 0.8808053446714259
Car 1.0 0 0.6 951.33 223.7 1241.0 374.0 1.51 1.58 3.92 2.44 1.74 1.49 1.54 0.5319588509569645
Car 0.16 1 1.17 781.42 187.32 1108.26 374.0 1.55 1.47 3.36 2.79 1.71 6.91 1.54 0.7724345661335457
Cyclist 0.0 1 -1.79 773.85 186.43 802.1 250.53 1.44 0.36 1.26 4.13 1.76 16.96 -1.55 0.09125312374995931
Car 0.0 0 1.66 476.44 189.15 542.64 246.09 1.46 1.6 3.33 -2.87 1.96 20.91 1.52 0.24000508546988963
Car 0.0 0 -1.69 661.02 180.41 733.47 240.97 1.64 1.7 3.54 2.48 1.87 21.52 -1.57 0.35373811815481515
Car 0.0 0 1.64 543.75 185.88 575.42 212.56 1.55 1.68 4.42 -3.16 2.4 45.51 1.57 0.7361971740821086
Car 0.0 2 -1.67 637.19 176.88 672.78 210.67 2.0 1.76 4.61 2.76 2.28 45.52 -1.61 0.9260072732121386
Car -1.0 -1 -10.0 581.44 184.4 599.19 196.94 -1.0 -1.0 -1.0 -1000.0 -1000.0 -1000.0 -10.0 0.7968258597953263
Car -1.0 -1 -10.0 611.65 181.27 628.36 189.65 -1.0 -1.0 -1.0 -1000.0 -1000.0 -1000.0 -10.0 0.8578673547353931
