Car 0.0 0 -1.57 572.51 172.6 615.06 211.38 1.6 1.76 3.84 -0.64 1.07 31.89 -1.59 0.3811653829335069
Car 0.97 0 -0.74 0.0 219.37 155.47 375.0 1.35 1.57 3.72 -4.33 1.63 3.67 -1.57 0.5616741763169113
Car 0.35 1 -0.93 0.0 188.69 180.95 298.3 1.44 1.58 3.66 -8.82 1.53 11.61 -1.57 0.025150956796793356
Car 0.0 0 -1.16 163.16 184.74 380.78 299.42 1.49 1.64 3.95 -5.15 1.51 11.58 -1.57 0.8232372595587701
Car 0.0 2 -1.19 252.98 168.33 366.98 237.4 1.78 1.66 3.84 -8.41 1.34 20.58 -1.57 0.6808567629809521
Car 0.0 0 -1.35 389.51 151.34 484.95 243.52 2.23 1.88 2.54 -4.41 1.4 18.78 -1.57 0.18423873113635347
Car 0.0 1 -1.39 428.38 149.3 514.7 229.14 2.38 1.98 4.65 -4.42 1.29 23.88 -1.57 0.16184411031465817
Car 0.0 1 -1.26 342.18 183.83 407.48 221.56 1.31 1.34 3.44 -8.77 1.27 27.22 -1.57 0.814336638204773
Car 0.0 1 -1.46 490.61 171.88 533.64 206.92 1.78 1.81 4.32 -5.14 1.09 38.98 -1.59 0.7941221253897164
Car 0.0 1 -1.48 514.33 179.23 543.26 200.84 1.45 1.67 3.88 -5.53 1.04 50.58 -1.59 0.5319629794466023
Car 0.0 1 -1.51 529.69 164.04 557.17 194.34 2.52 2.02 6.17 -5.6 0.73 63.22 -1.6 0.7987774825916487
Car 0.0 2 -1.07 141.47 182.95 269.66 237.61 1.45 1.6 3.96 -11.88 1.4 21.48 -1.57 0.8655152962910504
