Car 0.0 0 -1.28 261.43 179.69 469.44 307.71 1.5 1.78 3.69 -3.27 1.51 10.33 -1.57 0.3721776536065149
Cyclist 0.0 1 -0.53 1116.09 131.17 1210.36 206.14 1.86 0.63 1.82 14.24 0.64 18.1 0.13 0.9572349101042537
Pedestrian 0.0 0 0.25 586.45 154.47 624.38 232.12 1.83 0.69 1.03 -0.05 1.22 17.12 0.25 0.9893663140591511
Cyclist 0.0 1 -0.58 857.95 151.26 906.26 194.15 1.72 0.6 1.79 11.31 0.54 28.91 -0.21 0.46899860913977653
Pedestrian 0.0 2 0.26 395.56 156.06 429.71 245.31 1.8 0.61 1.04 -3.97 1.31 14.67 0.0 0.3032997939663
Cyclist 0.0 0 -1.46 883.89 147.19 913.3 197.4 1.72 0.78 1.71 10.46 0.58 25.21 -1.07 0.05179479564768308
Pedestrian 0.0 2 0.68 166.75 177.64 194.47 242.58 1.72 0.55 0.93 -11.36 1.65 19.1 0.15 0.4903908918562001
Pedestrian 0.0 1 0.63 146.09 181.3 175.0 244.17 1.62 0.48 0.96 -11.38 1.65 18.58 0.09 0.6815561903504331
Cyclist 0.0 2 -0.14 291.59 167.38 380.37 248.32 1.7 0.64 1.74 -5.96 1.42 15.62 -0.5 0.7186351561684441
Pedestrian 0.0 0 -2.64 167.93 177.67 204.55 243.5 1.6 0.54 0.84 -10.39 1.54 17.63 3.12 0.990903531866746
Pedestrian 0.0 0 -2.96 122.47 172.54 166.17 255.53 1.8 0.54 1.03 -10.3 1.63 15.86 2.76 0.44803103554453205
Pedestrian 0.0 1 -2.71 272.0 163.03 298.41 243.99 1.95 0.56 0.82 -7.87 1.53 17.38 -3.12 0.3853229472271489
Car 0.8 1 -0.75 1188.66 131.23 1223.0 174.54 1.55 1.81 4.39 24.44 -0.25 26.06 -0.0 0.6537122603691138
Car 0.0 1 -0.62 1068.25 148.32 1211.02 185.59 1.28 1.7 3.95 19.66 0.15 26.14 0.02 0.7182200591390877
Car -1.0 -1 -10.0 468.12 166.51 492.81 190.18 -1.0 -1.0 -1.0 -1000.0 -1000.0 -1000.0 -10.0 0.6097258614574297
Car -1.0 -1 -10.0 626.4 162.4 656.23 173.73 -1.0 -1.0 -1.0 -1000.0 -1000.0 -1000.0 -10.0 0.12163724343606874
