Car 0.95 0 2.34 0.0 187.15 187.24 374.0 1.73 1.65 3.7 -4.4 1.84 4.18 1.56 0.4839548983730638
Car 0.14 0 -1.97 793.01 172.17 1192.29 374.0 1.54 1.66 3.79 2.97 1.56 6.67 -1.57 0.9697036489559955
Car 0.0 1 1.97 133.83 183.03 394.39 345.08 1.68 1.63 3.94 -4.3 1.83 9.61 1.56 0.217624068268653
Car 0.0 1 -1.85 717.89 171.47 884.78 273.55 1.48 1.64 4.15 3.08 1.49 12.65 -1.62 0.687817186431943
Car 0.0 1 -1.71 661.61 113.72 782.15 232.81 2.85 2.46 5.85 2.88 1.46 20.33 -1.57 0.30551233261600796
Car 0.0 2 -1.67 657.6 162.62 710.88 213.08 1.78 1.59 4.33 2.75 1.45 27.85 -1.57 0.23237676493893256
Car 0.0 2 1.44 650.09 172.34 699.2 211.2 1.53 1.57 3.87 2.65 1.54 30.72 1.53 0.46683008436138473
Car 0.0 1 -1.66 628.49 173.97 661.61 200.28 1.45 1.61 3.34 1.97 1.54 41.89 -1.61 0.9419041005133166
Car 0.0 0 -1.66 496.75 182.38 529.67 205.51 1.34 1.69 3.6 -6.03 1.94 44.46 -1.79 0.9103033536453571
Car 0.0 1 -1.85 603.0 173.65 641.55 199.91 1.69 1.59 3.77 0.77 1.77 48.75 -1.84 0.6897821825861162
Car 0.0 0 -1.77 578.37 177.18 606.92 195.58 1.49 1.71 3.58 -1.51 1.88 60.97 -1.8 0.6001967149953619
Car -1.0 -1 -10.0 471.02 176.06 503.35 191.73 -1.0 -1.0 -1.0 -1000.0 -1000.0 -1000.0 -10.0 0.6387902072157805
Car -1.0 -1 -10.0 546.02 176.06 562.73 189.64 -1.0 -1.0 -1.0 -1000.0 -1000.0 -1000.0 -10.0 0.28329872919645127
