Car 0.56 0 0.75 0.0 185.26 247.11 374.0 1.52 1.64 3.65 -5.59 1.65 6.58 0.06 0.1889309623692913
Car 0.0 0 -1.86 768.82 189.41 971.33 321.0 1.43 1.58 3.37 3.26 1.69 9.83 -1.55 0.3261617662701515
Car 0.0 1 -2.74 126.86 185.21 389.97 269.33 1.41 1.53 4.11 -6.41 1.66 13.36 3.11 0.1897923745236041
Car 0.0 2 -2.85 291.52 181.04 449.09 241.01 1.46 1.57 3.6 -6.22 1.69 18.86 3.12 0.2862107231754104
Car 0.0 2 0.25 330.2 181.1 489.0 235.7 1.48 1.54 4.19 -5.79 1.75 21.02 -0.01 0.8100291500337132
Car 0.0 2 -2.86 352.63 179.81 491.18 229.2 1.52 1.57 4.08 -6.09 1.76 23.48 -3.11 0.7466854221367083
Car 0.0 2 -1.78 724.92 178.48 844.41 268.7 1.62 1.61 3.55 3.4 1.75 14.83 -1.56 0.5166353237489408
Car 0.0 1 -1.73 679.04 183.35 732.38 221.89 1.39 1.51 3.4 3.66 1.82 28.29 -1.61 0.3792885532030198
Car 0.0 2 0.24 414.33 181.02 517.8 224.46 1.48 1.49 3.38 -5.17 1.8 25.94 0.04 0.665806486812715
Car 0.0 2 0.2 435.35 175.07 524.94 220.38 1.7 1.57 3.19 -5.08 1.81 28.29 0.03 0.6133300042362407
Car 0.0 0 -1.62 647.95 164.98 677.81 197.03 2.33 1.96 6.11 4.03 1.8 56.04 -1.55 0.9985048010804162
Car 0.0 2 -3.02 504.81 178.28 567.13 199.42 1.46 1.61 4.31 -5.35 1.88 52.21 -3.12 0.03515891115117564
Car -1.0 -1 -10.0 563.73 171.9 648.15 191.73 -1.0 -1.0 -1.0 -1000.0 -1000.0 -1000.0 -10.0 0.11898434485901976
