Car 0.99 0 -2.49 970.63 213.61 1241.0 374.0 1.47 1.58 3.55 3.07 1.7 2.59 -1.67 0.03313887237216839
Car 0.2 1 -2.02 726.86 202.77 1118.87 374.0 1.37 1.7 4.38 2.6 1.76 7.41 -1.69 0.8242062440882603
Car 0.0 1 -1.85 663.13 194.32 826.94 302.77 1.4 1.56 3.91 1.99 1.81 11.97 -1.69 0.6134541044918126
Car 0.0 1 -1.77 604.26 182.99 705.58 259.55 1.6 1.65 3.77 0.91 1.85 17.28 -1.72 0.27917701055058175
Car 0.0 0 1.66 389.25 181.29 449.62 240.88 1.86 1.63 4.2 -6.52 2.16 24.91 1.4 0.6122729233101081
Car 0.0 1 1.8 263.47 202.3 392.0 298.96 1.45 1.46 3.41 -5.16 2.06 13.48 1.44 0.7576891819661578
Car 0.47 1 1.92 0.0 213.58 318.5 374.0 1.46 1.55 4.21 -4.21 1.97 7.06 1.4 0.917675298275924
Car 0.0 2 -1.67 565.03 189.18 614.58 226.83 1.37 1.61 4.26 -0.94 2.07 29.71 -1.7 0.7311399777340463
Car 0.0 1 1.57 450.83 186.65 476.68 211.96 1.51 1.55 3.92 -9.44 2.42 46.43 1.37 0.9019144198922767
Car -1.0 -1 -10.0 483.52 183.35 577.31 209.43 -1.0 -1.0 -1.0 -1000.0 -1000.0 -1000.0 -10.0 0.6030914522205837
