Car 0.09 0 2.17 0.0 203.72 310.18 357.03 1.43 1.61 4.13 -5.75 1.91 9.46 1.63 0.08024137695917988
Car 0.95 0 -2.29 947.91 186.11 1241.0 374.0 1.47 1.6 3.87 3.28 1.56 3.43 -1.57 0.43205409093945846
Car 0.0 1 -1.9 770.75 178.84 1027.1 342.03 1.57 1.57 4.04 3.22 1.66 9.04 -1.57 0.8294504315390234
Car 0.0 1 1.93 263.42 191.83 400.79 275.48 1.48 1.5 3.58 -5.73 1.92 15.2 1.57 0.10798156693624394
Car 0.0 1 1.34 698.55 181.5 794.35 244.4 1.46 1.61 3.61 3.39 1.69 18.78 1.52 0.7852817147536455
Car 0.0 1 1.88 402.07 186.08 485.79 235.6 1.48 1.56 4.09 -5.53 1.96 24.35 1.66 0.9914045322952726
Car 0.0 2 -1.76 675.09 181.87 746.62 229.18 1.46 1.67 3.89 3.32 1.78 24.65 -1.63 0.034619363040385265
Car 0.0 1 1.7 485.79 179.5 524.72 209.84 1.56 1.63 3.62 -5.69 1.94 39.36 1.56 0.611185008218173
Car 0.0 1 -1.73 656.89 179.6 704.14 214.72 1.51 1.6 3.54 3.15 1.83 33.16 -1.63 0.6726862104064529
Car 0.0 1 -2.55 527.09 175.51 579.08 193.01 1.5 1.71 4.35 -5.06 1.76 63.77 -2.63 0.36596064767409353
Car -1.0 -1 -10.0 667.9 141.69 770.02 183.4 -1.0 -1.0 -1.0 -1000.0 -1000.0 -1000.0 -10.0 0.5388336502421702
