Car 0.97 0 -2.29 927.87 186.96 1241.0 374.0 1.4 1.61 3.77 2.95 1.49 3.07 -1.57 0.2713346103053417
Car 0.0 0 -1.8 761.82 177.67 956.53 311.19 1.41 1.57 3.16 2.93 1.49 9.26 -1.51 0.13511741702377167
Car 0.0 0 1.99 201.95 197.24 370.09 294.99 1.53 1.56 3.58 -6.03 2.04 13.79 1.59 0.8949172558186876
Car 0.0 1 1.73 464.13 187.59 506.32 218.15 1.42 1.54 3.5 -6.28 2.19 36.43 1.56 0.054854297929444074
Car 0.0 1 -1.64 644.95 176.79 681.85 205.76 1.51 1.75 3.78 2.89 1.75 40.0 -1.57 0.8062117697854702
Car 0.0 2 1.73 483.81 186.82 521.11 212.26 1.36 1.51 4.02 -6.25 2.2 42.06 1.58 0.9698119573978324
Car 0.0 2 -1.09 195.09 200.22 255.93 226.34 1.4 1.6 3.97 -23.45 3.14 44.11 -1.57 0.906551020043307
Car 0.0 2 -1.12 231.31 196.22 295.78 224.39 1.49 1.7 4.51 -20.83 2.96 43.53 -1.57 0.38311680442418916
Car 0.0 2 -1.18 279.55 196.16 336.14 224.21 1.5 1.56 4.45 -18.26 2.97 43.73 -1.57 0.8595911990156981
Car -1.0 -1 -10.0 523.1 175.02 639.81 202.15 -1.0 -1.0 -1.0 -1000.0 -1000.0 -1000.0 -10.0 0.27466634040266635
Car -1.0 -1 -10.0 667.9 163.56 735.65 182.35 -1.0 -1.0 -1.0 -1000.0 -1000.0 -1000.0 -10.0 0.12603526423215006
Car -1.0 -1 -10.0 794.98 162.52 827.31 182.35 -1.0 -1.0 -1.0 -1000.0 -1000.0 -1000.0 -10.0 0.6769702771322348
