Car 0.0 0 1.82 396.41 185.67 493.25 246.9 1.47 1.66 3.76 -4.42 1.84 19.66 1.6 0.5911792150658693
Car 0.96 1 -2.32 1001.31 210.93 1241.0 374.0 1.41 1.66 3.86 3.84 1.69 3.72 -1.56 0.7976539111992689
Car 0.0 1 -2.0 809.01 178.82 1051.98 326.77 1.59 1.59 3.34 3.92 1.68 9.54 -1.62 0.970143555782279
Car 0.0 1 -1.8 752.34 181.95 878.08 265.86 1.47 1.6 3.7 3.98 1.67 14.7 -1.54 0.6606616055488963
Car 0.0 2 1.78 453.56 183.19 524.2 228.11 1.43 1.68 3.76 -4.2 1.81 25.33 1.62 0.674687016466323
Car 0.0 2 -1.74 720.52 178.44 802.89 237.51 1.49 1.64 3.52 4.1 1.66 20.15 -1.54 0.33101316261008673
Car 0.0 2 1.75 485.4 182.1 543.4 217.67 1.38 1.68 4.34 -4.03 1.79 30.78 1.62 0.5347385679563932
Car 0.0 2 -1.71 698.14 177.37 762.69 224.04 1.5 1.64 4.14 4.13 1.68 25.5 -1.55 0.7929733212831734
Car 0.0 0 1.71 546.21 178.35 577.85 201.89 1.45 1.6 3.2 -3.09 1.82 46.63 1.64 0.6490785602768973
Car -1.0 -1 -10.0 650.19 170.85 692.94 191.72 -1.0 -1.0 -1.0 -1000.0 -1000.0 -1000.0 -10.0 0.9128345771167756
