Car 0.0 0 -1.87 726.97 191.29 919.52 305.96 1.35 1.58 4.05 2.96 1.68 11.06 -1.62 0.6931652376390477
Car 0.72 0 -2.46 0.0 182.28 169.21 371.02 1.53 1.5 3.61 -6.35 1.64 6.56 3.08 0.2946550739898084
Car 0.29 3 -2.54 0.0 157.39 253.38 308.71 1.7 1.61 3.21 -6.51 1.55 9.0 3.13 0.6001885850711928
Car 0.0 0 -1.7 653.49 174.65 708.34 219.9 1.76 1.71 4.35 2.89 1.86 30.52 -1.61 0.8960312504443952
Car 0.0 2 -2.82 367.05 176.69 483.3 222.49 1.52 1.58 3.61 -6.44 1.68 25.2 -3.07 0.6438148124045296
Pedestrian 0.0 2 2.02 281.37 164.76 296.71 214.65 1.81 0.54 0.41 -11.77 1.52 26.44 1.6 0.7905352591740785
Car 0.0 2 -2.89 395.55 195.55 473.34 240.74 1.13 0.52 1.9 -4.62 1.74 18.84 -3.13 0.04168093068510592
Car 0.0 0 -1.3 388.36 193.27 433.53 250.46 1.19 0.55 1.65 -4.52 1.67 16.3 -1.57 0.8637878562923633
Car 0.0 2 -3.1 410.48 191.74 478.69 236.12 1.17 0.51 1.81 -4.59 1.71 19.92 2.95 0.683194451083825
Car -1.0 -1 -10.0 444.98 170.85 587.73 205.27 -1.0 -1.0 -1.0 -1000.0 -1000.0 -1000.0 -10.0 0.18483557378650473
Car -1.0 -1 -10.0 612.69 171.9 658.57 195.9 -1.0 -1.0 -1.0 -1000.0 -1000.0 -1000.0 -10.0 0.43321425139097314
