Car 0.13 0 -1.99 802.19 179.66 1215.72 374.0 1.4 1.61 3.77 3.0 1.48 6.48 -1.57 0.4569984470844437
Car 0.0 1 -1.72 727.1 175.8 850.38 268.97 1.41 1.57 3.16 2.94 1.48 12.59 -1.49 0.23795148091188734
Car 0.0 0 1.92 287.91 192.45 410.83 268.24 1.53 1.56 3.58 -6.05 2.03 17.04 1.59 0.24272774252590978
Car 0.0 1 1.72 476.44 185.82 514.11 213.47 1.42 1.54 3.5 -6.32 2.15 39.84 1.56 0.12757880389438792
Car 0.0 1 -1.64 641.83 173.9 675.5 200.56 1.51 1.75 3.78 2.85 1.6 43.32 -1.57 0.7070427796198505
Car 0.0 2 1.72 493.61 184.59 527.42 207.85 1.36 1.51 4.02 -6.24 2.12 45.42 1.58 0.5768794966349498
Car -1.0 -1 -10.0 523.1 178.15 561.68 200.07 -1.0 -1.0 -1.0 -1000.0 -1000.0 -1000.0 -10.0 0.09218313565777858
Car -1.0 -1 -10.0 565.81 175.02 618.98 191.73 -1.0 -1.0 -1.0 -1000.0 -1000.0 -1000.0 -10.0 0.9750411232689117
Car -1.0 -1 -10.0 623.1 173.98 635.64 185.48 -1.0 -1.0 -1.0 -1000.0 -1000.0 -1000.0 -10.0 0.3941836689008884
Car -1.0 -1 -10.0 661.65 163.56 705.44 180.27 -1.0 -1.0 -1.0 -1000.0 -1000.0 -1000.0 -10.0 0.7264102337619656
Car -1.0 -1 -10.0 788.73 160.44 812.73 178.19 -1.0 -1.0 -1.0 -1000.0 -1000.0 -1000.0 -10.0 0.8859351773268556
