Pedestrian 0.21 3 -1.45 1153.52 132.6 1237.52 350.15 1.59 0.66 0.65 4.66 1.23 5.64 -0.79 0.3584006418284874
Cyclist 0.0 0 1.68 257.22 159.14 391.36 370.46 1.67 0.93 1.69 -2.51 1.49 6.61 1.33 0.43878544095806504
Pedestrian 0.0 0 -1.94 831.13 144.25 886.46 262.98 1.75 0.82 1.14 3.79 1.2 11.19 -1.63 0.5897850417243645
Pedestrian 0.0 0 -1.31 581.27 158.09 611.94 245.18 1.77 0.94 0.93 -0.34 1.3 15.15 -1.33 0.8522532703363286
Pedestrian 0.0 1 -2.96 452.6 159.73 480.27 243.06 1.73 0.67 0.83 -3.0 1.28 15.32 3.12 0.5494212906190661
Pedestrian 0.0 0 1.7 528.33 157.93 553.66 233.49 1.82 0.8 0.86 -1.51 1.25 17.76 1.61 0.0023759282959385786
Pedestrian 0.0 1 1.39 726.03 144.09 755.36 227.92 1.88 0.78 1.03 3.12 1.04 16.68 1.57 0.8413268021749711
Cyclist 0.0 2 1.63 544.39 163.28 569.21 219.69 1.69 0.66 1.75 -1.4 1.15 22.51 1.56 0.4217953398431634
Car -1.0 -1 -10.0 453.84 176.63 526.6 231.73 -1.0 -1.0 -1.0 -1000.0 -1000.0 -1000.0 -10.0 0.7533626577538537
Car -1.0 -1 -10.0 653.3 161.05 691.78 205.76 -1.0 -1.0 -1.0 -1000.0 -1000.0 -1000.0 -10.0 0.9505862874047507
