Car 1.0 0 -2.25 813.39 0.0 1171.49 374.0 2.85 2.46 5.85 2.99 1.52 3.37 -1.57 0.717104498625885
Car 0.0 1 -1.82 722.09 147.77 915.04 299.42 1.78 1.59 4.33 2.76 1.51 10.71 -1.57 0.4476485004905384
Car 0.0 1 1.36 688.59 171.7 799.03 251.05 1.53 1.57 3.87 2.79 1.54 16.04 1.53 0.2375391132214585
Car 0.0 1 -1.77 639.83 175.55 705.46 221.25 1.45 1.61 3.34 2.05 1.56 24.88 -1.68 0.8827328271990295
Car 0.21 0 -1.31 0.0 195.1 99.1 260.67 1.48 1.6 3.72 -14.9 2.1 18.92 -1.97 0.6693376550283293
Car 0.0 0 -1.45 161.77 197.94 208.48 252.55 1.28 0.8 1.93 -10.97 1.95 18.6 -1.98 0.9089816039453715
Cyclist 0.0 0 1.65 482.15 174.38 498.53 215.17 1.76 0.57 1.83 -5.34 1.84 32.09 1.48 0.47346129825073235
Car 0.0 0 -1.56 429.44 184.29 478.44 223.25 1.34 1.69 3.6 -5.93 1.79 27.38 -1.77 0.04456731681161474
Car 0.0 1 -1.82 603.54 172.72 660.6 213.97 1.69 1.59 3.77 0.87 1.71 31.76 -1.8 0.7517574786107998
Car 0.0 0 -1.76 567.05 177.09 605.83 202.97 1.49 1.71 3.58 -1.5 1.77 43.89 -1.79 0.6164390385339501
Cyclist 0.0 0 1.55 502.52 173.39 518.13 210.55 1.69 0.66 2.0 -4.74 1.73 34.01 1.41 0.44274602786772865
Car -1.0 -1 -10.0 529.35 176.06 573.14 195.89 -1.0 -1.0 -1.0 -1000.0 -1000.0 -1000.0 -10.0 0.9245764588710442
