Car 0.97 0 -2.28 910.45 180.63 1241.0 374.0 1.51 1.75 3.78 2.9 1.56 3.06 -1.57 0.13810337420130758
Car 0.96 0 2.41 0.0 226.96 94.33 374.0 1.36 1.51 4.02 -6.06 1.9 5.31 1.58 0.47599484172806894
Car 0.0 0 1.99 171.76 178.21 365.88 289.85 1.74 1.65 4.11 -6.1 1.85 13.39 1.57 0.2699862484304735
Car 0.0 0 1.69 515.71 179.13 558.67 207.36 1.41 1.76 4.4 -3.86 1.76 38.61 1.59 0.4557052711702938
Car 0.0 1 1.89 320.27 181.03 428.37 246.78 1.61 1.64 4.0 -6.39 1.85 19.88 1.58 0.40651413246276635
Car 0.0 1 1.77 424.52 184.82 482.67 221.51 1.43 1.7 3.74 -6.64 1.96 30.82 1.56 0.23443907606053027
Car 0.0 1 -1.61 632.1 174.08 657.73 196.42 1.55 1.66 4.15 2.49 1.66 52.58 -1.57 0.15396012116904167
Car 0.0 1 2.96 698.39 166.16 777.39 190.8 1.47 1.7 4.65 7.98 1.09 45.43 3.13 0.19329547652267953
Car 0.0 2 -0.41 862.35 150.44 938.56 178.72 2.06 2.07 4.94 22.06 0.42 54.95 -0.03 0.32080157155772804
Car -1.0 -1 -10.0 1033.5 151.06 1239.98 200.06 -1.0 -1.0 -1.0 -1000.0 -1000.0 -1000.0 -10.0 0.7991025958484396
Car -1.0 -1 -10.0 583.52 170.85 596.06 183.39 -1.0 -1.0 -1.0 -1000.0 -1000.0 -1000.0 -10.0 0.9009416608829469
Car -1.0 -1 -10.0 487.69 178.15 522.11 204.23 -1.0 -1.0 -1.0 -1000.0 -1000.0 -1000.0 -10.0 0.815680421128638
Car -1.0 -1 -10.0 784.56 156.27 851.27 178.19 -1.0 -1.0 -1.0 -1000.0 -1000.0 -1000.0 -10.0 0.13047639426973356
Car -1.0 -1 -10.0 660.6 165.65 716.89 186.53 -1.0 -1.0 -1.0 -1000.0 -1000.0 -1000.0 -10.0 0.7199582390326237
