Cyclist 0.0 3 -1.82 836.75 157.84 881.0 239.53 1.8 0.52 1.75 5.73 1.48 16.79 -1.49 0.6846621727698643
Pedestrian 0.0 1 -1.92 870.38 163.43 895.38 224.81 1.7 0.69 0.68 7.63 1.45 20.42 -1.57 0.6227203686493636
Pedestrian 0.0 0 -1.96 899.7 162.57 921.7 224.44 1.7 0.48 0.87 8.34 1.42 20.29 -1.58 0.02935015567958421
Car 0.0 2 -1.9 888.54 187.92 916.14 223.58 1.0 0.5 0.77 8.39 1.44 20.82 -1.53 0.4777664626300031
Cyclist 0.0 3 -1.66 754.24 170.06 767.79 206.81 1.64 0.44 1.56 6.86 1.52 32.96 -1.46 0.7905708010986467
Car -1.0 -1 -10.0 677.27 166.69 827.31 179.23 -1.0 -1.0 -1.0 -1000.0 -1000.0 -1000.0 -10.0 0.8412865174875022
Car -1.0 -1 -10.0 792.1 156.17 1240.0 201.29 -1.0 -1.0 -1.0 -1000.0 -1000.0 -1000.0 -10.0 0.044425665535439585
Car -1.0 -1 -10.0 572.42 175.08 587.75 185.75 -1.0 -1.0 -1.0 -1000.0 -1000.0 -1000.0 -10.0 0.9529304476232094
Car -1.0 -1 -10.0 481.44 177.1 503.36 186.52 -1.0 -1.0 -1.0 -1000.0 -1000.0 -1000.0 -10.0 0.5868834871359965
Car -1.0 -1 -10.0 606.44 176.06 632.52 186.52 -1.0 -1.0 -1.0 -1000.0 -1000.0 -1000.0 -10.0 0.9842753112646806
