Car 0.78 0 2.28 0.0 212.36 185.88 374.0 1.48 1.5 3.58 -5.72 1.93 6.55 1.58 0.8851941202660893
Car 0.0 0 1.21 763.34 179.09 984.02 307.17 1.46 1.61 3.61 3.39 1.56 10.13 1.52 0.8428098514257103
Car 0.0 1 2.0 265.08 188.0 421.29 269.63 1.48 1.56 4.09 -5.62 1.84 15.64 1.66 0.014479843231952061
Car 0.0 1 -1.83 705.99 178.4 830.56 255.27 1.46 1.67 3.89 3.28 1.6 15.88 -1.63 0.06640836672553374
Car 0.0 1 1.76 447.3 177.56 502.66 217.21 1.56 1.63 3.62 -5.68 1.78 30.53 1.58 0.06441446074194201
Car 0.0 1 -1.76 670.65 176.03 738.43 224.71 1.51 1.6 3.54 3.08 1.64 24.42 -1.64 0.30803854465632496
Car 0.0 2 -1.78 661.73 174.66 714.82 214.09 1.53 1.5 3.34 3.17 1.63 30.01 -1.68 0.8675377136800065
Car 0.0 2 1.72 476.07 178.92 515.7 210.31 1.46 1.43 3.52 -5.61 1.77 35.6 1.56 0.49268101576389445
Car -1.0 -1 -10.0 4.35 178.15 239.81 233.4 -1.0 -1.0 -1.0 -1000.0 -1000.0 -1000.0 -10.0 0.688262432835729
Car -1.0 -1 -10.0 783.52 158.35 848.14 189.64 -1.0 -1.0 -1.0 -1000.0 -1000.0 -1000.0 -10.0 0.34491597995803014
