Car 0.57 0 2.22 0.0 195.66 213.98 374.0 1.45 1.6 3.2 -5.63 1.72 7.09 1.57 0.49537386747210777
Car 0.99 1 -2.46 952.19 194.63 1241.0 374.0 1.49 1.68 3.8 3.11 1.62 2.71 -1.65 0.8403497932951997
Car 0.0 1 2.01 134.33 184.35 349.05 296.44 1.49 1.63 3.68 -5.75 1.7 11.7 1.56 0.10257066048757646
Car 0.0 1 -1.97 776.42 180.76 1064.51 350.3 1.49 1.61 3.55 3.15 1.59 8.23 -1.62 0.5374096384700152
Car 0.0 0 1.08 469.62 176.39 526.09 203.61 1.41 1.57 3.53 -6.22 1.63 39.57 0.93 0.10170371794596822
Pedestrian 0.0 0 0.77 673.24 167.79 685.58 203.25 1.69 0.69 0.83 3.24 1.45 34.87 0.86 0.1440229088367777
Car 0.0 1 2.61 559.46 172.3 619.28 192.62 1.47 1.72 4.22 -1.56 1.45 54.52 2.58 0.34797162368583356
Car 0.0 2 0.8 349.61 178.49 418.49 202.19 1.42 1.71 4.14 -14.2 1.8 45.21 0.5 0.2423897969202159
Car 0.0 1 2.79 662.81 172.3 726.86 191.7 1.48 1.87 4.74 6.78 1.47 57.93 2.9 0.3680943272510748
Car 0.0 2 3.12 582.89 149.83 662.76 191.3 3.58 2.43 7.0 1.12 1.6 64.76 3.14 0.8003298318043391
