Car 0.0 0 -1.59 567.77 176.99 606.63 212.44 1.6 1.76 3.84 -1.06 1.22 34.73 -1.62 0.566034115364602
Car 0.11 0 -1.1 13.84 200.61 361.65 375.0 1.39 1.5 3.4 -3.86 1.6 7.23 -1.57 0.922919526853456
Car 0.11 3 -0.97 0.0 189.94 213.55 292.39 1.45 1.54 3.59 -8.59 1.56 12.37 -1.57 0.7609842130937656
Car 0.0 1 -1.26 250.84 139.85 398.15 246.62 2.58 1.91 6.53 -7.86 1.46 20.74 -1.62 0.10183152354566827
Car 0.0 2 -1.01 29.67 186.64 196.4 250.96 1.45 1.8 3.73 -12.63 1.51 18.62 -1.6 0.2951899908512944
Car 0.0 1 -1.3 354.88 182.33 424.95 223.56 1.48 1.64 3.82 -8.49 1.38 28.21 -1.59 0.9808497478942245
Car 0.0 1 -1.46 493.23 163.11 541.83 211.18 2.41 2.03 5.13 -4.81 1.28 38.83 -1.59 0.641589642160164
Car 0.0 0 -1.43 429.7 143.51 522.85 233.92 2.64 2.22 5.52 -4.23 1.41 23.94 -1.6 0.5728378578215901
Car 0.0 1 -1.53 523.28 145.75 559.28 197.84 4.05 2.5 16.44 -5.74 0.92 64.38 -1.62 0.3328449728526387
Car 0.0 2 -1.13 226.6 180.27 311.49 223.72 1.5 1.51 3.42 -12.53 1.32 26.74 -1.56 0.6269352328778821
