Car 0.0 1 2.96 94.38 170.53 231.97 210.44 1.66 1.57 5.04 -19.97 1.58 32.35 2.41 0.6804097820101219
Car 0.0 1 2.0 123.41 155.58 199.76 198.83 2.93 2.3 6.29 -32.44 1.8 52.44 1.44 0.8763663673924259
Car 0.0 1 2.95 633.32 169.46 706.3 197.44 1.49 1.46 3.84 3.29 1.33 40.3 3.03 0.31646275063299845
Pedestrian 0.0 0 2.85 834.17 162.69 846.06 190.13 1.86 0.57 1.08 15.73 1.18 49.56 -3.12 0.15018258295632225
Car 0.0 0 1.28 771.57 158.55 811.89 189.66 2.21 1.76 4.11 13.47 1.22 53.73 1.52 0.28761652586247055
Car 0.0 1 -1.94 799.34 162.93 839.72 186.93 1.75 1.57 4.07 15.9 1.05 55.0 -1.66 0.7130133313663143
Car 0.0 1 -2.06 834.19 164.4 888.85 185.88 1.54 1.71 5.03 18.97 0.96 54.72 -1.73 0.43039149348279027
Car -1.0 -1 -10.0 694.98 153.15 1239.81 194.86 -1.0 -1.0 -1.0 -1000.0 -1000.0 -1000.0 -10.0 0.9676108106477437
Car -1.0 -1 -10.0 473.1 155.23 503.35 192.77 -1.0 -1.0 -1.0 -1000.0 -1000.0 -1000.0 -10.0 0.11817655906039604
Car -1.0 -1 -10.0 238.52 162.28 354.0 190.66 -1.0 -1.0 -1.0 -1000.0 -1000.0 -1000.0 -10.0 0.5926297863518982
