Car 0.63 0 -2.5 0.0 190.78 207.45 361.82 1.51 1.66 3.73 -6.46 1.72 7.28 3.08 0.13920935044711547
Car 0.29 3 -2.52 0.0 184.41 289.04 313.16 1.56 1.57 4.37 -6.92 1.75 9.75 -3.12 0.14849541757092288
Car 0.0 2 -2.79 140.41 179.68 377.91 271.36 1.65 1.68 3.88 -6.83 1.81 14.29 3.06 0.1645595835807686
Car 0.0 2 0.36 192.89 159.42 412.47 255.52 2.08 1.8 4.37 -7.09 1.81 16.89 -0.03 0.5850640716462594
Cyclist 0.0 0 1.65 513.67 178.57 533.29 222.91 1.59 0.58 1.69 -3.25 1.81 26.85 1.53 0.29175766649988744
Car 0.91 0 -0.81 1130.36 175.61 1241.0 374.0 1.67 1.6 3.94 6.23 1.68 5.1 0.04 0.6348444725223524
Car 0.46 3 -0.61 986.61 188.73 1241.0 358.64 1.54 1.75 3.36 6.05 1.73 7.55 0.04 0.3232597065577937
Car 0.0 2 -0.49 880.62 182.71 1174.62 296.18 1.48 1.52 3.33 5.81 1.64 10.38 0.01 0.24623356471839664
Car 0.0 2 -0.5 848.66 179.74 1047.68 271.04 1.5 1.58 2.81 5.95 1.64 12.98 -0.08 0.6763793745198114
Car 0.0 2 2.73 779.23 180.2 994.95 260.2 1.57 1.68 3.97 5.81 1.75 15.5 3.08 0.7265646025891956
Car 0.0 2 -0.36 742.59 183.35 930.95 244.94 1.44 1.65 4.26 5.66 1.73 18.4 -0.06 0.572550804477092
Car 0.0 2 -0.3 739.14 171.83 890.03 237.46 1.77 1.69 3.82 5.77 1.77 20.75 -0.03 0.024443210025935413
Car 0.0 1 -2.92 364.85 180.72 489.91 221.77 1.49 1.59 4.44 -7.03 1.82 27.9 3.12 0.5209223542458531
Car 0.0 2 -2.92 399.69 179.09 504.71 215.92 1.48 1.63 4.1 -6.7 1.77 30.73 -3.13 0.7868687769662299
Car 0.0 0 -1.69 632.31 178.86 676.09 211.3 1.41 1.56 4.08 1.98 1.71 33.89 -1.63 0.24845187358190368
Car 0.0 2 -1.62 620.8 176.73 646.73 198.82 1.43 1.58 3.37 1.56 1.71 48.93 -1.59 0.09237518793148591
Car 0.0 2 -1.58 607.42 168.48 623.02 186.97 2.33 1.96 6.11 0.66 1.82 94.95 -1.57 0.34094064348114894
Car -1.0 -1 -10.0 529.35 170.85 599.18 188.6 -1.0 -1.0 -1.0 -1000.0 -1000.0 -1000.0 -10.0 0.5099817992502403
