Car 0.7 1 2.04 0.0 156.94 35.39 206.74 2.93 2.3 6.29 -37.27 2.02 42.97 1.33 0.6109430853658269
Car 0.0 1 3.1 431.5 171.26 514.83 204.1 1.49 1.46 3.84 -6.6 1.44 34.58 2.91 0.08691921650475276
Pedestrian 0.0 1 2.84 759.6 163.84 772.27 193.28 1.86 0.57 1.08 9.91 1.3 46.2 3.05 0.3267688878899858
Car 0.0 0 1.22 699.42 157.64 744.58 190.94 2.21 1.76 4.11 7.73 1.22 50.24 1.37 0.32092788523855353
Car 0.0 1 -2.01 729.47 164.21 774.61 189.74 1.75 1.57 4.07 10.11 1.18 51.72 -1.82 0.5558548786096248
Car 0.0 0 -2.05 767.91 164.74 823.24 187.41 1.54 1.71 5.03 13.25 1.02 51.91 -1.8 0.3296940789664702
Car 0.0 1 0.97 903.75 156.29 964.73 187.59 2.14 1.77 4.44 23.23 1.03 51.91 1.39 0.32529328289716064
Car 0.0 2 -2.18 939.91 161.75 987.23 183.39 1.53 1.41 3.4 25.99 0.76 53.17 -1.73 0.24172631339810913
Car 0.0 1 -2.34 981.16 159.4 1035.26 182.94 1.69 1.61 3.36 29.63 0.74 53.8 -1.84 0.5559564817432108
Car -1.0 -1 -10.0 49.15 172.94 160.65 195.9 -1.0 -1.0 -1.0 -1000.0 -1000.0 -1000.0 -10.0 0.18250019591593336
Car -1.0 -1 -10.0 365.81 164.6 386.69 195.89 -1.0 -1.0 -1.0 -1000.0 -1000.0 -1000.0 -10.0 0.7334557721814007
Car -1.0 -1 -10.0 613.73 155.23 1240.0 182.35 -1.0 -1.0 -1.0 -1000.0 -1000.0 -1000.0 -10.0 0.026634759222278537
