Pedestrian 0.08 0 -1.71 752.3 161.09 839.82 373.0 1.73 0.84 0.86 1.48 1.58 5.88 -1.48 0.5508422970887052
Pedestrian 0.1 0 -1.83 832.07 152.46 911.3 373.0 1.81 0.9 0.95 2.09 1.6 5.84 -1.51 0.9129155679398782
Pedestrian 0.0 0 -1.17 219.95 159.37 310.42 369.63 1.78 0.92 1.01 -3.19 1.59 6.62 -1.61 0.18733755009877406
Pedestrian 0.0 2 -2.9 820.82 169.37 854.89 254.26 1.79 0.86 1.02 4.95 1.54 15.79 -2.61 0.32285094590820207
Pedestrian 0.0 1 2.1 916.38 163.23 936.82 230.27 1.73 0.69 0.56 8.27 1.26 18.97 2.5 0.34256332079279184
Pedestrian 0.0 0 -1.69 1019.5 160.71 1077.95 306.32 1.63 0.61 0.82 5.14 1.4 8.53 -1.17 0.11631960999136381
Car 0.0 0 1.67 546.09 168.24 599.73 216.52 2.11 2.04 4.62 -1.26 1.53 33.97 1.63 0.7139705957453787
Car 0.0 1 1.6 620.14 171.2 645.59 199.5 2.09 1.79 4.99 2.52 1.32 55.89 1.64 0.2791045703420777
Car -1.0 -1 -10.0 408.12 174.55 441.4 253.54 -1.0 -1.0 -1.0 -1000.0 -1000.0 -1000.0 -10.0 0.18560799018504515
Car -1.0 -1 -10.0 500.59 177.67 519.33 223.42 -1.0 -1.0 -1.0 -1000.0 -1000.0 -1000.0 -10.0 0.32725949174795843
Car -1.0 -1 -10.0 1080.1 167.39 1127.93 233.14 -1.0 -1.0 -1.0 -1000.0 -1000.0 -1000.0 -10.0 0.34283746587701946
Car -1.0 -1 -10.0 724.99 179.75 751.0 215.11 -1.0 -1.0 -1.0 -1000.0 -1000.0 -1000.0 -10.0 0.46678983352106107
