Car 0.88 0 -2.36 0.0 199.74 83.02 371.84 1.42 1.55 3.35 -6.87 1.69 6.24 3.11 0.30728237295889993
Car 0.16 3 0.58 0.0 191.94 307.0 321.88 1.43 1.49 3.56 -5.91 1.7 8.97 0.01 0.49851451331051677
Car 0.0 2 0.47 99.55 184.67 385.46 293.93 1.53 1.6 3.62 -5.6 1.74 11.19 0.02 0.5772458449958005
Car 0.0 2 0.46 194.32 178.26 395.54 272.7 1.66 1.57 3.11 -5.92 1.79 13.66 0.06 0.5375235395021088
Car 0.0 2 0.4 219.6 179.75 445.06 260.38 1.66 1.71 4.34 -6.08 1.83 15.99 0.04 0.14642510773838635
Car 0.0 2 -2.77 270.11 178.39 421.5 244.17 1.58 1.62 3.26 -6.72 1.74 18.46 -3.12 0.7226043321047431
Car 0.0 2 -2.91 321.78 181.57 466.97 237.59 1.51 1.66 3.73 -6.19 1.78 20.88 3.09 0.9706271021180979
Car 0.0 2 -2.83 328.28 179.42 477.35 230.57 1.56 1.57 4.37 -6.69 1.8 23.4 -3.11 0.8419948934015695
Car 0.0 2 -2.98 386.5 175.68 495.7 220.88 1.65 1.68 3.88 -6.5 1.78 27.91 3.07 0.6816710516219447
Car 0.0 2 0.2 396.26 167.25 508.89 219.08 2.08 1.8 4.37 -6.61 1.88 30.49 -0.02 0.19739269360094636
Cyclist 0.0 0 1.61 563.92 177.79 574.06 203.13 1.59 0.58 1.69 -2.65 1.92 46.34 1.55 0.5052561959571988
Car 0.0 0 -1.76 710.77 187.7 829.55 275.09 1.38 1.49 3.38 2.82 1.69 13.51 -1.56 0.8918231918593992
Car 0.0 1 -0.26 775.27 174.94 949.83 243.92 1.67 1.6 3.94 6.37 1.75 18.62 0.06 0.12176717905801948
Car 0.0 2 -0.19 698.69 176.23 786.93 215.47 1.77 1.69 3.82 6.19 1.95 34.08 -0.02 0.3224853010329075
Car 0.0 0 -1.67 636.84 180.36 666.9 203.1 1.41 1.56 4.08 2.69 1.92 47.45 -1.61 0.6433430260916835
Car -1.0 -1 -10.0 500.19 173.98 560.65 207.35 -1.0 -1.0 -1.0 -1000.0 -1000.0 -1000.0 -10.0 0.06605933169563494
Car -1.0 -1 -10.0 586.65 168.77 636.69 193.81 -1.0 -1.0 -1.0 -1000.0 -1000.0 -1000.0 -10.0 0.8847279590511441
