Car 0.67 0 0.77 0.0 134.02 228.33 374.0 1.95 1.64 4.57 -6.21 1.68 6.53 0.03 0.9471887490266306
Car 0.63 0 -2.08 835.59 201.65 1241.0 374.0 1.44 1.66 3.25 2.91 1.7 5.06 -1.59 0.6666460143657117
Car 0.35 3 -2.51 0.0 145.35 255.87 316.16 1.87 1.61 3.53 -6.53 1.59 8.79 -3.14 0.24144875962268475
Car 0.0 2 0.6 57.96 175.95 343.25 290.38 1.59 1.56 3.5 -6.14 1.66 10.94 0.1 0.6280346963324975
Car 0.0 2 -2.66 118.77 166.83 391.22 266.27 1.72 1.65 4.33 -6.58 1.65 13.56 -3.1 0.41144980762441263
Car 0.0 2 0.37 309.9 173.13 466.27 229.64 1.57 1.54 4.1 -6.5 1.61 21.21 0.07 0.9365157276251052
Car 0.0 2 -2.9 375.41 163.24 493.86 218.37 1.89 1.59 3.87 -6.31 1.58 26.05 -3.13 0.8720918592442082
Car 0.0 0 -1.71 669.2 177.46 737.12 228.21 1.45 1.59 3.59 2.81 1.61 22.7 -1.59 0.5133102826082783
Car 0.0 1 -1.83 732.95 180.65 923.02 308.73 1.54 1.67 3.72 2.92 1.66 10.63 -1.57 0.14701359156197735
Car 0.0 2 -1.65 649.26 170.51 693.4 208.73 1.66 1.74 3.65 2.76 1.59 33.5 -1.57 0.08388658311726993
Car 0.0 2 -2.99 424.97 171.07 523.07 206.99 1.59 1.63 4.3 -6.34 1.54 33.77 3.11 0.3835225460920958
Car -1.0 -1 -10.0 518.94 164.6 592.94 187.56 -1.0 -1.0 -1.0 -1000.0 -1000.0 -1000.0 -10.0 0.07077122980753625
Car -1.0 -1 -10.0 600.19 165.65 654.4 191.73 -1.0 -1.0 -1.0 -1000.0 -1000.0 -1000.0 -10.0 0.8506214653629749
