Car 0.89 0 0.86 0.0 173.9 133.21 374.0 1.54 1.78 4.2 -6.11 1.58 5.1 0.01 0.23306233438569468
Car 0.7 0 -2.39 0.0 171.68 136.87 328.23 1.46 1.42 3.25 -7.03 1.47 7.45 -3.13 0.546923027245815
Car 0.26 3 0.63 0.0 169.99 289.89 296.44 1.54 1.64 4.15 -6.81 1.53 9.73 0.04 0.07390335658533398
Car 0.0 2 -2.7 105.32 165.02 294.72 269.98 1.61 1.46 2.33 -6.77 1.5 12.0 3.08 0.21757086759474276
Car 0.0 2 0.33 184.04 173.46 439.21 256.31 1.5 1.66 4.4 -5.83 1.54 14.39 -0.05 0.5398237852698694
Car 0.0 2 0.37 192.4 115.35 470.29 246.62 2.86 1.88 5.81 -6.43 1.62 16.99 0.01 0.14067715159017924
Car 0.0 0 -1.77 699.46 182.19 842.39 276.84 1.41 1.62 4.19 2.66 1.59 13.07 -1.57 0.8347246024948737
Car 0.0 1 -0.26 794.06 177.07 945.37 237.9 1.42 1.59 3.21 6.33 1.55 17.96 0.07 0.20654537754668068
Car 0.0 0 -1.62 631.01 174.12 654.84 191.86 1.32 1.63 4.1 2.52 1.44 56.37 -1.58 0.7000370422569075
Car 0.0 2 -0.16 675.94 172.23 747.5 199.33 1.5 1.62 3.88 5.84 1.49 41.84 -0.03 0.5912743610490142
Car 0.33 0 0.99 950.56 201.42 1207.87 374.0 1.45 0.51 1.9 3.17 1.68 5.19 1.51 0.11976965033305953
Car -1.0 -1 -10.0 433.76 167.44 592.33 209.32 -1.0 -1.0 -1.0 -1000.0 -1000.0 -1000.0 -10.0 0.4265837846691366
Car -1.0 -1 -10.0 596.92 165.75 641.42 181.08 -1.0 -1.0 -1.0 -1000.0 -1000.0 -1000.0 -10.0 0.7422878898649141
