Car 0.43 0 2.04 0.0 187.01 441.49 374.0 1.45 1.67 4.43 -2.92 1.6 6.12 1.61 0.31193777405272916
Car 0.36 0 -2.02 796.11 202.2 1233.32 374.0 1.47 1.59 3.62 2.84 1.78 6.11 -1.6 0.9805463858617343
Car 0.0 2 1.85 321.46 175.38 487.47 285.08 1.56 1.68 3.69 -3.31 1.62 12.19 1.59 0.6672258309463472
Car 0.0 1 1.35 711.76 193.16 887.55 311.17 1.44 1.64 4.5 2.75 1.82 11.66 1.57 0.9333476691018169
Car 0.0 1 1.71 464.26 174.97 533.24 230.42 1.46 1.51 3.24 -3.17 1.54 20.81 1.56 0.00624216377417719
Car 0.0 0 1.46 673.15 180.64 732.21 223.35 1.38 1.59 4.19 3.17 1.66 25.65 1.58 0.9667128662257407
Car 0.0 2 1.66 504.23 177.47 556.51 215.92 1.38 1.69 3.74 -3.06 1.57 28.04 1.55 0.3156912551237179
Car 0.0 1 -1.62 651.41 175.54 679.51 200.62 1.51 1.56 3.81 3.46 1.7 45.76 -1.55 0.679816537845483
Car 0.0 2 -1.6 643.73 162.93 671.04 194.16 2.38 1.98 5.62 3.76 1.66 58.26 -1.54 0.018981724124564225
Car -1.0 -1 -10.0 567.62 170.5 601.55 188.91 -1.0 -1.0 -1.0 -1000.0 -1000.0 -1000.0 -10.0 0.4333120652787361
