Car 0.0 1 -0.29 694.4 182.49 845.04 246.77 1.55 1.57 3.51 4.07 1.83 18.85 -0.09 0.7997441283986368
Car 0.03 0 -0.58 819.81 192.59 1241.0 350.39 1.47 1.74 3.88 4.53 1.73 8.08 -0.08 0.3925206544686033
Car 0.54 0 0.55 0.0 160.19 200.46 303.88 1.68 1.67 3.79 -7.69 1.55 9.27 -0.12 0.012975572196896823
Car 0.12 3 -2.63 0.0 183.1 281.19 280.67 1.43 1.6 4.04 -7.8 1.62 11.77 3.08 0.9859307923458566
Car 0.0 2 0.48 87.46 174.96 338.92 257.44 1.53 1.72 4.15 -7.95 1.6 14.65 -0.01 0.35153996957353884
Car 0.0 1 -2.83 227.09 177.81 397.78 238.06 1.52 1.57 4.01 -8.05 1.68 19.67 3.06 0.8522230533383807
Car 0.0 2 -0.3 671.72 186.93 802.0 241.47 1.48 1.63 3.43 3.65 1.92 21.25 -0.13 0.5601161616779284
Car 0.0 0 -1.86 458.87 179.36 494.0 201.23 1.66 1.66 3.98 -10.66 2.19 57.29 -2.04 0.626146490023594
Car -1.0 -1 -10.0 432.48 179.19 456.48 190.69 -1.0 -1.0 -1.0 -1000.0 -1000.0 -1000.0 -10.0 0.11131800203090914
Car -1.0 -1 -10.0 348.1 171.9 416.89 200.07 -1.0 -1.0 -1.0 -1000.0 -1000.0 -1000.0 -10.0 0.9495541842892361
