Car 0.48 3 -2.54 0.0 161.31 165.84 315.47 1.61 1.46 2.33 -6.76 1.51 8.27 3.08 0.8417683187118752
Car 0.0 2 0.44 22.46 175.55 384.96 289.95 1.5 1.66 4.4 -5.83 1.57 10.68 -0.05 0.911909478555433
Car 0.0 2 0.46 68.04 95.67 435.47 267.07 2.86 1.88 5.81 -6.39 1.59 13.23 0.01 0.9964242715795962
Car 0.0 0 -1.85 731.6 186.28 965.43 331.52 1.41 1.62 4.19 2.71 1.61 9.36 -1.57 0.3064096112184588
Car 0.0 2 -0.34 842.74 180.88 1043.6 258.72 1.42 1.59 3.21 6.39 1.6 14.2 0.07 0.8076056309631605
Car 0.0 2 2.86 759.16 178.74 955.42 240.36 1.47 1.77 4.42 6.18 1.64 18.52 -3.11 0.2592752574116367
Car 0.0 2 -2.88 303.89 171.19 465.79 228.51 1.54 1.66 4.16 -6.45 1.53 20.84 3.11 0.8224569549308516
Car 0.0 0 -1.63 633.81 175.41 659.61 194.47 1.32 1.63 4.1 2.62 1.53 52.61 -1.58 0.9061533594565921
Car 0.0 2 0.14 479.56 170.21 549.39 195.94 1.58 1.56 4.25 -6.11 1.44 46.26 0.01 0.22681691212797628
Car 0.0 2 -0.18 684.41 175.65 763.49 205.5 1.5 1.62 3.88 5.95 1.67 38.09 -0.02 0.9556694164632473
Car 0.0 2 0.29 409.61 173.98 518.35 214.44 1.5 1.49 3.86 -5.66 1.57 28.01 0.09 0.8148874334768199
Car 0.0 2 -0.3 727.04 173.0 826.69 214.47 1.55 1.58 3.51 6.52 1.58 28.51 -0.07 0.6395480968133029
Car -1.0 -1 -10.0 539.42 167.44 610.69 187.18 -1.0 -1.0 -1.0 -1000.0 -1000.0 -1000.0 -10.0 0.23477579000138837
Car -1.0 -1 -10.0 615.58 172.75 639.08 183.42 -1.0 -1.0 -1.0 -1000.0 -1000.0 -1000.0 -10.0 0.17443974229992787
