Car 0.59 0 0.71 0.0 167.9 248.9 352.81 1.54 1.78 4.2 -6.09 1.53 6.97 0.01 0.5117092949993438
Car 0.33 3 -2.5 0.0 169.47 224.88 293.02 1.46 1.42 3.25 -7.04 1.44 9.33 -3.13 0.9296328530550421
Car 0.0 2 0.58 24.73 168.09 339.34 272.56 1.54 1.64 4.15 -6.8 1.5 11.62 0.06 0.7891920051021657
Car 0.0 2 -2.76 176.9 167.1 334.21 256.94 1.61 1.46 2.33 -6.79 1.52 13.89 3.08 0.9286124341030997
Car 0.0 2 0.29 235.34 174.19 457.15 246.92 1.5 1.66 4.4 -5.85 1.56 16.26 -0.05 0.5708417901855252
Car 0.0 2 0.34 235.75 120.58 483.16 238.02 2.86 1.88 5.81 -6.44 1.6 18.88 0.01 0.7559306381622066
Car 0.0 0 -1.75 689.47 180.62 808.51 261.1 1.41 1.62 4.19 2.66 1.58 14.91 -1.57 0.9037385956907518
Car 0.0 1 -0.23 776.29 174.72 910.96 229.64 1.42 1.59 3.21 6.3 1.5 19.84 0.07 0.7842731139129095
Car 0.0 0 -1.62 630.26 172.07 653.25 189.22 1.32 1.63 4.1 2.51 1.29 58.25 -1.58 0.05554528816440796
Car 0.01 0 1.1 870.93 199.38 1025.64 374.0 1.45 0.51 1.9 3.19 1.74 7.1 1.51 0.015192915720609323
Car -1.0 -1 -10.0 453.31 167.73 554.39 197.98 -1.0 -1.0 -1.0 -1000.0 -1000.0 -1000.0 -10.0 0.4744626761990094
Car -1.0 -1 -10.0 544.98 165.65 609.61 178.19 -1.0 -1.0 -1.0 -1000.0 -1000.0 -1000.0 -10.0 0.2555252122349222
Car -1.0 -1 -10.0 674.15 170.85 759.61 190.68 -1.0 -1.0 -1.0 -1000.0 -1000.0 -1000.0 -10.0 0.6076017770548444
