Pedestrian 0.0 1 -1.89 647.71 143.23 666.38 203.27 1.76 0.53 0.64 1.48 0.67 21.12 -1.82 0.6404401622987792
Pedestrian 0.0 1 -1.55 280.79 138.06 317.12 259.14 1.92 0.66 0.67 -5.03 1.24 11.63 -1.95 0.29034771827713357
Pedestrian 0.0 0 1.21 612.19 169.16 657.52 298.5 1.52 0.53 0.68 0.31 1.39 8.71 1.24 0.2136880968386602
Pedestrian 0.0 0 1.18 661.92 152.77 712.17 288.5 1.64 0.68 1.0 1.1 1.3 9.13 1.3 0.7413108411823915
Pedestrian 0.0 2 -2.03 659.58 144.78 690.58 226.96 1.64 0.59 0.9 1.41 0.92 14.6 -1.94 0.8074650596552921
Pedestrian 0.0 0 1.26 547.01 140.62 579.34 237.14 1.87 0.7 0.73 -0.82 1.1 14.18 1.21 0.3273473871590207
Pedestrian 0.0 1 1.28 533.84 138.11 563.17 225.83 1.81 0.57 0.96 -1.29 0.93 15.14 1.2 0.04815835208478281
Pedestrian 0.0 1 1.12 502.02 137.78 532.69 233.14 1.82 0.66 0.97 -1.67 1.0 14.06 1.01 0.3777923344503624
Pedestrian 0.0 0 1.26 485.66 137.28 515.66 233.31 1.78 0.6 1.15 -2.18 0.98 13.76 1.1 0.8313745279666158
Pedestrian 0.0 0 -2.61 593.48 140.18 610.14 192.96 1.84 0.59 0.82 -0.2 0.44 25.09 -2.62 0.06392278792148576
Pedestrian 0.0 1 1.17 449.59 146.14 474.26 207.69 1.81 0.82 0.89 -4.51 0.8 21.41 0.97 0.5001613069950059
Pedestrian 0.0 1 1.33 375.74 142.99 396.74 205.0 1.8 0.58 0.92 -6.61 0.71 21.09 1.03 0.6022952601483794
Pedestrian 0.0 1 1.35 413.41 142.13 432.74 204.87 1.85 0.55 0.95 -5.47 0.72 21.35 1.11 0.4959439948204585
Car 0.97 3 -1.26 0.0 0.0 267.89 369.0 2.13 1.99 5.19 -3.16 1.65 3.69 -1.93 0.006799675375549041
Car -1.0 -1 -10.0 326.29 152.13 363.32 212.8 -1.0 -1.0 -1.0 -1000.0 -1000.0 -1000.0 -10.0 0.7803083730911393
Car -1.0 -1 -10.0 704.88 122.39 1222.0 160.91 -1.0 -1.0 -1.0 -1000.0 -1000.0 -1000.0 -10.0 0.14984924295435265
