Car 1.0 0 2.59 0.0 259.19 114.27 374.0 1.4 1.62 4.26 -3.54 1.86 1.8 1.55 0.1280337571985969
Car 0.27 1 2.01 0.0 208.44 349.91 374.0 1.46 1.52 3.48 -3.91 1.88 7.04 1.52 0.03965180439798521
Car 0.0 1 1.88 279.97 199.55 457.66 309.51 1.39 1.6 3.8 -3.75 1.89 11.78 1.58 0.24189296246736813
Car 0.2 0 -1.99 785.15 184.14 1225.39 374.0 1.46 1.6 4.52 3.01 1.58 6.81 -1.59 0.7568478090769025
Car 0.0 1 -1.8 728.13 180.23 874.56 282.12 1.48 1.56 3.46 3.04 1.61 12.3 -1.57 0.3570186031680985
Car 0.0 2 2.74 988.49 143.46 1181.17 223.91 2.05 1.8 3.95 12.69 1.33 19.57 -2.98 0.6576996119947387
Car 0.0 0 -1.8 643.0 178.92 692.27 213.41 1.51 1.53 3.38 2.61 1.81 33.75 -1.73 0.5131435392406766
Car 0.0 0 -1.91 588.24 184.18 627.07 205.97 1.39 1.54 3.42 -0.22 2.16 48.56 -1.91 0.6289524029278983
Car 0.0 1 2.44 550.76 181.12 593.37 199.67 1.56 1.39 3.73 -3.34 2.31 63.64 2.38 0.38302603505881583
Cyclist 0.0 0 1.81 489.02 180.19 503.53 204.17 1.65 0.64 1.51 -7.97 2.16 50.44 1.66 0.03615600123825702
Car -1.0 -1 -10.0 691.85 168.77 727.31 193.81 -1.0 -1.0 -1.0 -1000.0 -1000.0 -1000.0 -10.0 0.9456367392803741
