Car 0.0 0 1.95 234.59 195.56 379.34 278.14 1.42 1.54 3.5 -6.14 1.93 14.93 1.56 0.3192806159852669
Car 0.0 1 -1.72 683.52 176.24 776.72 242.6 1.51 1.75 3.78 2.92 1.62 18.53 -1.57 0.36359055027870746
Car 0.0 1 1.87 346.0 192.15 443.32 248.28 1.36 1.51 4.02 -6.04 1.95 20.54 1.58 0.7486785440583318
Car 0.0 1 1.77 427.28 179.84 490.62 227.21 1.74 1.65 4.11 -5.97 2.03 28.77 1.57 0.3863256748910193
Car 0.0 2 1.76 459.56 181.13 508.31 216.22 1.61 1.64 4.0 -6.17 2.03 35.53 1.58 0.6085138126657127
Car 0.6 1 0.8 1170.18 131.49 1241.0 192.44 2.3 2.02 4.73 24.75 0.74 28.1 1.52 0.6798130495350404
Car -1.0 -1 -10.0 507.48 178.15 588.77 202.15 -1.0 -1.0 -1.0 -1000.0 -1000.0 -1000.0 -10.0 0.30070458709868375
Car -1.0 -1 -10.0 596.02 172.94 608.56 184.44 -1.0 -1.0 -1.0 -1000.0 -1000.0 -1000.0 -10.0 0.6191780183981495
Car -1.0 -1 -10.0 631.44 175.02 651.27 191.73 -1.0 -1.0 -1.0 -1000.0 -1000.0 -1000.0 -10.0 0.9825337132399214
Car -1.0 -1 -10.0 659.56 166.69 834.6 190.69 -1.0 -1.0 -1.0 -1000.0 -1000.0 -1000.0 -10.0 0.6918206404111089
Car -1.0 -1 -10.0 0.0 201.06 105.25 239.64 -1.0 -1.0 -1.0 -1000.0 -1000.0 -1000.0 -10.0 0.4981064023201013
