Car 0.0 0 -1.57 577.11 173.54 643.48 234.02 1.6 1.76 3.84 0.04 1.28 21.13 -1.56 0.10696774848225565
Car 0.61 3 -0.89 0.0 196.64 160.27 317.47 1.42 1.52 4.06 -8.33 1.64 10.04 -1.57 0.11198794185110406
Car 0.27 0 -1.1 0.0 58.38 403.1 375.0 2.52 2.02 6.17 -4.34 1.57 8.41 -1.57 0.26890307318606077
Car 0.0 2 -1.13 166.29 184.07 323.26 257.97 1.5 1.7 3.97 -8.37 1.49 16.93 -1.58 0.7922760259687099
Car 0.0 0 -1.38 415.38 175.59 504.97 241.28 1.63 1.67 3.92 -4.01 1.38 19.94 -1.57 0.9079794997167194
Car 0.0 1 -1.32 379.71 181.47 439.74 215.9 1.42 1.61 4.05 -8.76 1.26 32.02 -1.59 0.8035732195962221
Car 0.0 1 -1.43 475.06 177.27 525.3 214.95 1.56 1.69 3.63 -4.74 1.23 31.93 -1.58 0.2313220360341799
Car 0.0 1 -1.45 500.15 181.02 533.85 205.52 1.38 1.58 3.49 -5.37 1.14 42.69 -1.58 0.47276707043103994
Car 0.0 1 -1.48 521.24 178.97 549.49 199.94 1.43 1.64 4.33 -5.18 0.99 51.76 -1.58 0.04091456001407323
Car 0.0 1 -1.5 523.32 150.92 561.97 193.76 3.48 2.57 11.68 -5.69 0.65 64.63 -1.59 0.6280974982306683
