Pedestrian 0.0 0 -1.49 665.85 168.27 703.43 273.96 1.76 0.76 1.02 1.29 1.54 12.53 -1.39 0.7514977184176905
Pedestrian 0.0 0 2.48 441.34 171.94 471.91 249.52 1.78 0.82 0.8 -3.62 1.56 17.09 2.27 0.6006869795640758
Pedestrian 0.0 1 1.81 407.33 174.32 431.91 247.29 1.75 0.71 0.89 -4.64 1.58 17.7 1.55 0.9536673594526179
Car 0.87 3 -2.42 0.0 281.1 134.02 373.0 1.24 0.62 0.75 -2.71 1.73 3.2 -3.09 0.2087844138151349
Pedestrian 0.0 0 1.32 783.15 166.26 810.87 237.45 1.67 0.78 0.95 4.5 1.31 17.38 1.56 0.3225222646857119
Pedestrian 0.0 2 1.39 744.87 164.72 770.19 234.87 1.74 0.72 0.77 3.95 1.32 18.25 1.59 0.32571323941972563
Pedestrian 0.0 0 -1.57 633.86 168.78 659.78 234.67 1.89 0.96 0.95 1.14 1.53 21.13 -1.52 0.9025018419934099
Pedestrian 0.0 0 -1.62 706.87 172.57 737.32 272.86 1.68 0.64 0.91 1.97 1.54 12.53 -1.48 0.42824885786563915
Pedestrian 0.0 1 -1.72 735.03 163.76 768.73 244.23 1.8 0.83 0.92 3.29 1.41 16.59 -1.53 0.41039320517989386
Pedestrian 0.0 2 -1.81 758.95 162.39 796.2 230.49 1.83 0.78 0.94 4.84 1.32 19.87 -1.58 0.6980426512092842
Car 0.0 0 1.69 547.14 177.68 588.93 209.85 1.57 1.67 4.14 -1.68 1.38 37.44 1.64 0.8378686522268864
Pedestrian 0.0 2 -2.19 72.31 178.78 137.04 297.72 1.81 0.73 0.84 -7.91 1.77 11.41 -2.79 0.17007493096757642
Car 0.0 1 0.53 107.33 217.18 234.34 367.46 1.25 0.75 0.69 -3.94 1.6 6.56 0.0 0.7464148342388178
Car -1.0 -1 -10.0 595.12 172.48 618.01 191.22 -1.0 -1.0 -1.0 -1000.0 -1000.0 -1000.0 -10.0 0.043709097122017315
