Car 0.0 1 2.94 145.58 171.09 272.79 208.74 1.66 1.57 5.04 -18.91 1.6 34.14 2.43 0.5470611457364848
Car 0.0 1 2.0 150.73 156.08 223.8 198.0 2.93 2.3 6.29 -31.5 1.8 54.01 1.47 0.7279968851337086
Car 0.0 0 2.92 665.9 169.14 737.81 196.45 1.49 1.46 3.84 5.2 1.31 41.27 3.04 0.2831662861118951
Pedestrian 0.0 0 2.86 844.97 163.08 857.97 190.15 1.86 0.57 1.08 16.76 1.2 50.23 -3.1 0.8334228475657715
Car 0.0 0 1.27 779.74 158.72 819.93 189.33 2.21 1.76 4.11 14.29 1.21 54.57 1.52 0.059986685999938394
Car 0.0 1 -1.92 810.72 163.23 849.96 186.93 1.75 1.57 4.07 16.93 1.06 55.67 -1.62 0.6794882722279414
Car 0.0 1 -2.07 843.6 164.15 898.03 185.36 1.54 1.71 5.03 19.92 0.94 55.39 -1.72 0.11229738689076241
Car -1.0 -1 -10.0 273.1 161.48 442.93 181.31 -1.0 -1.0 -1.0 -1000.0 -1000.0 -1000.0 -10.0 0.39774780692932676
Car -1.0 -1 -10.0 504.35 162.52 521.06 192.77 -1.0 -1.0 -1.0 -1000.0 -1000.0 -1000.0 -10.0 0.5569420361920965
Car -1.0 -1 -10.0 899.15 145.85 1240.0 192.77 -1.0 -1.0 -1.0 -1000.0 -1000.0 -1000.0 -10.0 0.36898771792621055
