Car 0.0 0 -1.89 705.93 189.12 855.05 284.64 1.41 1.51 3.45 2.82 1.72 12.82 -1.68 0.13203525474915612
Car 0.35 0 -2.5 0.0 194.48 281.46 330.2 1.44 1.64 4.01 -6.42 1.74 8.76 -3.12 0.20012227562154095
Car 0.0 2 0.57 50.51 187.48 337.69 294.42 1.52 1.54 3.63 -6.4 1.77 11.24 0.07 0.5081355688337031
Car 0.0 2 -2.68 116.68 190.51 365.54 276.35 1.43 1.6 3.78 -6.74 1.79 13.35 3.14 0.015604265918595983
Car 0.0 2 -2.72 208.49 186.66 407.25 260.89 1.48 1.59 3.64 -6.5 1.81 15.64 -3.1 0.6792462706520301
Car 0.0 1 -1.74 651.65 183.89 727.38 235.22 1.42 1.63 4.15 2.35 1.79 22.6 -1.64 0.2519979502087881
Car 0.0 2 0.26 378.18 184.11 503.94 227.12 1.47 1.65 4.15 -6.11 1.9 26.21 0.03 0.5910127405577144
Car 0.0 2 -1.7 644.43 182.19 690.79 213.99 1.35 1.58 4.05 2.57 1.8 33.36 -1.63 0.7664934633484272
Car 0.0 2 -2.93 391.71 182.17 490.71 222.71 1.53 1.5 3.61 -6.73 1.93 28.83 3.12 0.8441558022759507
Car 0.0 2 -2.94 408.9 174.11 491.57 215.32 1.7 1.61 3.21 -6.88 1.78 31.12 3.13 0.7878375337279113
Car 0.0 1 -1.65 630.14 174.8 658.28 200.12 1.76 1.71 4.35 2.44 1.93 52.81 -1.6 0.04376737918235152
Car -1.0 -1 -10.0 506.44 172.94 589.82 202.15 -1.0 -1.0 -1.0 -1000.0 -1000.0 -1000.0 -10.0 0.42571205947119395
Car -1.0 -1 -10.0 605.4 173.98 637.73 193.81 -1.0 -1.0 -1.0 -1000.0 -1000.0 -1000.0 -10.0 0.4705067193261796
