Car 0.0 0 -1.8 754.77 155.71 915.85 266.63 1.77 1.77 5.1 4.1 1.53 14.17 -1.52 0.2124861004631322
Car 0.88 1 2.31 0.0 211.6 212.38 374.0 1.39 1.55 3.65 -4.61 1.75 4.98 1.59 0.1843906784873922
Car 0.0 1 2.03 111.14 187.61 386.68 329.95 1.46 1.63 3.92 -4.51 1.69 9.65 1.6 0.6190321495512809
Car 0.0 0 1.73 522.5 171.03 567.69 202.14 1.47 1.66 3.76 -3.23 1.41 36.25 1.64 0.43320947543293664
Car 0.0 2 -1.72 728.32 174.18 810.7 229.86 1.41 1.66 3.86 4.34 1.47 20.33 -1.51 0.7421561778555943
Car 0.0 2 -1.75 711.5 166.66 773.15 214.33 1.59 1.59 3.34 4.66 1.41 25.98 -1.57 0.8087611457102781
Car 0.0 2 -1.67 702.85 169.19 749.6 205.83 1.47 1.6 3.7 4.93 1.35 31.15 -1.51 0.36949085438452844
Car 0.0 2 -1.65 695.94 170.04 734.89 201.25 1.49 1.64 3.52 5.27 1.38 36.6 -1.51 0.5598516941548206
Car 0.0 0 1.7 589.82 168.11 612.71 185.31 1.45 1.6 3.2 -0.76 1.07 63.28 1.68 0.009346192848009638
Car -1.0 -1 -10.0 621.02 164.6 673.14 177.14 -1.0 -1.0 -1.0 -1000.0 -1000.0 -1000.0 -10.0 0.8980609455166414
