Car 0.19 0 -1.94 827.18 181.36 1217.26 374.0 1.41 1.57 3.16 2.92 1.5 5.95 -1.5 0.22170816120069947
Car 0.0 0 2.1 50.09 201.5 307.01 337.85 1.53 1.56 3.58 -6.01 2.01 10.5 1.59 0.9360756327930245
Car 0.0 1 1.75 449.23 188.53 497.02 222.48 1.42 1.54 3.5 -6.25 2.16 33.06 1.56 0.20445574011940915
Car 0.0 1 -1.65 647.82 175.99 688.57 207.77 1.51 1.75 3.78 2.87 1.69 36.64 -1.57 0.49255812084901185
Car 0.0 2 1.74 472.21 187.09 513.79 214.93 1.36 1.51 4.02 -6.24 2.15 38.64 1.58 0.9974795979373323
Car 0.0 2 -1.01 112.27 203.08 188.65 232.3 1.43 1.8 3.96 -25.94 3.21 40.84 -1.57 0.1004898660347966
Car 0.0 2 -1.05 159.49 201.11 228.34 229.56 1.4 1.6 3.97 -23.46 3.06 40.79 -1.57 0.9723914850247558
Car 0.0 2 -1.09 198.32 196.75 271.29 227.43 1.49 1.7 4.51 -20.84 2.89 40.23 -1.56 0.6595621725141103
Car 0.0 2 -1.15 250.29 197.39 314.37 228.05 1.5 1.56 4.45 -18.28 2.94 40.39 -1.57 0.8523700381578888
Car -1.0 -1 -10.0 507.48 177.1 590.86 205.27 -1.0 -1.0 -1.0 -1000.0 -1000.0 -1000.0 -10.0 0.4187888020397553
Car -1.0 -1 -10.0 600.19 170.85 647.11 194.85 -1.0 -1.0 -1.0 -1000.0 -1000.0 -1000.0 -10.0 0.6198401042169103
Car -1.0 -1 -10.0 681.44 163.56 751.27 183.39 -1.0 -1.0 -1.0 -1000.0 -1000.0 -1000.0 -10.0 0.6297770920414171
