Car 0.0 0 2.02 82.97 186.3 354.26 339.32 1.62 1.66 3.81 -5.0 1.83 9.79 1.55 0.7673286104053235
Cyclist 0.0 0 1.75 466.91 172.38 503.1 241.53 1.85 0.63 2.07 -3.55 1.85 20.4 1.58 0.4795626866030954
Cyclist 0.0 0 1.64 499.53 174.13 527.57 237.79 1.76 0.66 1.83 -2.82 1.81 20.91 1.51 0.3013635454984557
Car 0.0 1 1.77 420.67 182.31 495.67 228.04 1.46 1.67 4.92 -5.39 1.82 26.02 1.57 0.31114218479666456
Cyclist 0.0 0 1.66 528.43 174.28 545.79 212.19 1.78 0.66 1.9 -3.55 1.86 34.92 1.56 0.10464465098048015
Car 0.0 2 1.77 506.81 181.69 548.71 206.11 1.42 1.73 4.41 -5.1 1.99 45.04 1.66 0.8296591429537494
Car 0.0 1 -1.57 640.77 176.66 670.77 201.3 1.51 1.84 4.1 2.95 1.78 46.76 -1.5 0.044212590456160994
Car 0.23 0 -1.95 771.49 173.3 1172.31 374.0 1.61 1.67 3.62 2.63 1.64 6.33 -1.58 0.28100861490159246
Car -1.0 -1 -10.0 701.23 165.65 718.98 206.32 -1.0 -1.0 -1.0 -1000.0 -1000.0 -1000.0 -10.0 0.00044361855551799945
Car -1.0 -1 -10.0 621.02 169.81 643.98 186.52 -1.0 -1.0 -1.0 -1000.0 -1000.0 -1000.0 -10.0 0.9265826029082495
Car -1.0 -1 -10.0 683.52 168.77 701.27 185.48 -1.0 -1.0 -1.0 -1000.0 -1000.0 -1000.0 -10.0 0.9767814617574873
