Car 0.0 0 -0.35 726.61 180.86 924.48 264.21 1.55 1.57 3.51 4.26 1.74 14.7 -0.08 0.49909322197920736
Car 0.9 0 -0.9 1013.81 194.92 1241.0 374.0 1.47 1.74 3.88 4.57 1.6 3.93 -0.07 0.5069241705326464
Car 0.76 0 -2.43 0.0 189.49 139.49 337.72 1.43 1.6 4.04 -7.69 1.64 7.78 3.09 0.17702119710269293
Car 0.34 3 0.63 0.0 180.67 248.21 296.72 1.53 1.72 4.15 -7.85 1.67 10.54 0.0 0.6828931000571605
Car 0.0 1 -2.76 131.13 177.76 353.55 254.29 1.52 1.57 4.01 -7.89 1.65 15.68 3.07 0.9870990123260496
Car 0.0 2 -0.34 694.61 184.62 858.76 252.73 1.48 1.63 3.43 3.85 1.78 17.14 -0.12 0.1869806852240078
Car 0.0 2 -2.95 211.32 171.91 374.79 236.8 1.7 1.62 4.01 -8.91 1.7 20.5 2.93 0.603961148605307
Car 0.0 2 -3.06 290.98 170.42 392.63 216.83 1.78 1.65 3.75 -10.86 1.71 29.36 2.87 0.0049639330929476255
Car 0.0 0 -1.85 454.28 178.84 491.33 202.32 1.66 1.66 3.98 -10.23 2.12 53.49 -2.03 0.2448335272298049
Car -1.0 -1 -10.0 429.35 177.1 459.6 192.77 -1.0 -1.0 -1.0 -1000.0 -1000.0 -1000.0 -10.0 0.3759326491681414
Car -1.0 -1 -10.0 959.56 185.44 1001.27 207.36 -1.0 -1.0 -1.0 -1000.0 -1000.0 -1000.0 -10.0 0.04751694924894134
