Pedestrian 0.0 1 -3.06 561.77 158.48 594.77 246.23 1.81 0.9 0.95 -0.48 1.34 15.32 -3.09 0.13290114658151964
Pedestrian 0.19 0 -2.35 890.64 140.52 1053.31 373.0 1.78 0.89 1.06 2.5 1.53 5.1 -1.92 0.4639535039665942
Pedestrian 0.0 0 1.75 539.97 156.99 592.3 275.28 1.79 0.89 1.04 -0.7 1.42 11.45 1.68 0.31373435792126914
Car 0.0 1 1.85 344.59 132.14 545.73 285.22 2.11 2.04 4.62 -2.4 1.43 12.29 1.66 0.32141017204801037
Car 0.0 2 1.72 488.9 150.15 587.03 241.95 2.09 1.79 4.99 -1.53 1.37 18.94 1.64 0.8465745325179093
Car 0.0 2 2.53 1067.98 187.71 1177.69 331.9 1.3 0.7 0.53 4.94 1.37 6.9 3.13 0.006995672200771241
Car 0.0 2 1.22 980.19 186.3 1071.17 313.9 1.3 0.65 0.61 4.49 1.36 7.71 1.73 0.587124569923931
Car -1.0 -1 -10.0 602.4 162.09 640.88 190.18 -1.0 -1.0 -1.0 -1000.0 -1000.0 -1000.0 -10.0 0.7497465388926182
Car -1.0 -1 -10.0 674.2 155.7 712.0 188.57 -1.0 -1.0 -1.0 -1000.0 -1000.0 -1000.0 -10.0 0.14528208148788957
Car -1.0 -1 -10.0 656.42 162.25 690.42 176.42 -1.0 -1.0 -1.0 -1000.0 -1000.0 -1000.0 -10.0 0.062072162391296315
