Car 1.0 0 -2.58 894.69 0.0 900.2 374.0 2.85 2.46 5.85 3.0 1.55 1.61 -1.57 0.9154757519617972
Car 0.0 1 -1.87 743.78 146.64 1000.97 337.86 1.78 1.59 4.33 2.82 1.56 8.94 -1.57 0.47001277892190496
Car 0.0 1 1.34 698.78 174.39 829.49 266.1 1.53 1.57 3.87 2.81 1.59 14.15 1.53 0.11902554124744835
Car 0.0 1 -1.78 640.58 176.94 713.15 226.65 1.45 1.61 3.34 2.02 1.6 23.03 -1.7 0.07244654482695223
Car 0.7 0 -1.26 0.0 199.09 49.22 268.37 1.48 1.6 3.72 -14.94 2.15 17.1 -1.97 0.17257212887737583
Car 0.0 0 -1.41 110.11 202.37 167.54 263.8 1.28 0.8 1.93 -10.98 2.0 16.8 -1.98 0.953416781528516
Cyclist 0.0 0 1.66 471.78 176.23 490.1 220.59 1.76 0.57 1.83 -5.31 1.9 29.58 1.48 0.3050533147308695
Car 0.0 0 -1.52 412.07 186.5 466.85 228.83 1.34 1.69 3.6 -6.01 1.85 25.56 -1.75 0.2550901579479674
Car 0.0 1 -1.82 602.53 173.52 662.73 217.49 1.69 1.59 3.77 0.84 1.74 29.93 -1.79 0.6235140640827677
Car 0.0 0 -1.75 564.04 178.95 604.32 206.07 1.49 1.71 3.58 -1.57 1.86 42.0 -1.79 0.007353321753287401
Cyclist 0.0 0 1.55 493.66 175.99 510.46 216.17 1.69 0.66 2.0 -4.76 1.84 31.55 1.4 0.5438575180414891
Car -1.0 -1 -10.0 526.23 178.15 565.86 200.07 -1.0 -1.0 -1.0 -1000.0 -1000.0 -1000.0 -10.0 0.0016302762616206001
