Car 0.99 0 -2.28 868.43 169.99 1241.0 374.0 1.51 1.85 4.93 2.87 1.5 3.06 -1.57 0.5027725183608536
Car 0.0 1 -1.86 747.51 175.13 960.68 304.09 1.4 1.61 3.77 3.01 1.46 9.84 -1.57 0.043801840069266795
Car 0.0 1 -1.68 704.2 177.07 793.87 248.63 1.41 1.57 3.16 2.93 1.52 15.94 -1.5 0.09016469486905543
Car 0.0 0 1.87 345.36 192.35 440.68 254.59 1.53 1.56 3.58 -6.05 2.12 20.36 1.59 0.8488438691181428
Car 0.0 1 1.71 487.16 186.53 521.16 212.02 1.42 1.54 3.5 -6.32 2.26 43.18 1.56 0.009379323016874386
Car 0.0 1 -1.63 639.08 177.24 670.03 201.92 1.51 1.75 3.78 2.82 1.81 46.66 -1.57 0.3598540155075217
Car 0.0 2 1.71 501.46 185.93 532.4 207.65 1.36 1.51 4.02 -6.27 2.27 48.75 1.58 0.9190813044460757
Car -1.0 -1 -10.0 525.19 178.15 555.44 199.03 -1.0 -1.0 -1.0 -1000.0 -1000.0 -1000.0 -10.0 0.4526854885935112
Car -1.0 -1 -10.0 550.19 177.1 576.27 191.72 -1.0 -1.0 -1.0 -1000.0 -1000.0 -1000.0 -10.0 0.9513592787685841
Car -1.0 -1 -10.0 575.19 178.15 607.52 193.82 -1.0 -1.0 -1.0 -1000.0 -1000.0 -1000.0 -10.0 0.8049908993882098
Car -1.0 -1 -10.0 611.65 172.94 633.57 186.52 -1.0 -1.0 -1.0 -1000.0 -1000.0 -1000.0 -10.0 0.12168912104745466
Car -1.0 -1 -10.0 660.6 168.77 692.93 184.44 -1.0 -1.0 -1.0 -1000.0 -1000.0 -1000.0 -10.0 0.33304167723338507
