Car 0.57 0 -2.06 837.77 205.39 1241.0 374.0 1.39 1.51 3.4 2.96 1.7 5.35 -1.58 0.323718386633954
Car 0.9 0 0.82 0.0 165.59 99.53 374.0 1.7 1.57 3.19 -5.88 1.66 5.19 -0.0 0.7645187779035244
Car 0.04 1 -2.68 0.0 179.62 302.25 310.82 1.63 1.55 3.35 -6.32 1.74 10.02 3.05 0.428065594936638
Car 0.0 2 2.75 843.83 191.45 1118.16 275.35 1.34 1.52 3.99 6.31 1.69 12.67 -3.08 0.30257291260574515
Car 0.0 2 -0.28 820.86 178.17 1015.77 260.55 1.63 1.53 3.45 6.32 1.76 15.18 0.11 0.5515077214237849
Car 0.0 2 2.85 733.58 170.35 887.24 229.13 1.76 1.71 4.4 6.28 1.71 23.05 3.11 0.9021248544841071
Car 0.0 2 0.3 316.77 198.0 422.53 248.57 1.08 1.29 2.05 -5.62 1.7 16.87 -0.02 0.3574339400268002
Car 0.0 2 0.33 262.23 151.25 438.49 240.14 2.22 1.68 4.08 -6.85 1.7 19.21 -0.01 0.46095800049185476
Car 0.0 0 -1.66 641.26 157.32 697.17 214.16 2.33 1.96 6.11 2.56 1.73 32.93 -1.58 0.3114623672836575
Car 0.0 1 -2.92 379.21 178.17 496.88 217.06 1.46 1.61 4.31 -6.83 1.7 28.78 3.13 0.5610879513132374
Car 0.0 2 -3.08 423.78 171.1 521.95 211.7 1.8 1.77 4.41 -6.39 1.75 33.86 3.02 0.41018263623681706
Car 0.0 2 -1.62 626.69 158.68 660.8 198.44 2.57 1.99 6.64 2.26 1.69 50.4 -1.58 0.29477757587700204
Car 0.0 2 0.1 505.14 164.53 565.85 194.34 2.86 1.88 5.81 -7.37 2.09 71.68 0.0 0.17087518230337329
Car -1.0 -1 -10.0 584.56 172.94 622.1 184.44 -1.0 -1.0 -1.0 -1000.0 -1000.0 -1000.0 -10.0 0.7833176590598447
