Car 0.0 0 1.82 338.57 190.55 483.45 275.96 1.41 1.76 4.4 -3.9 1.81 14.77 1.57 0.01106815286886742
Car 0.0 1 2.01 148.1 197.05 334.29 289.76 1.43 1.7 3.74 -6.88 1.95 13.84 1.56 0.30166291479466534
Car 0.0 1 -1.64 635.88 177.27 675.98 211.09 1.55 1.66 4.15 2.17 1.78 35.43 -1.58 0.6028369196970339
Car 0.0 2 1.75 443.6 187.5 514.04 236.4 1.41 1.66 3.35 -4.19 1.91 23.29 1.57 0.2885039467221544
Car 0.0 1 2.88 742.95 164.18 873.36 204.06 1.47 1.7 4.65 7.69 1.18 28.4 -3.14 0.992235921865226
Car 0.0 2 2.91 734.79 155.25 845.07 201.43 1.91 1.81 4.33 7.74 1.2 31.43 -3.14 0.5072294473094805
Car 0.0 2 -0.55 967.0 139.49 1084.24 180.82 2.06 2.07 4.94 21.68 0.39 37.8 -0.03 0.6617255868948512
Car -1.0 -1 -10.0 880.4 151.06 973.15 176.1 -1.0 -1.0 -1.0 -1000.0 -1000.0 -1000.0 -10.0 0.14054582435649476
Car -1.0 -1 -10.0 508.52 178.15 560.64 203.19 -1.0 -1.0 -1.0 -1000.0 -1000.0 -1000.0 -10.0 0.04954003050019229
Car -1.0 -1 -10.0 583.52 173.98 635.64 193.81 -1.0 -1.0 -1.0 -1000.0 -1000.0 -1000.0 -10.0 0.755551296590508
