Car 0.0 0 -1.75 703.15 172.97 849.25 286.84 1.66 1.74 3.65 2.64 1.69 12.44 -1.55 0.024358090623327944
Car 0.5 3 0.7 0.0 195.06 225.36 359.97 1.52 1.49 3.5 -6.25 1.79 7.61 0.03 0.8488283762981783
Car 0.0 2 0.57 26.11 191.08 324.18 309.9 1.49 1.6 3.24 -6.0 1.78 10.12 0.05 0.6550883666677069
Car 0.0 2 -2.71 84.19 183.36 379.24 284.22 1.59 1.63 4.3 -6.51 1.8 12.67 3.1 0.8959859832929529
Car 0.0 2 -2.7 191.1 188.48 401.84 263.48 1.45 1.6 3.76 -6.56 1.81 15.23 -3.1 0.82110007430973
Car 0.0 2 -1.75 675.55 183.01 764.92 243.17 1.36 1.55 3.87 2.68 1.63 18.58 -1.61 0.10549532622247437
Car 0.0 2 -1.7 654.06 175.4 705.25 221.18 1.62 1.48 3.36 2.57 1.74 27.55 -1.61 0.05309827774652465
Car 0.0 2 -2.94 406.67 172.58 492.68 219.69 1.95 1.67 3.35 -6.91 1.96 31.19 3.13 0.16089407410176504
Car 0.0 2 0.17 450.94 182.46 526.36 212.1 1.43 1.49 3.56 -6.14 1.94 36.56 0.0 0.6694032004941357
Car 0.0 2 -1.64 639.14 179.26 670.03 204.74 1.38 1.49 3.38 2.49 1.76 41.29 -1.59 0.1452069101070418
Car -1.0 -1 -10.0 502.27 171.9 593.98 200.07 -1.0 -1.0 -1.0 -1000.0 -1000.0 -1000.0 -10.0 0.1489797781451495
Car -1.0 -1 -10.0 599.15 172.94 642.94 188.61 -1.0 -1.0 -1.0 -1000.0 -1000.0 -1000.0 -10.0 0.33153706102530867
