Car 0.81 0 -2.15 866.97 174.11 1241.0 374.0 1.62 1.48 3.36 2.78 1.64 4.09 -1.59 0.6366663565844125
Car 0.63 3 -2.43 0.0 151.64 177.71 361.9 1.95 1.67 3.35 -6.74 1.77 7.53 3.14 0.9732061889838454
Car 0.13 3 -2.58 0.0 189.4 274.91 303.14 1.42 1.55 3.35 -6.79 1.68 10.13 3.12 0.2116863937041431
Car 0.0 2 0.43 158.5 188.01 396.5 276.02 1.43 1.49 3.56 -5.86 1.73 12.88 0.01 0.9936138813433391
Car 0.0 2 0.37 243.66 182.51 445.38 261.71 1.53 1.6 3.62 -5.5 1.76 15.1 0.02 0.6579162776141693
Car 0.0 2 0.38 290.35 179.22 441.16 251.67 1.66 1.57 3.11 -5.93 1.84 17.59 0.06 0.17537581550117476
Car 0.0 2 0.34 298.88 176.33 475.83 240.48 1.66 1.71 4.34 -6.09 1.78 19.91 0.05 0.9059930986040942
Car 0.0 2 -2.95 368.44 178.46 488.28 225.23 1.51 1.66 3.73 -6.2 1.72 24.79 3.09 0.34933490186087135
Car 0.0 2 0.17 423.43 165.91 522.13 211.64 2.08 1.8 4.37 -6.52 1.79 34.43 -0.01 0.43439975391308727
Cyclist 0.0 0 1.6 570.81 176.21 579.74 198.86 1.59 0.58 1.69 -2.51 1.84 51.76 1.55 0.9380048623399997
Car 0.0 0 -1.71 691.14 184.58 775.79 249.55 1.38 1.49 3.38 2.84 1.68 17.43 -1.56 0.5331234195921397
Car 0.0 1 -0.21 748.15 173.21 888.65 229.81 1.67 1.6 3.94 6.39 1.71 22.55 0.06 0.8788983032099554
Car 0.0 2 -0.18 691.31 171.5 769.98 206.6 1.77 1.69 3.82 6.28 1.73 37.98 -0.02 0.37689193797148834
Car 0.0 0 -1.67 635.76 178.78 663.4 199.7 1.41 1.56 4.08 2.76 1.85 51.38 -1.61 0.8992255807813707
Car -1.0 -1 -10.0 514.77 175.02 565.85 200.06 -1.0 -1.0 -1.0 -1000.0 -1000.0 -1000.0 -10.0 0.616403239640809
Car -1.0 -1 -10.0 602.27 171.9 641.89 188.61 -1.0 -1.0 -1.0 -1000.0 -1000.0 -1000.0 -10.0 0.47948361271147244
