Car 0.73 0 0.94 884.08 173.89 1241.0 374.0 1.46 1.61 3.61 3.37 1.47 4.82 1.52 0.20470332176279282
Car 0.0 0 2.13 47.74 196.54 338.69 335.31 1.48 1.56 4.09 -5.61 1.88 10.31 1.65 0.0891707474622152
Car 0.0 1 -1.91 747.31 176.28 964.4 300.89 1.46 1.67 3.89 3.26 1.53 10.55 -1.62 0.6125434071374385
Car 0.0 1 1.81 409.37 176.6 481.86 225.21 1.56 1.63 3.62 -5.7 1.71 25.22 1.59 0.49336093071984344
Car 0.0 1 -1.79 685.5 171.27 777.12 234.97 1.51 1.6 3.54 3.06 1.5 19.08 -1.64 0.6772098828156368
Car 0.0 2 -1.8 672.41 171.29 739.59 220.06 1.53 1.5 3.34 3.16 1.51 24.59 -1.68 0.7100768054550214
Car 0.0 2 1.74 451.54 177.0 500.41 214.27 1.46 1.43 3.52 -5.6 1.65 30.26 1.56 0.876276472806495
Car -1.0 -1 -10.0 197.06 175.02 277.31 200.06 -1.0 -1.0 -1.0 -1000.0 -1000.0 -1000.0 -10.0 0.8845757799631789
Car -1.0 -1 -10.0 807.48 161.48 857.52 176.1 -1.0 -1.0 -1.0 -1000.0 -1000.0 -1000.0 -10.0 0.8245802493602513
Car -1.0 -1 -10.0 722.06 156.27 747.1 189.65 -1.0 -1.0 -1.0 -1000.0 -1000.0 -1000.0 -10.0 0.09434717386253222
