Car 0.0 0 -1.36 382.68 174.95 505.11 255.82 1.5 1.78 3.69 -3.32 1.4 15.16 -1.57 0.3689948468944043
Cyclist 0.0 1 -0.25 972.91 138.16 1058.54 207.88 1.74 0.6 1.79 10.5 0.69 18.18 0.27 0.007448129411019133
Cyclist 0.0 1 -0.42 897.66 142.94 961.98 200.74 1.86 0.63 1.82 10.7 0.65 23.36 0.0 0.758780117218991
Pedestrian 0.0 0 0.24 544.88 160.88 569.57 220.17 1.83 0.69 1.03 -1.49 1.23 22.27 0.18 0.1960347119874304
Cyclist 0.0 0 -0.54 731.69 158.2 772.61 195.96 1.72 0.6 1.79 6.82 0.69 32.82 -0.33 0.5607282248210437
Pedestrian 0.0 2 0.25 403.55 160.64 424.91 226.75 1.8 0.61 1.04 -5.19 1.26 19.7 0.0 0.6883376482896868
Cyclist 0.0 0 -1.38 834.58 154.08 861.61 195.57 1.72 0.78 1.71 10.42 0.62 30.31 -1.05 0.7678444327056717
Pedestrian 0.0 1 0.62 226.96 177.3 249.18 228.38 1.72 0.55 0.93 -12.48 1.62 24.21 0.15 0.461377223694005
Pedestrian 0.0 0 0.61 219.29 179.87 243.46 229.13 1.62 0.48 0.96 -12.47 1.61 23.64 0.13 0.9946102582342455
Cyclist 0.0 0 -0.39 287.5 169.56 361.55 234.93 1.7 0.64 1.74 -7.64 1.41 19.25 -0.76 0.44740941598573547
Pedestrian 0.0 2 -2.79 305.15 174.91 327.88 225.61 1.6 0.54 0.84 -9.3 1.43 22.81 3.11 0.7242161594689323
Pedestrian 0.0 1 -3.02 278.99 173.25 315.69 235.63 1.8 0.54 1.03 -9.14 1.59 20.93 2.86 0.10863890455343073
Pedestrian 0.0 2 -2.85 387.33 160.97 410.73 223.98 1.95 0.56 0.82 -6.54 1.35 22.25 -3.13 0.2226847473332766
Car 0.02 1 -0.67 1094.19 143.19 1223.0 180.8 1.55 1.81 4.39 24.36 -0.02 31.14 -0.01 0.48388344974916797
Car 0.0 1 -0.54 990.6 156.16 1106.16 187.52 1.28 1.7 3.95 19.29 0.27 30.89 0.02 0.5444507735776108
Car -1.0 -1 -10.0 621.26 163.43 652.12 176.82 -1.0 -1.0 -1.0 -1000.0 -1000.0 -1000.0 -10.0 0.29890432988210835
