Car 0.0 0 -1.89 725.92 172.54 938.69 314.73 1.66 1.66 3.98 2.91 1.68 10.52 -1.63 0.38883757684813613
Car 0.0 2 -2.72 154.54 172.19 383.09 259.84 1.64 1.59 3.87 -6.84 1.65 14.62 3.13 0.7578725907488844
Car 0.0 2 -2.63 31.62 175.97 330.64 280.47 1.6 1.56 4.11 -7.11 1.68 12.16 3.14 0.6604768666866988
Car 0.0 2 0.34 281.02 180.42 458.61 248.39 1.52 1.69 3.68 -5.71 1.72 17.31 0.03 0.9787267257109264
Car 0.0 2 -2.86 372.13 178.32 470.18 222.59 1.57 1.47 3.23 -7.01 1.79 26.82 -3.11 0.5167995389701326
Car 0.0 2 -2.91 391.57 179.48 487.47 217.22 1.43 1.57 3.46 -6.8 1.72 28.84 3.14 0.12839082211120922
Car 0.0 2 -2.95 406.92 166.58 513.89 213.69 1.94 1.75 4.27 -6.45 1.71 31.25 3.13 0.7311977142476157
Car 0.0 1 -2.27 699.85 176.46 770.54 207.0 1.42 1.56 3.48 6.13 1.63 35.78 -2.1 0.7791327885271795
Car 0.0 0 -1.75 621.92 177.18 653.62 199.35 1.41 1.51 3.45 1.79 1.71 48.01 -1.71 0.3681992126668734
Car -1.0 -1 -10.0 516.85 169.81 575.23 187.56 -1.0 -1.0 -1.0 -1000.0 -1000.0 -1000.0 -10.0 0.762308928893255
Car -1.0 -1 -10.0 581.44 170.85 620.02 184.43 -1.0 -1.0 -1.0 -1000.0 -1000.0 -1000.0 -10.0 0.2709496785035329
