Car 0.0 0 -1.57 573.08 174.32 614.5 212.08 1.6 1.76 3.84 -0.66 1.13 32.71 -1.59 0.02112706326225644
Car 0.1 0 -1.07 0.0 199.86 342.09 375.0 1.35 1.57 3.72 -4.37 1.56 7.68 -1.57 0.45392085227641643
Car 0.0 2 -1.06 106.47 185.51 277.15 263.0 1.44 1.58 3.66 -8.85 1.47 15.61 -1.57 0.3663680542002804
Car 0.0 1 -1.26 292.33 182.12 430.37 262.03 1.49 1.64 3.95 -5.21 1.44 15.63 -1.57 0.13353924012901763
Car 0.0 2 -1.25 321.68 171.23 406.82 227.0 1.78 1.66 3.84 -8.4 1.32 25.03 -1.58 0.8293130692168803
Car 0.0 0 -1.38 428.09 155.74 503.46 230.82 2.23 1.88 2.54 -4.46 1.35 22.77 -1.58 0.4682526041407966
Car 0.0 1 -1.42 454.58 153.28 525.23 220.63 2.38 1.98 4.65 -4.48 1.24 27.88 -1.58 0.5459768681831462
Car 0.0 1 -1.3 380.23 183.96 432.78 216.1 1.31 1.34 3.44 -8.83 1.27 31.66 -1.57 0.8347490955063336
Car 0.0 1 -1.47 501.22 172.77 539.2 204.32 1.78 1.81 4.32 -5.21 1.07 43.06 -1.59 0.663024610257477
Car 0.0 1 -1.52 533.4 165.09 558.92 193.54 2.52 2.02 6.17 -5.69 0.71 67.14 -1.6 0.6133145436275209
Car 0.0 2 -1.14 216.9 181.91 315.8 227.34 1.45 1.6 3.96 -11.94 1.35 25.36 -1.57 0.28860503427753814
