Car 1.0 0 -2.47 929.34 167.97 1241.0 374.0 1.51 1.85 4.93 2.85 1.49 1.97 -1.57 0.12989962863569038
Car 0.0 1 -1.89 762.19 175.83 1018.09 325.74 1.4 1.61 3.77 3.01 1.46 8.73 -1.57 0.6449851470519303
Car 0.0 1 -1.68 711.24 176.3 809.55 253.87 1.41 1.57 3.16 2.94 1.5 14.82 -1.49 0.9579760278088794
Car 0.0 0 1.89 328.32 191.35 431.57 257.37 1.53 1.56 3.58 -6.05 2.06 19.24 1.59 0.31835013526591294
Car 0.0 1 1.71 483.74 185.83 518.89 211.96 1.42 1.54 3.5 -6.32 2.2 42.07 1.56 0.6943888503521197
Car 0.0 1 -1.63 639.98 175.38 671.8 200.68 1.51 1.75 3.78 2.83 1.69 45.54 -1.57 0.854969264423086
Car 0.0 2 1.71 498.96 184.18 530.8 206.27 1.36 1.51 4.02 -6.26 2.13 47.64 1.58 0.9465429928479786
Car -1.0 -1 -10.0 523.1 176.06 575.23 201.1 -1.0 -1.0 -1.0 -1000.0 -1000.0 -1000.0 -10.0 0.2380394512916023
Car -1.0 -1 -10.0 578.31 172.94 611.68 192.77 -1.0 -1.0 -1.0 -1000.0 -1000.0 -1000.0 -10.0 0.9137805544913946
Car -1.0 -1 -10.0 621.02 171.9 635.64 185.48 -1.0 -1.0 -1.0 -1000.0 -1000.0 -1000.0 -10.0 0.4833305693044998
Car -1.0 -1 -10.0 663.73 163.56 693.98 181.31 -1.0 -1.0 -1.0 -1000.0 -1000.0 -1000.0 -10.0 0.6396522545112245
