Car 0.92 0 -2.39 0.0 154.21 59.96 323.53 1.53 1.63 3.4 -7.26 1.38 6.37 3.06 0.3441517116939736
Car 0.0 1 -0.27 677.72 150.24 805.61 204.45 1.55 1.57 3.51 3.91 0.91 21.94 -0.09 0.6942455760998401
Car 0.0 0 -0.46 760.29 156.48 1057.5 262.81 1.47 1.74 3.88 4.45 1.26 11.2 -0.09 0.720483951102756
Car 0.01 3 0.44 0.0 142.04 287.64 250.93 1.68 1.67 3.79 -7.79 1.21 12.28 -0.12 0.7859408090644237
Car 0.0 2 -2.73 99.75 151.81 340.61 227.81 1.43 1.6 4.04 -7.88 1.04 14.79 3.07 0.4214583488324768
Car 0.0 2 0.41 178.76 145.43 380.04 212.73 1.53 1.72 4.15 -8.05 0.92 17.74 -0.01 0.4236426908421618
Car 0.0 1 -2.9 274.72 149.02 419.68 200.53 1.52 1.57 4.01 -8.2 0.82 22.66 3.04 0.4804595475616963
Car 0.0 2 -0.28 660.88 154.14 773.68 200.34 1.48 1.63 3.43 3.54 0.88 24.38 -0.14 0.8573451387205275
Car 0.0 0 -1.87 461.71 146.68 495.42 168.18 1.66 1.66 3.98 -11.05 -0.43 60.38 -2.05 0.47255334893915957
Car -1.0 -1 -10.0 435.6 143.77 461.68 157.35 -1.0 -1.0 -1.0 -1000.0 -1000.0 -1000.0 -10.0 0.7971978395611377
