Car 0.0 0 1.31 859.99 171.89 980.5 245.7 1.52 1.55 3.91 7.04 1.52 16.86 1.7 0.09106635725065992
Car 0.0 1 1.51 764.63 171.43 851.15 241.59 1.62 1.84 4.1 4.99 1.61 18.8 1.76 0.20567081591108927
Car 0.0 0 -1.72 254.51 189.58 316.32 227.55 1.38 1.73 3.97 -13.27 2.09 29.3 -2.14 0.7360998302050292
Car 0.0 1 -2.88 434.62 174.53 528.53 214.63 1.74 1.58 3.9 -5.81 1.84 32.69 -3.05 0.24692269951163015
Car 0.0 0 1.66 34.51 190.99 82.9 224.14 1.58 1.68 3.76 -28.71 2.55 37.61 1.01 0.617138869613415
Car 0.0 0 -1.58 207.91 182.65 233.81 205.78 1.77 1.77 5.1 -31.64 2.58 58.58 -2.08 0.8195835830586339
Car 0.0 0 -2.17 496.65 155.41 792.91 331.66 1.95 1.89 4.61 0.17 1.78 10.4 -2.15 0.828857802366638
Car 0.0 0 -1.93 364.65 194.85 493.13 264.91 1.35 1.64 3.76 -4.31 1.89 16.62 -2.18 0.26538745642032535
Car -1.0 -1 -10.0 962.69 172.94 1133.56 209.44 -1.0 -1.0 -1.0 -1000.0 -1000.0 -1000.0 -10.0 0.7332297781875731
Car -1.0 -1 -10.0 116.85 181.27 176.27 203.19 -1.0 -1.0 -1.0 -1000.0 -1000.0 -1000.0 -10.0 0.34196396851931676
Car -1.0 -1 -10.0 76.23 185.44 104.4 214.65 -1.0 -1.0 -1.0 -1000.0 -1000.0 -1000.0 -10.0 0.32210656086084233
