Car 0.5 0 -1.08 0.0 216.53 325.96 374.0 1.39 1.81 3.46 -4.19 1.89 6.68 -1.63 0.15452863683456575
Car 0.0 0 -1.83 720.76 183.99 895.27 307.23 1.47 1.55 3.37 2.64 1.65 10.51 -1.59 0.6573594475744927
Car 0.0 0 -1.3 328.82 182.05 466.74 273.32 1.72 1.8 4.16 -4.51 1.93 15.86 -1.57 0.7139594529564635
Car 0.0 0 1.73 462.82 183.38 518.25 226.24 1.62 1.66 3.81 -4.89 2.07 29.75 1.57 0.9296248828762799
Cyclist 0.0 0 1.64 563.48 176.49 574.33 202.62 1.85 0.63 2.07 -2.99 2.12 52.31 1.58 0.32745685172462924
Cyclist 0.0 0 1.61 575.45 176.41 585.62 200.95 1.76 0.66 1.83 -2.17 2.03 52.75 1.57 0.4226330843705023
Car 0.0 0 1.68 508.17 183.55 543.53 208.55 1.46 1.67 4.92 -5.31 2.16 45.79 1.57 0.5224573608327153
Car 0.0 1 -1.57 634.85 177.81 655.6 194.87 1.51 1.84 4.1 3.24 1.98 66.63 -1.52 0.533340089787329
Car 0.0 0 -1.69 657.36 175.13 716.11 222.95 1.61 1.67 3.62 2.7 1.71 26.35 -1.59 0.12805949418704266
Car -1.0 -1 -10.0 621.02 173.98 637.73 192.77 -1.0 -1.0 -1.0 -1000.0 -1000.0 -1000.0 -10.0 0.8050633901499725
