Car 0.0 0 -1.57 577.18 177.55 610.38 207.81 1.6 1.76 3.84 -0.8 1.19 40.33 -1.59 0.672068710567983
Car 0.95 0 -0.87 0.0 0.0 303.47 375.0 2.74 2.09 5.96 -4.28 1.63 4.62 -1.59 0.2362519073540581
Car 0.0 1 -1.17 208.34 180.63 344.18 251.48 1.64 1.71 4.12 -8.55 1.53 18.88 -1.59 0.6575747542310679
Car 0.0 0 -1.28 344.12 213.96 431.89 271.2 0.97 1.28 1.28 -4.2 1.56 13.74 -1.57 0.9914363456137442
Car 0.0 1 -1.34 375.84 187.21 482.02 255.56 1.41 1.58 3.99 -4.22 1.49 17.41 -1.57 0.772952558996467
Car 0.0 2 -1.28 334.47 188.68 410.86 226.22 1.22 1.65 3.65 -8.56 1.38 26.38 -1.59 0.8997548154097591
Car 0.0 1 -1.4 460.3 183.72 516.75 222.71 1.42 1.61 3.56 -4.69 1.38 28.49 -1.56 0.917926754272246
Car 0.0 1 -1.45 490.8 182.89 530.92 211.51 1.43 1.64 3.99 -5.17 1.32 38.59 -1.58 0.4993781890914545
Car 0.0 0 -1.51 534.76 171.53 557.97 197.54 2.23 1.88 2.54 -5.39 1.05 63.33 -1.6 0.6828565650882586
Car 0.0 1 -1.23 303.66 171.59 376.14 216.04 1.95 1.83 4.37 -12.58 1.34 34.0 -1.59 0.655577733082924
