Car 0.0 0 -1.59 602.84 177.24 630.32 204.22 1.65 1.67 3.64 0.37 1.95 46.4 -1.58 0.4042846512995958
Cyclist 0.08 0 -2.8 879.96 119.48 1155.64 374.0 1.72 0.47 1.65 2.82 1.4 5.21 -2.33 0.45240992362183285
Pedestrian 0.0 1 2.77 861.92 160.87 912.58 337.6 1.6 0.39 0.4 2.53 1.5 6.75 3.12 0.8151243765976665
Pedestrian 0.0 1 2.33 781.28 170.37 820.28 298.57 1.5 0.4 0.35 2.28 1.47 8.69 2.58 0.8054461443913598
Car 0.76 3 2.31 0.0 211.78 101.53 309.12 1.32 1.6 3.63 -9.67 1.98 10.67 1.58 0.6963003339646532
Car 0.0 1 1.87 373.42 190.2 431.21 222.47 1.33 1.46 3.87 -9.51 2.16 33.2 1.59 0.8133806645669017
Cyclist 0.0 2 -2.89 813.11 140.69 971.49 311.68 1.7 0.48 1.5 2.98 1.39 7.79 -2.54 0.9957822797355589
Car -1.0 -1 -10.0 0.0 171.9 20.88 204.23 -1.0 -1.0 -1.0 -1000.0 -1000.0 -1000.0 -10.0 0.026675459823462533
Car -1.0 -1 -10.0 0.0 309.4 42.75 364.65 -1.0 -1.0 -1.0 -1000.0 -1000.0 -1000.0 -10.0 0.8645536422379864
Car -1.0 -1 -10.0 107.48 189.6 177.31 238.6 -1.0 -1.0 -1.0 -1000.0 -1000.0 -1000.0 -10.0 0.7323686271898309
Car -1.0 -1 -10.0 497.06 175.02 561.68 197.98 -1.0 -1.0 -1.0 -1000.0 -1000.0 -1000.0 -10.0 0.21852772835204615
