Pedestrian 0.0 2 -2.45 681.78 148.04 700.33 204.39 1.76 0.53 0.64 2.86 0.75 22.51 -2.33 0.9386142387447309
Pedestrian 0.0 1 0.85 272.11 136.14 311.75 256.15 1.92 0.66 0.67 -5.26 1.21 11.73 0.44 0.7861492812161044
Pedestrian 0.0 0 1.3 650.99 143.91 717.53 292.49 1.77 0.66 1.0 0.91 1.33 9.0 1.4 0.9339202663196882
Pedestrian 0.0 0 1.17 726.66 131.78 784.47 286.42 1.88 0.62 1.0 1.82 1.29 9.16 1.36 0.7359420709917489
Pedestrian 0.0 0 1.25 608.55 140.2 646.45 249.81 1.81 0.75 0.96 0.42 1.14 12.23 1.29 0.8409050998599112
Pedestrian 0.0 0 1.05 573.06 141.71 613.45 253.32 1.81 0.82 0.89 -0.23 1.18 12.06 1.04 0.4837801042428579
Pedestrian 0.0 2 0.8 662.36 142.36 722.4 242.98 1.79 0.57 0.96 1.58 1.11 13.1 0.92 0.46363637070287766
Pedestrian 0.0 2 1.16 719.46 142.73 749.32 237.48 1.69 0.46 1.07 2.31 1.02 13.2 1.34 0.09738344060664972
Pedestrian 0.5 3 2.57 1190.23 194.07 1223.0 272.94 1.89 0.52 1.08 15.07 2.23 17.29 -3.0 0.5130271808013593
Pedestrian 0.0 1 1.44 467.48 141.18 501.27 252.83 1.8 0.58 0.92 -2.0 1.16 11.93 1.28 0.16652117781522624
Pedestrian 0.0 1 1.24 487.82 148.48 512.26 241.63 1.62 0.52 0.87 -1.83 1.06 12.81 1.1 0.5069176187037444
Pedestrian 0.0 0 1.35 520.97 137.6 553.1 241.06 1.85 0.55 0.95 -1.28 1.08 13.15 1.26 0.7756469678359795
Pedestrian 0.0 1 1.36 563.7 153.16 582.72 239.09 1.56 0.56 0.77 -0.67 1.06 13.29 1.32 0.5617892473666586
Pedestrian 0.0 1 1.27 537.14 143.46 564.77 234.78 1.77 0.64 0.89 -1.02 1.05 14.22 1.21 0.6061846971538399
Pedestrian 0.0 1 1.57 453.35 144.72 475.41 217.12 1.78 0.61 0.88 -3.6 0.9 17.91 1.38 0.30089360299862167
Pedestrian 0.0 2 1.45 523.47 146.8 542.04 212.96 1.67 0.64 0.89 -2.13 0.82 18.39 1.34 0.04177457525542794
Car 0.97 3 -1.26 0.0 0.0 267.52 369.0 2.13 1.99 5.19 -3.17 1.66 3.69 -1.93 0.7637524494851877
Car -1.0 -1 -10.0 322.18 148.01 428.07 195.32 -1.0 -1.0 -1.0 -1000.0 -1000.0 -1000.0 -10.0 0.12180536056302271
Car -1.0 -1 -10.0 836.07 122.32 1222.0 168.6 -1.0 -1.0 -1.0 -1000.0 -1000.0 -1000.0 -10.0 0.829827957756426
