Car 0.0 0 -1.74 664.0 173.77 751.13 242.63 1.76 1.71 4.35 2.65 1.81 20.82 -1.62 0.13290966999065024
Car 0.0 1 -2.68 201.46 182.45 401.06 258.51 1.52 1.58 3.61 -6.58 1.75 15.49 -3.08 0.7776421628502254
Car 0.0 2 0.31 239.09 182.93 446.77 250.13 1.52 1.71 4.49 -6.5 1.79 17.81 -0.03 0.6179545092417378
Car 0.0 2 -2.79 302.22 185.99 459.17 243.0 1.49 1.61 3.87 -6.4 1.89 20.25 -3.1 0.1604875931653823
Car 0.0 2 0.23 372.02 171.43 503.38 225.77 1.95 1.64 4.57 -6.48 1.93 27.31 0.0 0.5262582940614906
Car 0.0 2 -2.88 369.22 179.22 476.68 229.55 1.66 1.58 3.31 -6.49 1.9 25.1 -3.13 0.46512517293864986
Car 0.0 2 -1.65 648.21 181.65 694.21 219.44 1.54 1.67 3.72 2.6 1.94 31.7 -1.57 0.5704738022048975
Pedestrian 0.0 3 2.26 23.19 165.52 54.86 253.59 1.81 0.54 0.41 -11.89 1.66 15.07 1.6 0.8028112843233964
Car 0.0 2 -2.67 143.24 221.46 314.08 317.18 1.13 0.52 1.9 -4.88 1.78 9.18 3.14 0.023303252045821732
Car 0.03 0 -0.99 13.0 217.35 199.54 374.0 1.19 0.55 1.65 -4.53 1.64 6.57 -1.58 0.7274229079909603
Car 0.0 2 -2.92 208.2 199.93 353.61 288.82 1.17 0.51 1.81 -4.68 1.57 10.24 2.94 0.9904876590110016
Car 0.0 2 -2.87 266.4 202.1 379.74 278.32 1.19 0.55 1.66 -4.78 1.69 11.96 3.04 0.13452703931480114
Car 0.6 3 -0.66 0.0 202.41 94.34 363.62 1.43 0.46 1.53 -5.78 1.73 6.76 -1.35 0.6336200229816135
Car 0.34 1 -2.62 833.79 235.88 1151.69 374.0 1.18 0.84 2.06 2.85 1.77 5.71 -2.18 0.10683316900222184
Car -1.0 -1 -10.0 493.94 173.98 591.9 204.23 -1.0 -1.0 -1.0 -1000.0 -1000.0 -1000.0 -10.0 0.7370451530288947
Car -1.0 -1 -10.0 596.02 175.02 662.73 203.19 -1.0 -1.0 -1.0 -1000.0 -1000.0 -1000.0 -10.0 0.06390245156110774
