Pedestrian 0.54 3 -2.19 1072.11 126.04 1237.0 373.0 1.75 0.82 1.14 3.72 1.43 4.56 -1.54 0.48041209483929437
Pedestrian 0.0 0 -1.07 677.95 165.3 744.11 338.31 1.77 0.94 0.93 1.11 1.6 7.99 -0.94 0.4516490137334651
Pedestrian 0.42 0 2.13 0.0 141.92 260.91 373.0 1.82 0.8 0.86 -2.44 1.64 3.77 1.58 0.15659247509762209
Cyclist 0.46 0 1.92 167.31 168.84 413.7 373.0 1.69 0.66 1.75 -1.67 1.64 4.11 1.55 0.03986315089278458
Pedestrian 0.0 0 3.06 943.23 127.46 984.85 275.65 1.97 1.04 0.92 4.95 1.26 10.21 -2.79 0.7104416691303361
Pedestrian 0.0 1 -2.14 959.37 144.32 1018.38 273.38 1.85 0.54 0.55 5.69 1.32 10.64 -1.67 0.9103230588222673
Car 0.0 2 -2.67 283.15 215.42 372.62 344.38 1.25 0.5 0.69 -2.83 1.61 7.36 -3.03 0.6514649093437325
Car 0.0 1 -2.72 394.32 197.27 455.93 265.43 1.21 0.54 0.95 -3.27 1.51 13.21 -2.96 0.1600663275190698
Pedestrian 0.0 0 1.51 494.71 171.79 513.83 235.67 1.77 0.66 0.9 -2.91 1.5 20.46 1.36 0.3146222424125852
Pedestrian 0.0 0 1.54 476.88 175.68 495.57 235.83 1.67 0.73 0.77 -3.48 1.52 20.53 1.37 0.46674587811547685
Pedestrian 0.0 0 -1.55 561.68 171.88 581.63 236.19 1.76 0.76 1.02 -1.02 1.5 20.27 -1.6 0.7449949749413074
Pedestrian 0.0 1 -1.65 577.47 169.72 593.18 219.05 1.89 0.96 0.95 -0.56 1.44 28.11 -1.68 0.872666240168745
Pedestrian 0.0 0 -1.56 596.1 171.02 613.68 232.59 1.68 0.64 0.91 0.14 1.4 20.16 -1.56 0.8416252817994062
Pedestrian 0.0 1 -2.23 498.98 170.6 518.91 231.67 1.81 0.73 0.84 -2.67 1.49 21.82 -2.35 0.61194354293557
Car -1.0 -1 -10.0 518.25 179.75 549.46 201.61 -1.0 -1.0 -1.0 -1000.0 -1000.0 -1000.0 -10.0 0.25452989284317995
Car -1.0 -1 -10.0 616.94 171.44 662.69 221.35 -1.0 -1.0 -1.0 -1000.0 -1000.0 -1000.0 -10.0 0.190669601234558
