Car 0.0 1 1.86 339.51 194.51 432.79 253.3 1.42 1.54 3.5 -6.2 2.07 20.2 1.56 0.8693980558345792
Car 0.0 1 -1.69 666.79 174.33 734.62 224.69 1.51 1.75 3.78 2.87 1.59 23.82 -1.57 0.06741751253136519
Car 0.0 1 1.82 400.11 190.95 471.62 234.73 1.36 1.51 4.02 -6.13 2.04 25.66 1.58 0.9826296706514139
Car 0.0 1 1.75 454.85 179.35 505.65 218.85 1.74 1.65 4.11 -6.09 2.06 34.1 1.57 0.7880260844220627
Car 0.0 2 1.74 477.06 181.4 518.06 211.76 1.61 1.64 4.0 -6.33 2.1 40.79 1.58 0.17901243007035716
Car 0.0 0 0.88 1083.32 129.56 1207.18 183.2 2.3 2.02 4.73 24.64 0.46 33.5 1.51 0.6064437689838761
Car 0.49 3 -0.88 0.0 206.86 67.82 247.8 1.4 1.6 3.97 -23.54 2.81 28.22 -1.57 0.3697881713542216
Car 0.08 3 -0.92 0.0 203.34 125.64 250.73 1.49 1.7 4.51 -20.82 2.73 27.41 -1.56 0.809615852984553
Car -1.0 -1 -10.0 529.78 181.18 548.19 194.74 -1.0 -1.0 -1.0 -1000.0 -1000.0 -1000.0 -10.0 0.4055179393745675
Car -1.0 -1 -10.0 555.0 177.3 586.02 188.91 -1.0 -1.0 -1.0 -1000.0 -1000.0 -1000.0 -10.0 0.42524404084639067
Car -1.0 -1 -10.0 595.76 174.39 608.34 184.06 -1.0 -1.0 -1.0 -1000.0 -1000.0 -1000.0 -10.0 0.35423502005365926
Car -1.0 -1 -10.0 627.78 176.33 646.19 188.91 -1.0 -1.0 -1.0 -1000.0 -1000.0 -1000.0 -10.0 0.8781315995896822
Car -1.0 -1 -10.0 1155.6 115.2 1239.97 176.3 -1.0 -1.0 -1.0 -1000.0 -1000.0 -1000.0 -10.0 0.9126562339907992
Car -1.0 -1 -10.0 749.07 156.92 813.08 174.36 -1.0 -1.0 -1.0 -1000.0 -1000.0 -1000.0 -10.0 0.5249297126299893
