Car 0.68 0 2.26 0.0 189.74 289.01 374.0 1.58 1.68 3.76 -4.56 1.76 6.15 1.64 0.48651455332290117
Car 0.0 1 1.94 199.5 183.07 418.9 310.04 1.61 1.74 4.06 -4.48 1.79 11.37 1.58 0.9223078566640729
Car 0.0 0 -1.69 713.47 169.84 783.98 226.94 1.77 1.77 5.1 4.67 1.71 25.15 -1.5 0.6326809532098646
Car 0.0 2 1.87 353.53 189.65 473.81 262.58 1.39 1.55 3.65 -4.3 1.8 16.19 1.62 0.011561663595865412
Car 0.0 1 1.8 423.08 182.57 511.51 239.43 1.46 1.63 3.92 -4.06 1.76 20.9 1.61 0.9722431066421088
Car 0.0 0 1.73 563.63 176.05 597.53 199.35 1.47 1.66 3.76 -1.93 1.7 47.74 1.69 0.9788983565619299
Car 0.0 0 1.69 614.26 174.24 633.51 188.81 1.45 1.6 3.2 1.44 1.62 74.37 1.71 0.9874464736724059
Car -1.0 -1 -10.0 664.77 168.77 688.77 183.4 -1.0 -1.0 -1.0 -1000.0 -1000.0 -1000.0 -10.0 0.17493203507475497
Car -1.0 -1 -10.0 694.98 173.98 717.94 199.02 -1.0 -1.0 -1.0 -1000.0 -1000.0 -1000.0 -10.0 0.46815480893844386
Car -1.0 -1 -10.0 84.56 173.98 198.14 217.77 -1.0 -1.0 -1.0 -1000.0 -1000.0 -1000.0 -10.0 0.2845107905425964
